cellule ;largeur de bande;charge_CCE;charge_PRB;CQI;débit;NBR_UE;Trafic ;congested 
1;10;13,62811667;5;10,96071511;0,134373486;0,877257423;2,84E-05;0
2;10;67,18707238;90;7,732581998;0,224501342;7,479491531;0,720454574;0
3;10;78,52677682;61;7,693118082;0,226520851;16,63980058;1,617531896;0
4;10;3,518276868;5;9,264000297;0,244048685;0,99669967;6,44E-06;0
5;10;57,79328821;95;8,590487368;0,274155915;7,886607144;0,927138567;0
6;10;4,931690968;5;8,129534596;0,29462406;0,889399353;0,000183582;0
7;10;4,629115827;5;12,2893477;0,305502832;0,96875;1,92E-05;0
8;15;29,91777939;95;12,0202934;0,308930993;68,49748353;9,081031442;0
9;10;38,0979205;6;9,937885706;0,323499501;1,307250288;0,027609229;0
10;10;61,42133145;95;8,023760611;0,325709105;7,210629802;1,007261515;0
11;15;3,882409295;5;8,843699111;0,344827592;1;1,19E-06;0
12;10;54,35678019;95;10,61041128;0,356370896;7,217755545;1,102873564;0
13;10;59,17578179;94,33333333;8,316446303;0,359216928;8,142288134;1,249079227;0
14;10;55,6861479;94,83333333;7,476149812;0,399504989;7,894309819;1,350487828;0
15;10;60,85379084;89,83333333;6,790278682;0,411517143;14,26081998;2,496571779;0
16;10;70,5231415;77,16666667;7,715717974;0,420589209;3,593178901;0,462760806;0
17;10;44,9355376;91;9,816779881;0,422917038;5,026563148;0,866964459;0
18;10;51,75526743;94,5;8,70481289;0,426246434;7,067029312;1,287136078;0
19;10;63,50575238;88,83333333;7,121264543;0,441674799;15,22800898;2,878439188;0
20;10;57,48733142;93,33333333;7,07727512;0,451131612;16,97869578;3,287018061;0
21;10;4,834447163;5;7,695100208;0,457150817;0,990901572;0,000195861;0
22;15;3,853593877;5;12,14371107;0,467289716;1;5,96E-06;0
23;10;52,03169521;94,77777778;9,792400901;0,481866539;7,467817528;1,537135124;0
24;10;59,25304339;93,16666667;7,571542621;0,49212718;15,6929689;3,314055085;0
25;10;65,86229979;87,83333333;8,357692866;0,518274426;4,785203071;1,038783789;0
26;10;7,142473003;5;11,90458388;0,525159717;0,787497973;0,001214862;0
27;10;55,49496705;92,83333333;8,687513771;0,535799503;22,84403253;5,244904399;1
28;10;51,97737968;92,66666667;8,174218574;0,53611815;17,9592693;4,062395215;1
29;10;50,69392182;91,83333333;9,274753544;0,536327481;6,068485304;1,350035787;0
30;10;68,5721642;79,33333333;7,307759993;0,538955986;9,220324755;2,093104959;0
31;10;7,537905388;15;11,70182168;0,54141432;1,00644821;0,080781579;0
32;15;60,12623234;93,83333333;9,116947825;0,54322654;23,08746772;5,382122636;1
33;15;70,2026563;76;7,847741683;0,543918252;17,32600771;4,038771033;1
34;10;57,68674814;94,5;9,471485041;0,566417336;3,147629075;0,760183692;0
35;15;4,292284927;5;13,79528419;0,571428597;1;4,77E-07;0
36;10;64,46944212;91,66666667;8,846047987;0,574801028;4,697841419;1,153441548;0
37;15;52,94627279;93,66666667;7,206074081;0,57564944;19,79919414;4,867495418;1
38;10;50,79179459;88;12,44182907;0,57827431;4,486138871;1,030810595;0
39;10;76,77680623;63,16666667;8,455311089;0,578286588;12,69500718;3,14802444;0
40;10;55,35476954;89;6,413013142;0,583215952;7,524470576;1,366663456;0
41;10;56,62147346;90,66666667;9,201974555;0,585075259;3,876936274;0,930214405;0
42;10;50,0100614;90,5;8,515550279;0,594327867;4,766006231;1,161223054;0
43;10;59,11014903;87;7,300354441;0,59479177;11,03131084;2,77065289;0
44;10;56,77499931;94,33333333;9,990806073;0,597823977;3,640752118;0,928163886;0
45;10;57,7479259;90,66666667;8,371143174;0,609773993;13,72905659;3,558686376;0
46;10;61,10220081;90,83333333;7,474477135;0,613355458;11,93858722;3,131189346;0
47;10;4,520102158;5;14,9227855;0,613436997;0,997884344;9,86E-05;0
48;10;59,05643613;95;11,96196158;0,617058575;6,61795782;1,752141833;0
49;10;35,11502031;53,83333333;8,329460833;0,617814004;12,49305388;2,037477136;0
50;10;48,92488502;85,33333333;7,736803233;0,625326216;3,841002585;0,952230692;0
51;10;48,49990805;95;10,56156248;0,633027136;5,974722518;1,621041894;0
52;10;43,69101649;88,83333333;8,776145377;0,634348392;4,572036159;1,166439772;0
53;10;74,10895576;82,33333333;7,786672197;0,634652853;12,69777824;3,454108953;0
54;10;61,67680699;91,66666667;9,611617427;0,639698803;4,483839254;1,212437153;0
55;10;65,81303554;81,33333333;7,826308632;0,65686667;4,946530428;1,373543859;0
56;15;65,28979845;74,5;6,237442569;0,667673409;8,178959048;2,284049869;0
57;10;6,175092114;5,5;7,786175485;0,671232879;1;5,84E-05;0
58;10;54,98489742;93;6,930717526;0,678687036;10,51680956;3,024745703;0
59;10;55,54206983;91;10,71284129;0,68226409;4,132621895;1,157931328;0
60;10;30,78785483;68,55555556;9,586949874;0,686728776;2,444583612;0,38602674;0
61;10;40,97482409;87,5;7,212093148;0,6938591;2,823693467;0,76241684;0
62;10;66,24610784;82,5;6,710826209;0,70212698;6,879477578;2,025886416;0
63;10;25,27148437;55,33333333;14,48416406;0,703426778;1,057105388;0,163306117;0
64;10;3,517778236;5;5,236651915;0,707692325;0,984848485;1,10E-05;0
65;10;41,3550241;81,33333333;9,178601607;0,716681778;3,044253499;0,824128866;0
66;10;37,07167072;31,66666667;7,123781829;0,723269641;6,092761268;0,82854104;0
67;10;61,88107748;89;8,481750846;0,727927744;11,41507138;3,54641366;0
68;15;53,93462017;95;9,180660839;0,729396582;25,05246829;7,840719461;1
69;10;56,13992864;94,33333333;6,728827334;0,729594529;8,044540485;2,511760831;0
70;15;3,185868911;5;10,42595256;0,732142866;1;1,47E-05;0
71;15;4,386625992;6,333333333;10,91371525;0,732551098;1,000254745;0,000576854;0
72;10;68,56384512;77,5;7,636535452;0,733938694;8,804024993;2,727367163;0
73;10;5,698629456;5,166666667;13,96437244;0,734501123;0,974441466;0,000954747;0
74;15;55,06219686;93,16666667;8,434941423;0,735068917;19,29960092;6,078140259;1
75;10;4,572333954;5;7,5476072;0,748538017;1;1,53E-05;0
76;10;5,334936593;5,833333333;10,20808887;0,748683333;0,963123142;0,004829764;0
77;15;3,38104456;5,166666667;6,666508112;0,749521375;0,996779388;0,000107765;0
78;15;3,329237036;5,333333333;9,567953359;0,750211179;0,930555556;1,32E-05;0
79;10;56,67872273;93,66666667;8,102890484;0,751104355;13,95761545;4,490285754;1
80;10;54,56188097;88,33333333;9,939916567;0,753240347;3,445307758;1,043823481;0
81;15;61,54563511;86,16666667;7,586275634;0,753350377;15,46904056;4,971143961;1
82;10;41,64331541;87,33333333;8,020074062;0,754937232;12,36147776;3,699270129;0
83;10;51,49962638;88;10,50967136;0,755879521;2,941946967;0,890784621;0
84;10;57,21533062;90,33333333;11,25803954;0,762201786;3,133428736;0,982825279;0
85;10;47,84036349;89,66666667;6,432153294;0,763434112;6,334851236;1,955929995;0
86;10;65,78963765;83;7,723998373;0,766463578;7,936806549;2,553091168;0
87;10;57,68369174;78,83333333;9,349016342;0,767113864;3,479432185;1,016950965;0
88;10;55,13434168;92,83333333;8,595116902;0,77086097;12,84459985;4,217672229;1
89;10;61,197809;90;9,7671805;0,772505581;5,276412886;1,706062913;0
90;10;61,22042141;86,83333333;9,099039562;0,772926986;2,770837939;0,866218448;0
91;10;47,27975387;89,66666667;9,266379102;0,776094973;15,51231284;4,914040208;0
92;10;56,55610947;80,5;9,111706996;0,776495397;3,962781342;1,175304532;0
93;10;53,21911821;78,16666667;8,862572002;0,778758466;2,611090279;0,744705915;0
94;10;71,31302449;65;7,916493877;0,784158409;7,198982892;2,195965052;0
95;10;51,73550589;95;7,908240838;0,784665227;6,68088572;2,248637795;0
96;15;62,58203418;83;7,934299822;0,785535932;13,51934551;4,524052858;1
97;10;40,58777405;6,666666667;14,09350457;0,788647592;1,182001708;0,079928994;0
98;10;49,46005661;69,5;9,025136736;0,790600002;8,292161713;2,3264184;0
99;10;49,96408149;91,16666667;12,83124768;0,790791929;3,123495273;1,005645037;0
100;10;50,64225609;92,33333333;8,940493026;0,793544769;15,34205172;5,134129763;1
101;10;65,85334154;84,16666667;8,514334398;0,794530451;11,22333538;3,826528192;0
102;15;53,1965875;92,33333333;7,725740195;0,795459926;12,01251326;4,083581805;1
103;15;58,45091919;92,5;9,976914773;0,798834085;20,96527089;7,186972976;1
104;10;49,79987814;94,83333333;7,544321059;0,806291521;8,533464635;2,93642056;0
105;10;58,72913519;90,33333333;7,924991282;0,808758855;8,721651023;2,99238956;0
106;15;59,24910155;90,66666667;8,196941207;0,817383528;16,26916635;5,706605315;1
107;10;49,07043825;66,16666667;8,983303844;0,818930268;2,237810857;0,554537654;0
108;15;65,82120845;92,66666667;8,731211498;0,819844067;19,8942223;6,998041153;1
109;10;39,30199344;57,33333333;6,225391834;0,82171607;7,034245707;1,636799574;0
110;10;38,70542544;83,83333333;10,32803526;0,821744323;2,759767495;0,857321858;0
111;10;48,74439462;91;6,703892276;0,821780682;5,81367459;1,963049173;0
112;10;41,78983722;63,33333333;9,819121016;0,824668288;2,294469353;0,545105934;0
113;10;37,90473328;83,16666667;7,325322557;0,825687587;5,497236058;1,669899583;0
114;10;44,59458367;93,83333333;7,074347341;0,832218468;7,661134834;2,699265838;0
115;15;54,78537733;91,83333333;8,085903285;0,835619867;17,13970644;6,103129864;1
116;10;50,4744859;94,55555556;7,077195022;0,838533998;5,937687041;1,594285369;0
117;10;55,38989091;93;8,322624319;0,844627559;10,13870025;3,672440767;0
118;15;48,33406576;93,33333333;9,317853398;0,844751835;9,464332499;3,38770771;0
119;15;60,25688486;88,16666667;8,240575279;0,845261633;13,82367172;5,005561709;1
120;15;3,176082254;5;12,25742463;0,850467265;1;1,08E-05;0
121;10;59,29487247;88,16666667;8,768961834;0,851876318;3,445410988;1,199219108;0
122;15;63,5744685;79,66666667;8,299483339;0,859664857;13,77992014;5,043834567;1
123;15;51,37658938;89,33333333;7,836084278;0,860217571;12,25490862;4,375719905;1
124;10;51,42751316;88,83333333;10,02947069;0,86047703;4,763235884;1,687081695;0
125;10;4,563261111;5;12,63825919;0,862704635;0,738255034;5,19E-05;0
126;10;62,59785147;29,5;12,67809135;0,870316744;2,785535336;0,844056129;0
127;10;44,25495176;94,66666667;6,470489163;0,872974455;6,41648102;2,386502385;0
128;10;59,67891187;90;9,01063368;0,881254315;12,92181051;4,866991639;1
129;10;60,07520818;82,5;6,925288334;0,881798804;5,700520497;2,044995546;0
130;10;46,92555871;88,33333333;6,731993672;0,881885409;5,533295004;1,925388932;0
131;10;51,61246376;94,66666667;8,737160475;0,8829422;15,10322105;5,719030619;1
132;10;50,16424186;93,83333333;5,747486575;0,889918566;4,815708861;1,79068172;0
133;10;20,17924942;35,33333333;11,31742682;0,890183508;1,7363554;0,256859183;0
134;15;58,2343933;90,66666667;10,41498605;0,893312454;29,44283977;11,2866869;1
135;10;9,049867093;7;10,57111695;0,893894136;1,000451718;0,003068089;0
136;10;50,00893982;80,83333333;7,612392288;0,897052944;5,647956561;1,942105293;0
137;10;50,16045985;90;7,133576486;0,897244275;6,818271466;2,533671975;0
138;10;51,52793774;80,83333333;7,097374041;0,897738218;6,8893819;2,414552569;0
139;10;38,31378688;92,5;9,22413171;0,898553491;3,623187523;1,356363177;0
140;10;59,72034097;79,5;6,936394332;0,89872849;2,477806833;0,861583114;0
141;10;50,29227437;92;6,52452537;0,899164915;5,555006026;2,088214397;0
142;10;55,12871108;93,33333333;8,563895152;0,900975883;12,88920092;4,977429986;1
143;10;66,36897394;82,5;8,364399579;0,901035249;9,37655119;3,623208165;0
144;10;65,57874609;81,16666667;8,154015489;0,903562605;3,015436187;1,106429696;0
145;10;30,34824438;61,83333333;7,971018593;0,907961547;1,919669322;0,500866652;0
146;15;54,69614207;92,16666667;7,750798989;0,910870314;11,57468616;4,483896136;1
147;15;56,91518257;94;7,841045676;0,911846161;15,33598279;5,996875167;1
148;10;41,41981538;88,16666667;5,761987613;0,913226485;4,173945713;1,484609723;0
149;10;55,20619669;92,77777778;8,529970608;0,913651526;9,986717695;3,753015637;0
150;10;4,674339262;5;11,88556933;0,913786948;0,998413957;0,000133991;0
151;10;57,97736413;92,66666667;7,249799296;0,914787889;5,978770887;2,307436347;0
152;15;59,35424291;89,16666667;10,05116396;0,915272176;23,39589836;9,181440473;1
153;10;52,96735465;77,33333333;10,10632458;0,920375824;2,367104576;0,805571079;0
154;15;55,44117353;92;8,565064009;0,922868133;16,21221586;6,392775536;1
155;10;25,76229792;29,66666667;8,165039696;0,925345778;7,035886599;1,076494813;0
156;10;3,528169409;5;6,588999014;0,92592591;0,96;3,81E-06;0
157;10;57,2340443;81,16666667;7,554398976;0,927128971;6,274565647;2,303709865;0
158;10;64,8410918;68,5;7,232221554;0,928156435;5,587142555;2,052746177;0
159;10;68,49910691;73,83333333;8,498920011;0,929007769;7,745748265;2,979113102;0
160;10;43,10988469;76,66666667;5,784437382;0,934165895;3,924754847;1,298252702;0
161;10;48,88102242;94,33333333;6,861790641;0,935216129;4,63902993;1,855369449;0
162;10;58,51057466;75,5;6,876699387;0,941782117;5,935637786;2,157107115;0
163;15;51,92295673;94,83333333;8,8585758;0,94389832;17,45533025;7,07053268;1
164;15;3,346360967;5,166666667;6,858869229;0,949790776;0,991701245;2,71E-05;0
165;15;60,16761661;87;8,055778841;0,952615499;12,95491774;5,282724738;1
166;15;56,89893768;90,83333333;8,512786137;0,954907954;14,17186341;5,769911766;1
167;15;52,56855297;94,66666667;7,915658778;0,956629097;15,05844601;6,179676294;1
168;10;57,5045974;92,66666667;6,665648961;0,956744611;5,903249123;2,42372489;0
169;10;47,86932888;65,33333333;10,00190278;0,964991689;2,008028289;0,597522497;0
170;15;56,74769722;88,66666667;9,306814117;0,969512463;14,88641925;6,14978683;1
171;15;51,38463578;93,16666667;7,013280517;0,97044003;9,463823678;3,889481902;0
172;10;57,66123651;92;9,739961313;0,973863423;2,768246532;1,127934575;0
173;15;4,226371996;5,333333333;8,8506483;0,975450099;1;0,000213146;0
174;10;42,85903299;83,66666667;8,847250485;0,976318836;13,20429062;4,895269275;0
175;15;50,37208102;95;7,501107875;0,978821635;14,8230442;6,222934008;1
176;10;48,15631366;94,66666667;8,42426565;0,979328752;12,52355789;5,251116157;0
177;15;55,56523179;92,66666667;9,420879397;0,980130732;18,81256419;7,907798052;1
178;10;56,02275249;92,5;7,909594859;0,982860208;8,260656372;3,472207427;0
179;10;38,33048233;94,33333333;8,7666843;0,984375;13,28583415;5,566794753;0
180;10;46,86173384;43;7,142940002;0,990058482;3,329726283;0,849228978;0
181;10;57,88478045;78,66666667;8,265139455;0,990597427;2,844856665;1,080387115;0
182;15;59,60105898;83,83333333;8,629439742;0,991013467;12,15074652;5,050801277;1
183;10;44,08231874;87;8,899430088;0,991734028;3,220541388;1,261774778;0
184;10;53,45878759;93,83333333;8,496091417;0,992254317;10,1640089;4,315781474;1
185;15;57,0882669;87;7,814742582;0,992780864;11,56670236;4,85248065;1
186;10;50,12320923;89;8,299405347;0,999746382;8,290537179;3,394054651;0
187;10;4,583124184;5;10,13794343;1;1;3,22E-06;0
188;10;72,37661024;48,66666667;8,906282836;1,003055096;5,910179662;2,417691112;0
189;10;56,60863477;89,66666667;9,59471936;1,003628254;10,6684925;4,545409441;1
190;10;67,48344934;66,5;7,524311617;1,004724622;5,503581931;2,20420289;0
191;10;4,920496246;5,166666667;8,184167746;1,005671024;1;6,34E-05;0
192;15;46,45187211;94,16666667;8,94982417;1,011718512;18,73921357;8,082514048;0
193;15;56,42809959;94,83333333;8,953374966;1,015537977;17,78144828;7,74775517;1
194;10;58,26065417;89,5;7,694622011;1,017242789;5,093032854;2,208653927;0
195;15;56,91459799;92;9,410718905;1,017358661;18,13783844;7,918708324;1
196;10;54,70480858;92,5;8,450569733;1,017877221;8,852880887;3,831314445;0
197;15;51,82539774;95;9,999957631;1,021321177;26,03887742;11,4074086;1
198;15;60,63860233;86,66666667;9,056574292;1,022775888;12,32706803;5,394673824;1
199;10;56,38784705;87,66666667;8,965467427;1,023941278;9,095593609;3,930262327;0
200;15;49,53269742;93,5;8,445143539;1,02649188;14,19618046;6,165262222;0
201;15;51,67873937;94,83333333;9,169681575;1,031723499;19,15653524;8,48140049;1
202;10;56,99928998;77,83333333;8,853425497;1,031908274;7,95596118;3,218931198;0
203;15;52,18786825;86;10,27514673;1,032019615;20,84361059;8,926298499;1
204;15;49,49348042;91,16666667;8,624051994;1,033804417;14,31303708;6,107091784;0
205;10;52,62470006;93,16666667;7,57416949;1,033970118;7,982234063;3,512654781;0
206;15;48,37177147;91;8,174161268;1,034922719;13,50400804;5,842444181;0
207;10;56,06568836;91,5;7,620481048;1,04010725;7,08606284;3,095838904;0
208;15;45,71197463;93,16666667;10,12182075;1,041389704;23,93016152;10,59362602;0
209;10;46,14171724;95;7,034934348;1,043596268;8,072262354;3,595596194;0
210;10;35,27622758;56,5;12,96888748;1,046221852;2,106949092;0,553507924;0
211;10;48,37975826;95;8,628430331;1,046869993;10,26753579;4,611825943;0
212;10;48,60383439;95;8,319743115;1,054895401;11,3120861;5,105938792;0
213;10;71,98181674;71,66666667;6,92651175;1,055279493;4,942349075;2,071336627;0
214;10;35,14901525;30,16666667;7,99664298;1,055711389;7,312558526;1,485959053;0
215;10;25,28603636;85,16666667;9,976399087;1,058700323;1,378868042;0,550704002;0
216;10;44,97507979;84,33333333;9,227103417;1,05876863;3,188500388;1,322899818;0
217;15;42,2612316;91,33333333;7,507800121;1,06081295;7,336029004;3,192645073;0
218;10;52,12784893;72,83333333;7,307911857;1,062666893;1,946291048;0,71517694;0
219;10;47,67525923;92,16666667;7,602082194;1,063505769;6,460652853;2,862783194;0
220;10;11,1730393;7,333333333;9,851780486;1,066864133;7,035925773;0,248579264;0
221;10;48,47999196;90,33333333;8,749024099;1,068615437;11,45552082;5,07636559;0
222;10;4,740372326;6;11,03583506;1,078073144;1;7,74E-05;0
223;10;59,24809027;84,83333333;8,599678341;1,078500628;9,053257106;4,116674185;1
224;15;44,84744866;93,5;10,00300637;1,080018878;24,38245099;11,16948509;0
225;10;25,99300468;51,66666667;10,0180287;1,080966592;2,083955201;0,533309698;0
226;10;63,10082536;85,16666667;6,844722169;1,081391573;5,27500869;2,310331583;0
227;10;44,49763354;74,16666667;7,228073863;1,081775546;6,461962032;2,574074745;0
228;10;58,41509643;84,5;8,404043537;1,083630562;10,14521504;4,494133234;1
229;10;37,38226338;56,66666667;7,765065507;1,084331751;2,807478917;0,753711939;0
230;15;53,08583193;94,66666667;6,64404758;1,087127328;11,90514497;5,547023177;1
231;10;26,82848757;93,83333333;7,472976339;1,088690162;8,214739009;3,774539351;0
232;10;52,283675;89,33333333;7,789254628;1,090529323;6,15625391;2,759110808;0
233;10;52,09633284;90,83333333;7,974954685;1,090752125;7,507135044;3,42692101;0
234;10;55,79298977;76,83333333;10,55032067;1,091935515;3,126146723;1,259444952;0
235;10;44,89599766;71,5;9,216483118;1,093179345;2,413106454;0,862353563;0
236;15;52,60623067;93;8,234142462;1,09670949;12,71857953;5,948341846;1
237;10;47,9359365;94,66666667;8,927498476;1,096932054;9,084199461;4,254760861;0
238;10;47,11181517;72;8,355071309;1,097191334;2,539921076;0,929484725;0
239;10;51,51879916;63,83333333;9,701922705;1,099012613;2,030296797;0,72419548;0
240;10;63,88785599;83,33333333;7,853077741;1,100173831;7,784667169;3,63287735;0
241;10;60,55410828;88,33333333;9,371893293;1,100751042;11,83450498;5,576711059;1
242;10;41,80070199;78,16666667;12,45917913;1,105551243;1,803887494;0,694691062;0
243;10;52,92365986;93;8,980958742;1,106478453;10,25651775;4,835071683;1
244;10;56,93689056;92,16666667;9,3768838;1,107546926;12,9599116;6,13240397;1
245;10;49,47903755;84,33333333;7,47479795;1,109359145;4,659121346;2,02342236;0
246;10;12,63190988;6,666666667;9,202662939;1,111308217;3,264999141;0,151052117;0
247;10;38,79760232;90,33333333;6,655350369;1,111433268;5,402937883;2,399443388;0
248;10;51,34000447;90,16666667;8,209693858;1,112532139;8,618356217;3,99838078;0
249;10;45,22892771;68;6,8876287;1,113045096;1,838845327;0,587409854;0
250;10;58,8618314;81,66666667;8,090529425;1,115938306;6,991846002;3,186089754;0
251;10;53,98499478;81,83333333;7,555449245;1,118878245;2,439469509;1,046404958;0
252;10;40,25904034;79;9,488022492;1,122599483;3,101292594;1,266924381;0
253;15;58,21084374;94,83333333;8,44539568;1,124631166;16,04659395;7,74350667;1
254;10;3,551470868;5;5,966703881;1,125;1;1,07E-06;0
255;10;57,27336113;78,5;7,838191355;1,126520276;6,87406473;3,039281011;0
256;10;62,96248293;86,66666667;8,497217667;1,126755714;10,81566019;5,229173183;1
257;15;51,12699715;95;9,025941391;1,127971768;16,26900647;7,87235868;1
258;10;63,89772087;77;7,106976339;1,128102064;5,064230734;2,180540442;0
259;15;50,42397571;94,33333333;7,807497428;1,128725767;12,21961771;5,893515825;1
260;15;60,54763107;83,33333333;8,305881801;1,129421949;11,76353946;5,663212657;1
261;10;48,30275978;90;7,172953816;1,12975812;4,973580469;2,321527719;0
262;10;49,58601105;91,5;8,444719818;1,130955219;8,55628444;4,055428386;0
263;10;52,91058611;70,16666667;9,361339061;1,131866217;2,277167737;0,864120364;0
264;15;48,10427345;93,83333333;8,184160704;1,134788871;9,419481412;4,538683176;0
265;15;55,16355936;92,66666667;8,984721157;1,135908604;14,34775276;6,977306962;1
266;10;4,860086111;5;8,179764804;1,136363626;0,733333333;2,98E-06;0
267;15;5,868002709;8;14,16282921;1,136835337;1,01345393;0,149891615;0
268;10;44,07806389;86;12,10374179;1,138476729;1,733969703;0,749361992;0
269;10;38,95893289;57,66666667;11,59924353;1,140382409;1,892917063;0,567499399;0
270;10;51,9912195;49,33333333;7,644907053;1,143252254;2,192792192;0,748506904;0
271;10;61,88671744;84,33333333;7,912046116;1,144789457;7,0271871;3,371309757;0
272;10;40,75058939;68,66666667;8,606596275;1,14503324;1,762406;0,621891856;0
273;10;55,241451;87;7,239729696;1,145762801;3,075108147;1,047652006;0
274;15;53,71923505;93,16666667;7,54262628;1,15387857;11,45075741;5,642361403;1
275;15;46,2661044;92,33333333;8,872018597;1,155305028;13,55980741;6,577604771;0
276;15;57,8050779;91,33333333;9,38345128;1,156686544;16,97682182;8,426877737;1
277;10;47,41566023;83,5;10,7863185;1,158633113;2,667919096;1,163354874;0
278;15;3,888297123;5;13,61490348;1,164383531;1;1,01E-05;0
279;10;49,10138222;88;7,32424792;1,164659858;5,57720547;2,643631577;0
280;10;47,13799608;57;7,540311531;1,169089198;5,917228093;1,990072966;0
281;10;26,28218501;76,5;9,120200408;1,175946116;1,721675751;0,716411471;0
282;10;15,99198633;13,83333333;10,15829591;1,178025126;1,063010604;0,166407585;0
283;10;23,98508123;41,16666667;11,47423991;1,179018736;1,383591145;0,293832541;0
284;10;51,31069288;79,83333333;7,603547013;1,179783821;5,489982837;2,496334672;0
285;15;58,23660162;94,33333333;8,479957618;1,180000663;12,75515642;6,453535318;1
286;15;54,47689419;93,16666667;9,235179468;1,180215597;15,63611184;7,915604472;1
287;10;4,551102026;5;6,970867683;1,181818128;1;4,65E-06;0
288;10;4,5267125;5;12,12851159;1,1875;1;1,13E-05;0
289;15;42,31740008;88,33333333;8,618279368;1,188203216;12,50271877;5,965641856;0
290;10;39,33499343;71,66666667;8,962791469;1,188432336;2,269655169;0,861682892;0
291;15;67,8580797;68,33333333;7,267253058;1,189448714;6,431196668;3,127522469;0
292;10;46,17489072;90,33333333;7,966402212;1,191173434;7,072723075;3,445144296;0
293;15;60,95718313;84,66666667;9,990944345;1,19454205;17,43384144;8,872292638;1
294;10;41,00297954;68;10,44566735;1,19570446;2,15933404;0,793256879;0
295;15;59,73794431;80,83333333;9,546277474;1,19719553;11,38527953;5,762057543;1
296;10;37,9981519;80,5;8,393114371;1,205198407;3,37558828;1,411875129;0
297;10;46,36040725;87,83333333;7,398155035;1,206990838;5,044765679;2,439571857;0
298;10;52,22852909;85,33333333;8,687922907;1,210770011;7,281256862;3,594124794;0
299;10;61,16893257;67,22222222;12,46304494;1,216355205;8,688821825;4,202700377;0
300;10;35,77248194;65;11,20175041;1,219704628;1,436568735;0,509175539;0
301;15;51,2036538;89,33333333;7,513152874;1,222421646;9,61662454;4,976048946;1
302;15;52,09915619;94,33333333;9,410331439;1,224225283;17,16339498;8,994150758;1
303;10;58,78401166;84;8,057926737;1,228235602;5,989058466;2,992985249;0
304;10;39,07593786;80,5;6,989312407;1,229747534;3,501797244;1,500578761;0
305;10;45,58227639;67,66666667;9,054730784;1,231338501;1,908210858;0,732067347;0
306;10;60,5155387;76,33333333;6,993792469;1,232938766;4,316882892;2,012095213;0
307;15;54,02806456;93;8,738553732;1,235024333;13,04463798;6,876305223;1
308;10;40,13415556;82,66666667;7,311528489;1,235148191;4,340565744;1,972715378;0
309;15;48,43119254;94,66666667;9,080933322;1,235765696;16,59423506;8,775627971;0
310;15;45,88481591;91,33333333;7,059480412;1,236388326;6,909441849;3,566636205;0
311;10;10,71526729;21,16666667;10,90390838;1,237003088;1;0,000482202;0
312;10;46,25018056;57,33333333;7,328020113;1,244787216;2,192857735;0,780736327;0
313;10;41,8311662;91,66666667;8,689398954;1,24588263;8,231716819;3,229959965;0
314;10;58,91944582;91,33333333;7,822996791;1,24813509;8,419052629;4,462580085;1
315;10;23,0740938;18,83333333;11,18392056;1,249129057;1,08768568;0,248664975;0
316;10;55,8202365;81,83333333;8,098782228;1,249729872;6,432869487;3,202654839;0
317;10;9,851802427;7;6,794068328;1,257804036;0,998601442;0,019271135;0
318;15;3,905590171;5;12,71909481;1,259835482;0,998903509;6,21E-05;0
319;10;33,91228407;7,166666667;14,10003527;1,261852741;1,148279448;0,116936445;0
320;15;54,65140276;92,33333333;9,380473624;1,262115002;12,31491599;6,658986807;1
321;10;71,47212493;59,33333333;8,688240105;1,265446901;4,506542953;2,179083943;0
322;10;63,24964971;53,5;9,184192663;1,265613317;2,616329945;1,138015032;0
323;15;55,75970462;88,66666667;7,95926143;1,269361258;9,322158539;5,03016746;1
324;10;67,76558713;45,66666667;7,474569213;1,269946098;3,493315661;1,482669353;0
325;10;52,54451402;83,66666667;8,539572003;1,271805763;7,922586298;4,025225282;1
326;10;38,29485049;85,5;9,242606432;1,272514462;3,970610185;1,963641405;0
327;10;35,06304127;75,83333333;6,402494995;1,274751782;4,251811861;1,841587067;0
328;15;55,6216466;92,5;8,580512743;1,277164817;14,43079998;7,88877821;1
329;10;47,16182103;93,83333333;6,852408919;1,279572845;5,689837685;3,072113514;0
330;10;26,40608315;43,66666667;7,636741306;1,283915758;3,475923048;0,81961;0
331;5;46,45645021;89,5;11,07410988;1,284741044;6,972502461;3,671981215;0
332;10;6,542769775;6,833333333;7,913513271;1,28539288;1,805748122;0,028737664;0
333;15;59,97366952;87;9,879630892;1,286691904;13,60946279;7,509111285;1
334;10;15,31738071;13,5;6,899694547;1,288745642;1,027883038;0,168561339;0
335;15;50,38893275;94;9,735559717;1,289306641;11,86703426;6,522784114;1
336;15;65,40711832;69,66666667;9,369018969;1,291735888;10,38012606;5,70336163;0
337;10;44,1880808;94,83333333;13,10189643;1,291754842;1,417383776;0,774706125;0
338;10;55,52782364;88,33333333;8,380084156;1,292685747;7,365494624;3,987352252;0
339;10;51,31510009;71;9,245694343;1,292951822;2,422462904;1,081418276;0
340;10;46,7439584;91,83333333;6,839194191;1,293488145;4,563446005;2,469739676;0
341;10;53,44782494;94,5;8,481478977;1,296388745;8,767587296;4,867346287;1
342;15;47,61461715;83,83333333;11,78455328;1,296449423;6,675893145;3,569157243;0
343;10;66,28608368;66,66666667;9,271764623;1,297101498;6,442578628;3,451307178;0
344;10;41,64850613;94,83333333;7,076161573;1,298665524;5,033531943;2,794492841;0
345;15;47,32245097;93,83333333;9,01456717;1,29902792;12,69240733;6,992022872;0
346;15;60,26031443;83,16666667;9,309815486;1,300747633;12,26286574;6,807558417;1
347;10;58,9290647;53,83333333;7,917758833;1,3015517;2,498962829;1,018889546;0
348;15;54,23172778;91,33333333;7,562351737;1,301745057;6,940720323;3,865996718;0
349;15;57,90575222;79,5;8,472624865;1,30230546;7,767274019;4,226614475;1
350;10;51,56858308;90,11111111;8,718161164;1,302570105;7,335052693;2,959048629;0
351;10;43,71186923;89,5;7,151297781;1,307297587;5,275749426;2,780422807;0
352;10;33,81242327;53,33333333;7,613572787;1,310831428;1,675309918;0,54069674;0
353;15;41,95733877;86,33333333;8,591781979;1,312073588;10,43418903;5,435673833;0
354;10;46,78958861;73;7,722658577;1,312710285;2,257578243;1,01233232;0
355;10;53,27859286;94,83333333;7,890270852;1,314114809;9,079360304;5,119595528;1
356;15;54,79552873;90,33333333;7,810684468;1,314722896;9,313469208;5,190122724;1
357;10;4,614267285;5;11,93803743;1,316872478;1;0,000152588;0
358;10;45,45020165;67,66666667;10,69508444;1,317276597;2,460425765;1,048642635;0
359;15;47,31987182;90,33333333;7,587276991;1,317822576;7,227835547;3,980733275;0
360;10;55,13630684;92,66666667;8,741397763;1,319864988;7,837821517;4,404970884;1
361;10;36,07196688;89,33333333;7,035700597;1,320661187;3,58105537;1,816713691;0
362;10;51,07656164;87,83333333;7,664865177;1,320942998;5,666004094;3,056325316;0
363;15;54,1961747;90,5;9,399416601;1,322591305;6,236281134;3,494711876;0
364;10;67,93493425;65,5;7,93972793;1,322824836;4,232628607;2,089743733;0
365;10;4,523547644;5;12,30822847;1,323529363;1;5,36E-06;0
366;10;49,28159895;90,83333333;8,372704346;1,328352094;7,602272289;4,180779457;0
367;10;53,88729448;86,66666667;9,940977128;1,333830357;2,121886972;1,137382388;0
368;15;3,966871674;5;10,77503195;1,334292531;0,999520614;0,00033164;0
369;15;61,2483267;85,83333333;9,400918545;1,334768534;14,73881535;8,423303246;1
370;10;48,8838264;92;7,347896697;1,336228251;5,014861278;2,809330106;0
371;10;46,7446912;93;7,690333248;1,341019511;7,461112995;4,200766563;0
372;15;25,32094717;92,16666667;8,951289477;1,342964053;17,24668728;9,684821248;0
373;15;58,29532285;92,5;9,384272479;1,344043374;15,25995799;8,798450708;1
374;10;20,44351804;47,83333333;8,353883406;1,3442384;1,676084977;0,494139433;0
375;10;31,81376901;54;8,687549413;1,345690131;1,809220507;0,58772397;0
376;15;57,49131789;86;8,492144263;1,34802711;10,93677432;6,255114198;1
377;10;28,2643178;60,83333333;12,52059992;1,349439859;0,951421439;0,334923506;0
378;15;55,88357727;87,83333333;9,065429868;1,349498868;13,04254859;7,46423614;1
379;15;50,41391691;94,16666667;8,959615016;1,353441238;12,04374647;6,956759572;1
380;10;67,19270095;66,66666667;8,820607636;1,353918552;6,418255504;3,526607752;0
381;10;52,57008853;72,5;6,845546195;1,35642314;4,694150068;2,17399466;0
382;10;53,39320969;64,33333333;7,262255283;1,359385729;4,559165016;2,023288608;0
383;10;45,35164328;94,33333333;8,400522073;1,359627008;8,457855816;4,870525718;0
384;15;57,288363;86;9,525060151;1,359814405;12,362232;7,19166553;1
385;15;59,89673713;87,33333333;10,2919123;1,361874461;16,39405143;9,5804528;1
386;10;58,39228322;83,33333333;8,758451309;1,364275932;5,760519826;3,223509789;0
387;10;6,882617727;11,33333333;7,948479382;1,366906404;0,857664768;0,034351707;0
388;10;4,7019375;5;10,6324373;1,370000005;0,930232558;6,53E-05;0
389;10;4,575436163;5;13,31209781;1,371212125;1;4,32E-05;0
390;10;19,9189435;40,33333333;5,671084245;1,371397018;0,901401043;0,292794108;0
391;15;49,84571831;91;7,51888448;1,374134302;8,650805017;4,998679996;0
392;10;51,4439162;82,83333333;8,703266244;1,375947356;2,044465785;1,081139326;0
393;10;32,81069153;80,83333333;9,473443297;1,376293182;2,325935253;1,173803926;0
394;10;47,87731187;74,66666667;8,748806439;1,378068089;2,701424505;1,273282886;0
395;10;51,32841507;90,33333333;8,132013209;1,37937212;7,788336669;4,486215234;1
396;10;47,1319382;87,66666667;8,187579905;1,381899357;4,161860497;2,29644382;0
397;10;47,13412856;91,16666667;7,618680383;1,383384347;5,299978868;3,048306346;0
398;10;53,13746421;59,83333333;6,984270688;1,385367393;2,572095374;1,082417011;0
399;10;29,07523388;51,5;11,22158951;1,385493636;1,64668419;0,51953733;0
400;15;50,84061082;93,16666667;7,57191929;1,390443921;10,26738561;6,078068733;1
401;10;61,53019928;81,16666667;8,961862824;1,391702533;5,934327924;3,47860229;0
402;10;59,91433162;73,33333333;7,367067469;1,392814398;4,245909402;2,307681799;0
403;10;44,73129573;85,83333333;8,50633313;1,397648215;5,231876515;2,885593772;0
404;10;51,96496584;90,33333333;9,390590966;1,397771358;8,396831192;4,9240942;1
405;15;48,85030267;92,33333333;7,769284515;1,398621917;8,582892962;5,075000882;0
406;10;20,31010428;41,5;7,8381686;1,398775816;1,058906323;0,264322281;0
407;10;51,63198621;93,33333333;9,956760846;1,400069714;9,856606772;5,871287942;1
408;15;52,38900988;93,66666667;8,608720475;1,401153803;10,86161349;6,518094063;1
409;10;32,72030491;54,5;8,040046304;1,401375294;1,493013088;0,370901346;0
410;5;54,38062418;79,5;11,41591538;1,401551485;6,681120477;3,710567474;0
411;10;25,23642247;44;10,20565616;1,402506709;1,621686668;0,431820393;0
412;15;3,864363024;5;12,02800518;1,404438496;0,997596154;0,000125766;0
413;15;46,75546889;88,33333333;8,003602986;1,404918194;9,769881761;5,62052083;0
414;10;37,30863363;94,33333333;6,382303939;1,406130433;4,69545821;2,796014667;0
415;15;46,72615045;94,33333333;8,131539558;1,408656836;11,39400672;6,875187397;0
416;10;43,51615998;93,33333333;6,916269908;1,408665061;4,089952343;2,433799028;0
417;10;48,30215783;85;7,740999205;1,410722852;5,378769339;3,013840675;0
418;15;51,36968642;94,83333333;9,255639759;1,411471128;14,8558609;8,998395205;1
419;15;49,54155636;94,33333333;8,866206962;1,41221714;12,20480021;7,368846893;0
420;10;5,872036174;6,333333333;8,598052072;1,412556052;1;3,76E-05;0
421;15;50,39805395;94;8,642909525;1,412752151;9,733158167;5,883635759;1
422;15;51,3801599;93,16666667;9,263585754;1,415520668;13,25099613;8,019179702;1
423;15;3,878526389;5;12,59819672;1,416391373;1;0,000817895;0
424;10;37,97910865;80,33333333;7,171040731;1,41706717;4,641849762;2,367310882;0
425;10;42,82302681;92,16666667;7,127768915;1,417824388;5,06742187;2,952999115;0
426;10;51,80302368;87;8,323825428;1,419221997;5,865016151;3,385087609;0
427;10;54,95921685;85,83333333;10,26654556;1,420659661;3,471994278;1,973814845;0
428;10;47,6047365;89,66666667;9,606282871;1,421177268;7,081059473;4,06034112;0
429;10;19,09233735;35,5;10,85392845;1,425804734;1,210022717;0,260469079;0
430;10;54,2015217;90,33333333;7,666296475;1,426183581;5,746776585;3,433881164;0
431;15;51,77141457;93,66666667;9,313294155;1,426762104;10,57743594;6,456596971;1
432;10;39,86414873;89,66666667;7,266702595;1,427577615;4,534423641;2,588353515;0
433;10;5,316645833;5;13,50970162;1,427782893;1;0,000185013;0
434;10;51,20745124;90,5;7,882408084;1,430366039;5,475289426;3,243540406;0
435;10;56,17599885;91,5;8,246509303;1,430943251;5,886004076;3,540855289;0
436;10;51,49476655;79,16666667;10,16252905;1,433755517;2,646965051;1,383790374;0
437;10;49,6215639;86,83333333;7,295807253;1,434721828;4,863528703;2,768470407;0
438;10;43,27962456;65,66666667;7,3176061;1,43590045;3,014721398;1,374837041;0
439;15;55,03951333;83,83333333;8,162186424;1,43644917;10,86218209;6,415031552;1
440;15;50,73080118;21;12,44258922;1,439495206;1,720679373;0,639868617;0
441;10;24,35885358;32,66666667;9,303164042;1,44008708;4,975231568;1,062062979;0
442;10;43,70197536;87,33333333;9,045155947;1,443615794;7,052675289;4,061367631;0
443;15;47,96078972;92,16666667;8,080405954;1,446334481;8,984398238;5,451672912;0
444;10;4,98040289;5,5;7,830265661;1,447969556;1;0,000136018;0
445;10;5,745520075;7,5;7,240436497;1,449759007;1,005014421;0,01842761;0
446;10;37,38328216;82;7,295145398;1,449883223;4,528479773;2,451963186;0
447;15;56,769069;90,66666667;9,141979881;1,450013518;15,21943583;9,441544533;1
448;10;42,70117631;93,16666667;7,629583713;1,450659156;5,791292402;3,516706228;0
449;10;43,58570191;70,16666667;9,511813931;1,45260179;2,075020233;0,945685506;0
450;10;44,78314875;94,5;7,53786883;1,453107476;5,142839204;3,178222179;0
451;10;57,05244225;87,33333333;8,186142413;1,454172373;8,658008077;5,225772977;1
452;10;8,070311432;19,66666667;10,00854991;1,457747459;1,001668367;0,145336866;0
453;15;52,49384843;91,5;9,887537622;1,460558176;10,49018016;6,561530709;1
454;15;45,57430049;87,33333333;8,801156113;1,461455464;10,1721485;6,063221931;0
455;15;50,21732841;95;10,30732419;1,468088984;16,11647685;10,15354788;1
456;15;31,69324246;63,5;7,752365357;1,470372796;7,050013448;3,211568832;0
457;15;53,09155559;93,33333333;9,82612159;1,471340299;13,19286247;8,316786408;1
458;10;20,55846716;26,33333333;7,445517095;1,472441196;4,841631872;0,855473757;0
459;10;52,23343087;93,5;9,40251552;1,472491026;10,10054764;6,332573295;1
460;10;36,24989201;60,83333333;9,097566903;1,472720504;1,632582942;0,664775729;0
461;10;42,68119135;89,83333333;8,072553051;1,474567413;5,828837408;3,497793078;0
462;10;61,72359558;69,16666667;7,507366327;1,476344228;3,852701127;2,030747056;0
463;10;54,36734447;77,33333333;8,27128301;1,47662282;5,600821684;3,040177226;0
464;10;36,68667708;48,83333333;7,963648128;1,477208853;1,630262395;0,553326964;0
465;10;37,27373854;57;7,876610889;1,481459856;1,666943779;0,325785398;0
466;10;50,53419888;92,5;8,391280651;1,484125495;7,300607829;4,58000648;1
467;10;20,81268426;56,66666667;9,860943102;1,484769344;1,486849697;0,561909795;0
468;15;46,8831484;94,83333333;9,207846778;1,487107515;12,39901906;7,901812911;0
469;15;49,31538423;94,66666667;8,896124574;1,488516569;13,37089923;8,521301627;0
470;15;55,26835402;86,66666667;7,67208823;1,488862753;7,319683275;4,587621927;1
471;10;53,81444039;86,66666667;8,209508459;1,49399662;2,492803392;1,533693075;0
472;10;37,91520343;66,5;10,54550979;1,494272113;1,916635451;0,851066351;0
473;15;48,23735249;94,33333333;8,086275651;1,499403358;10,94615622;7,014040112;0
474;10;24,75195047;49,33333333;7,262892075;1,500544548;1,150265792;0,337366939;0
475;15;48,30681116;94,66666667;9,330350604;1,500900865;13,0172017;8,375780344;0
476;10;33,56175133;51,83333333;11,56525509;1,501549363;2,061105772;0,725990891;0
477;15;51,72036418;92,33333333;8,674506725;1,501842856;11,23473912;7,180472493;1
478;15;53,75159553;91,83333333;7,818933555;1,501869321;10,81784635;6,939648628;1
479;15;46,50017667;95;10,3130228;1,502763867;18,410145;11,87267292;0
480;10;44,17128811;88,66666667;7,427116199;1,504088402;4,048023194;2,454173565;0
481;10;53,34001857;92,33333333;7,715646777;1,5063591;7,663568781;4,867240071;1
482;15;48,37968139;88,33333333;7,519868595;1,509083152;7,367013421;4,556866646;0
483;15;44,72580278;93,83333333;9,376611289;1,509585142;12,27769503;7,912851453;0
484;15;47,04018346;90,83333333;7,550578286;1,509790897;7,997678459;5,033425212;0
485;15;56,32170564;86,16666667;9,092413457;1,510763884;10,27306507;6,590910077;1
486;15;51,13961944;90,16666667;8,726199809;1,51199317;7,76059541;4,921973825;1
487;15;51,56817945;93,88888889;9,078164105;1,512116432;13,91475695;6,747465253;1
488;10;46,98973662;84,5;9,102134845;1,513599515;6,258066256;3,663542747;0
489;15;41,94445417;95;8,656940027;1,513833642;10,46594969;6,793301582;0
490;10;3,550600952;5;5,568948236;1,514586568;0,737739872;5,67E-05;0
491;10;43,26116269;63;9,438034412;1,515455604;1,916521121;0,886913538;0
492;10;51,8210025;69,33333333;8,267604745;1,521185875;4,295999842;2,176898003;0
493;10;25,63475534;48,66666667;10,61115827;1,521420002;1,199185041;0,394656181;0
494;15;45,63080728;84,16666667;8,970127023;1,52229476;9,060174519;5,535094857;0
495;10;52,12534439;82,16666667;11,15141146;1,523027658;3,377647563;2,00874126;0
496;15;61,59559339;67,83333333;9,410121813;1,523229003;7,83656516;4,923923254;0
497;15;48,31482417;95;8,477597247;1,523831248;9,585662229;6,238377571;0
498;15;48,35054498;93,83333333;8,777966454;1,524124146;10,51309081;6,824502826;0
499;15;48,21109232;93,5;7,86193277;1,526762128;10,23174315;6,632626295;0
500;10;40,91668488;57;7,760377137;1,526938438;1,585281659;0,674764514;0
501;10;4,661447728;5;14,4507283;1,528888941;1;4,10E-05;0
502;10;52,30120721;78,33333333;8,84358509;1,531105638;4,356914087;2,302189231;0
503;10;54,60123141;92,5;7,172085975;1,531835556;4,955013276;3,149215102;0
504;10;4,55610923;5;13,560716;1,531893015;0,951178451;0,000253081;0
505;10;48,18485494;88,33333333;6,977694851;1,53474772;3,034925947;1,837446332;0
506;10;40,87279747;63,16666667;7,273383446;1,535292745;2,577221511;1,25816834;0
507;10;54,22462573;75,33333333;7,935575121;1,536685944;2,879208073;1,579517722;0
508;10;35,67657624;60,33333333;9,611340764;1,536808014;1,746700191;0,727093458;0
509;15;3,845212155;5;13,09447833;1,540636063;1;5,20E-05;0
510;15;50,59093972;94;8,314652867;1,545064092;11,16016264;7,383530021;1
511;15;46,0021587;93,33333333;8,334601964;1,547261953;9,279615876;6,069969535;0
512;10;22,56523111;62,5;10,1360438;1,549396396;2,292313387;0,9826231;0
513;10;63,56439141;51,5;8,219884556;1,549594998;2,882153495;1,464265347;0
514;10;49,43065305;94;8,466470749;1,552922964;7,624958493;5,024609804;0
515;10;45,31237473;94,83333333;7,475432839;1,554772854;5,741857673;3,817630649;0
516;15;46,2362138;95;8,81099288;1,554959536;11,75168131;7,841506124;0
517;10;55,29478478;83,5;9,581514093;1,556878686;7,28379051;4,641812205;1
518;10;18,41005484;24,5;8,614233633;1,557170987;1,160340152;0,198137283;0
519;15;42,48411062;93,83333333;7,45830383;1,557223916;6,822444877;4,513090849;0
520;15;43,32588998;94,33333333;7,241221032;1,557353735;6,916057155;4,594583511;0
521;10;35,07718631;91,33333333;7,504547891;1,559412241;3,825858181;2,291709304;0
522;10;41,52421145;61,16666667;9,682347431;1,559639692;1,956006773;0,874548793;0
523;10;34,33803112;87,33333333;6,064584005;1,559755802;3,192397314;1,929659605;0
524;15;3,886000669;5;14,22246945;1,559921384;1;9,47E-05;0
525;10;12,62554193;11,33333333;9,557062632;1,561742425;4,845734055;0,175230145;0
526;10;40,53492146;93,33333333;8,196272901;1,561799407;5,300613651;3,487861753;0
527;10;37,14914196;60,66666667;9,257541777;1,562169313;1,757047904;0,775791049;0
528;10;34,82257826;81,83333333;5,839883448;1,56370151;3,579310606;2,042764544;0
529;5;11,90545799;6,333333333;8,689213555;1,564572453;0,9743226;0,030615687;0
530;15;49,04657017;92,16666667;9,732017317;1,565970302;11,84829973;7,899316072;0
531;10;52,14128221;92,83333333;8,178363638;1,566695213;5,164514572;3,397284985;0
532;10;5,331585366;5;13,29861973;1,568627477;1;9,54E-06;0
533;10;36,23143564;13,33333333;13,5423543;1,569184065;1,375615246;0,258371711;0
534;5;33,91431829;94,66666667;10,64389254;1,571425557;5,534031454;3,721903801;0
535;10;5,03968362;5;8,263200415;1,575246096;0,996428571;1,48E-05;0
536;10;38,61407045;58,83333333;10,31417985;1,575728178;1,894755417;0,808670163;0
537;10;46,53690046;87,16666667;8,542263357;1,577006459;6,165635464;3,952648163;0
538;10;21,00204563;38,83333333;12,58735262;1,581532955;1,000322352;0,260184169;0
539;10;26,94162627;50,16666667;7,33865155;1,58275485;1,247469169;0,44236207;0
540;10;43,57157381;81,16666667;10,14281207;1,583038211;1,38596939;0,804395199;0
541;15;57,41793581;85,33333333;10,01769193;1,583973408;12,88543088;8,726376295;1
542;10;14,21727681;10,16666667;10,89382033;1,585782766;0,989281077;0,051276922;0
543;10;65,03531045;75,5;9,920493661;1,586526632;5,829410875;3,857909322;0
544;10;49,01835014;84;9,049985885;1,587015748;5,742563923;3,612295985;0
545;15;58,29361675;85,66666667;9,088137099;1,587191463;9,819654997;6,6697402;1
546;10;17,71272107;32;8,665722912;1,588316679;1,079237232;0,228132248;0
547;10;37,95108412;45,83333333;8,993486208;1,588317275;1,83905647;0,632479906;0
548;10;39,38384692;92;7,367831897;1,589354634;5,11932926;3,305547833;0
549;15;53,7069591;82,16666667;8,834390355;1,589658618;8,522777691;5,62121141;1
550;10;38,07357862;42,66666667;7,631472684;1,590696216;3,221317381;1,189499855;0
551;10;26,66392006;39,66666667;7,669009264;1,590856075;1,674999223;0,490746379;0
552;10;6,049446059;7;8,623628785;1,592939973;1,471022434;0,025998473;0
553;15;50,13295762;93;8,771632143;1,593920469;9,929641797;6,751623273;1
554;10;35,80207687;76,16666667;5,43967421;1,59539938;2,493965864;1,361571431;0
555;15;52,76055236;86,66666667;7,197368392;1,59552002;6,057259364;3,935049415;0
556;10;49,0036747;78;6,348579528;1,595937014;3,0029139;1,707310557;0
557;15;45,51880278;94,16666667;9,180365851;1,59979701;7,933319072;5,43156755;0
558;15;55,22440808;90,33333333;9,566033309;1,601415277;12,52988128;8,542984366;1
559;10;22,42252263;93,5;7,207007218;1,601911783;4,546582348;3,034572124;0
560;15;46,86433479;91,66666667;8,483721689;1,602506638;9,460933565;6,35200274;0
561;10;33,68325139;58;13,07268825;1,602591276;1,567601818;0,648225069;0
562;10;51,56913618;66,83333333;7,541380877;1,603143215;3,721592665;1,933600664;0
563;15;44,84700703;94,66666667;9,289774211;1,603985548;12,40975502;8,499011755;0
564;10;6,354749294;14,83333333;12,15255042;1,606481433;1,000926784;0,000413656;0
565;10;55,19230545;72;7,235433585;1,60708034;2,579283099;1,442774057;0
566;10;28,70241726;45,66666667;9,408738748;1,60807097;1,317775926;0,438429236;0
567;15;60,23406629;80;7,982447343;1,608581901;6,968624163;4,572221518;1
568;10;16,32245495;29,5;11,82564785;1,609282732;1,053915172;0,20436275;0
569;10;48,88297775;82,33333333;10,38501301;1,610601068;3,479324248;2,096748114;0
570;10;39,90143594;85,33333333;6,561850293;1,611839771;4,645614754;2,899077058;0
571;10;38,8475859;81,5;8,020940949;1,61198616;5,799092372;3,432406068;0
572;10;50,8819678;72,33333333;8,52090518;1,61364913;4,53941995;2,696725965;0
573;15;46,84504166;94,5;9,067033055;1,615605593;11,21889062;7,747765064;0
574;10;41,16121063;87,33333333;8,253766828;1,616498709;4,814199057;3,090662122;0
575;10;44,91432099;88,33333333;8,151705591;1,617499352;5,486310226;3,550934911;0
576;10;40,50688571;90,33333333;7,912661268;1,617673039;5,393619315;3,507547855;0
577;15;56,21643021;90,83333333;7,881417106;1,618513942;6,521888465;4,486468792;1
578;10;26,283326;36,33333333;8,84052623;1,620174766;1,489926969;0,404120088;0
579;10;26,54150916;58,16666667;9,500627312;1,625285029;1,148578419;0,471705556;0
580;15;48,0371785;94,33333333;8,75354015;1,629350543;9,999921294;6,983941078;0
581;15;48,7239491;92,33333333;9,411105255;1,636485696;9,678507567;6,698825479;0
582;10;15,41555899;21,16666667;7,027936138;1,638906717;1,210188457;0,168028712;0
583;15;49,94815361;93;10,44144835;1,639725208;13,27867774;9,298810959;0
584;15;34,5519991;83,5;6,894513058;1,64012897;4,872109294;3,066238046;0
585;15;57,91826543;85,5;9,486685836;1,642641544;10,95429184;7,662183285;1
586;15;55,80858147;87,5;9,168574392;1,644278288;6,982112163;4,81067729;1
587;10;49,9259575;84,66666667;7,791775473;1,646303773;4,96979113;3,254080176;0
588;15;51,7707899;90,5;8,80037999;1,6465168;10,08841289;6,9783777;1
589;15;51,77882162;91;8,615397025;1,646804333;8,750790985;6,101289511;1
590;10;42,40784578;85,83333333;8,122954149;1,646824121;4,257232859;2,71577239;0
591;15;47,60253474;92,83333333;9,254657277;1,648106098;10,86613393;7,601629138;0
592;10;18,37999103;33,83333333;12,22063591;1,648753881;1,085735297;0,248101592;0
593;10;60,58627049;63,83333333;8,22306886;1,653606176;4,408165397;2,737353444;0
594;10;9,87285991;15,33333333;7,921145038;1,654721618;1,006010899;0,094387054;0
595;10;34,57596323;71,83333333;7,923384441;1,655952573;1,65344391;0,861878037;0
596;10;47,84847654;94,83333333;8,649891391;1,657109976;8,012000659;5,687301755;0
597;10;37,49277894;56,66666667;7,36183187;1,657298565;1,465100204;0,648237705;0
598;15;63,71382855;52,66666667;7,653905635;1,65836215;4,702425534;2,856276155;0
599;15;55,80598563;83,33333333;8,648879274;1,658802748;9,146703844;6,347944856;1
600;15;41,31330513;86,16666667;8,642350056;1,658987045;10,23914724;6,766787052;0
601;15;50,07219517;87,5;7,427876258;1,660433888;7,978528991;5,482661605;1
602;10;38,63301508;94,66666667;8,683166415;1,661137223;6,624459835;4,656969309;0
603;10;41,49813772;77,5;11,99786776;1,663389325;1,961743105;1,148406744;0
604;10;43,80727992;26,5;7,930966835;1,666879058;1,791232454;0,642828584;0
605;10;12,2539415;7,666666667;11,10987994;1,667434931;1,691985598;0,0877105;0
606;10;40,26168595;90,66666667;7,706884354;1,668865085;4,220890922;2,843014359;0
607;10;11,81821907;5,5;9,917017568;1,669359088;1,006607501;0,017492771;0
608;15;49,8103711;92,5;9,381210744;1,669539452;9,547403827;6,755394816;0
609;10;45,43991539;70,5;6,992984905;1,671139598;3,556837076;1,932204723;0
610;10;42,47822415;52;7,285136737;1,671607852;1,474223702;0,53888607;0
611;10;51,40183122;83,16666667;7,684996281;1,671608567;4,377855798;2,874615312;0
612;10;14,93692736;17,33333333;7,128862975;1,672575951;3,546645139;0,365279436;0
613;15;45,34810958;92,16666667;9,543308687;1,673431039;11,74474821;8,312830329;0
614;10;24,01473332;41,33333333;10,18201171;1,673961401;1,461091359;0,446348786;0
615;15;44,46972719;88,83333333;8,363449857;1,678247571;8,511016162;5,881667137;0
616;10;49,52418552;92;11,83580844;1,679556131;8,150469082;5,721351862;0
617;15;47,46782692;83,5;7,912864885;1,679766774;7,435991919;4,958619118;0
618;15;50,29807837;81,33333333;9,428562607;1,682324409;8,719174909;5,89115572;1
619;10;9,736836952;6,166666667;11,22592492;1,682736754;1,739171823;0,054973841;0
620;10;36,45196359;60,5;7,751979747;1,68441081;2,215230559;1,048591852;0
621;10;10,93768091;6;10,09256413;1,684695363;1,786982901;0,061872721;0
622;10;24,64368834;28,33333333;6,371814498;1,686473966;2,42213697;0,544284701;0
623;15;50,17334562;88,5;8,380296046;1,688690066;8,265162441;5,779652953;1
624;15;46,5381549;93;9,250106643;1,689118981;10,82192286;7,745786071;0
625;10;56,19968851;84,66666667;7,673774948;1,689552307;5,65004778;3,732160449;0
626;10;32,09324106;65,66666667;11,64025142;1,690700412;1,157390265;0,555636406;0
627;15;45,32581081;95;9,410538382;1,692178011;11,01229489;7,995258093;0
628;15;39,98536765;92,83333333;7,435869202;1,692733169;6,909334175;4,880464673;0
629;15;50,35242223;89,83333333;8,913124036;1,69471395;8,967397221;6,449848294;1
630;15;53,08843162;92,33333333;8,685923871;1,695227981;9,942024391;7,18685329;1
631;10;49,65230935;61,66666667;6,99056637;1,696452975;2,435917693;1,235871434;0
632;15;46,09640723;84,5;7,924737447;1,696940899;7,012108654;4,74420166;0
633;10;53,28525829;59,5;8,046997918;1,698016286;4,139299021;2,084420443;0
634;10;39,93354739;69,22222222;8,010764455;1,700743437;4,399236963;2,326363802;0
635;15;42,21684868;86,66666667;7,803054233;1,700759292;8,018559817;5,444158435;0
636;10;7,535447222;11,83333333;8,039088058;1,701466203;1,001924915;0,059332609;0
637;15;49,23610475;93,83333333;9,827813991;1,702530622;10,970907;7,957859755;0
638;10;21,40240325;33,5;8,231116716;1,702689409;1,240686683;0,281152964;0
639;10;50,24747679;82,5;7,268578311;1,703087807;4,306245549;2,87026751;0
640;10;60,58036591;59,66666667;8,116520343;1,706892252;3,232144613;1,74565649;0
641;10;6,212858058;7,833333333;12,35938343;1,707317114;1;2,50E-05;0
642;10;53,2351955;87,83333333;8,121061791;1,708488107;2,740293549;1,878657937;0
643;10;36,82943436;60;9,374679818;1,709298372;1,624504165;0,764643669;0
644;15;40,84114526;81,16666667;10,90262708;1,709527135;14,73250038;9,802226543;0
645;10;27,1984979;47,16666667;10,52589073;1,714146614;1,417083466;0,514285803;0
646;10;24,77675884;34,16666667;8,816457358;1,714588046;1,334950381;0,359692574;0
647;15;3,249483527;5,166666667;10,67299537;1,714842439;1,000324886;0,000629425;0
648;10;10,40786156;16;12,67314614;1,714932799;1,0149078;0,023966432;0
649;15;53,0834006;89,33333333;10,23665384;1,717999458;11,24201189;8,242974639;1
650;15;50,10154573;95;9,669304761;1,719111919;11,84179717;8,724684238;1
651;10;20,86606742;34,3442623;8,700534775;1,719762206;1,511255969;0,378047585;0
652;15;63,58989555;68,16666667;9,15532576;1,719799042;7,923128429;5,596676469;0
653;15;47,56908503;93,66666667;9,611679528;1,724334717;11,15529462;8,194164395;0
654;15;51,57080548;93,16666667;9,525233118;1,72519958;11,1172203;8,213457108;1
655;10;50,07770039;81,66666667;10,12062653;1,725366473;8,428402465;5,393794179;1
656;10;56,64058717;89;8,266678566;1,725427508;6,086304679;4,473631859;1
657;15;50,90688429;92,5;7,545036308;1,725846767;7,818993741;5,752772689;1
658;15;43,50651805;95;9,024150583;1,727422833;11,3329823;8,40110743;0
659;10;29,40293118;57,66666667;10,48235732;1,728701591;2,044733238;0,888351798;0
660;15;50,95980626;89,16666667;9,006759424;1,728713632;8,959210126;6,560889602;1
661;10;28,24580108;48;9,082210906;1,7301898;1,463562198;0,334325075;0
662;10;57,57228733;91,83333333;8,072313362;1,7303617;6,330689644;4,68598783;1
663;10;64,66613911;81,16666667;6,981889819;1,732058764;3,374039736;2,361202836;0
664;10;38,82991746;68,5;6,250377412;1,732227564;1,738678958;0,836871266;0
665;10;30,56273938;45,33333333;11,11292673;1,73507905;1,952019133;0,70380795;0
666;5;45,16282643;91,16666667;12,8011037;1,736426711;9,039285994;6,538999677;0
667;15;59,73914676;85;7,694320253;1,736662984;6,205001954;4,493415594;1
668;15;53,30150295;86,16666667;9,693102255;1,74077034;9,971230859;7,267050624;1
669;15;45,27120792;92,83333333;9,946435311;1,741395473;12,43946289;9,151914001;0
670;15;50,59987239;92;9,854652743;1,741477847;11,49388917;8,49130559;1
671;15;18,73098511;9,833333333;10,57893377;1,741638303;3,223776634;0,456524253;0
672;10;46,48054173;86,66666667;8,773241266;1,742046833;4,372347105;3,016566873;0
673;10;9,009565621;9,166666667;9,696891067;1,743699074;6,469114836;0,315133929;0
674;15;45,27015345;93,83333333;7,96968185;1,74385941;9,702665431;7,17273438;0
675;10;49,90038762;89;9,636583108;1,74418509;2,24357869;1,579827547;0
676;10;44,66454829;80,83333333;8,241907743;1,74425447;1,733300143;1,11772573;0
677;10;35,72239479;75;6,153789522;1,744326949;2,97785456;1,735668898;0
678;15;39,13001043;86,5;9,535333544;1,744505048;10,01634076;6,934928894;0
679;10;39,28150954;89,66666667;6,919260713;1,744739413;3,94180477;2,753747106;0
680;10;59,80438998;80;8,284169098;1,746412635;5,508710689;3,926764488;0
681;10;55,76332107;58,66666667;8,550851313;1,746823907;3,588424519;2,099700332;0
682;10;50,43939274;88,16666667;8,942766795;1,747107148;6,04009101;4,407208323;1
683;10;22,42614527;33,33333333;10,61410887;1,748040318;1,348012164;0,349637747;0
684;10;5,059155876;5,666666667;10,21538582;1,7509197;0,9943074;0,000108957;0
685;10;45,12723195;53;8,20121855;1,751259208;1,862562476;0,667065024;0
686;10;62,78522538;80;8,733902168;1,752309918;4,712818465;3,471173167;0
687;15;34,50533611;92,33333333;7,795930902;1,753324509;6,440563568;4,687173843;0
688;15;37,32815768;77,66666667;7,681840752;1,754510522;6,348826313;4,052875519;0
689;10;36,12639237;75,33333333;8,956091535;1,755125523;2,44954664;1,452039123;0
690;10;43,95347628;86,83333333;7,252594153;1,75805831;3,700203063;2,582333803;0
691;15;49,84183399;93,66666667;9,230582752;1,761950374;11,44692074;8,622563362;0
692;10;15,3074542;26,83333333;7,498774537;1,762122273;1,057322041;0,208699942;0
693;10;62,08815627;91;8,67148498;1,762289405;2,662261846;1,975100517;0
694;10;53,79977211;91,16666667;8,484467362;1,763582945;7,48892603;5,556967378;1
695;10;34,09524254;58;11,59785166;1,763725877;1,463267245;0,67636025;0
696;10;45,51493332;87;9,247334494;1,764864206;5,426233497;3,805542231;0
697;10;20,89668009;23,66666667;6,797149673;1,766221046;1,748424979;0,355796576;0
698;15;44,50574015;94,16666667;10,12343132;1,766678691;12,13938698;9,163678885;0
699;10;19,60975889;29,33333333;10,14560651;1,768585682;1,173785329;0,2587533;0
700;10;4,573429005;5;12,86272453;1,768674731;0,996;0,000262499;0
701;10;50,10865737;70,16666667;7,704956501;1,771988034;4,150421684;2,413733721;0
702;10;25,24835281;60,83333333;8,857210767;1,772396445;1,76837148;0,850097656;0
703;15;52,59205361;85,66666667;8,848601819;1,77347362;7,4133481;5,465370536;1
704;15;58,36251977;87,83333333;9,478093997;1,77515614;9,375517344;7,041969538;1
705;10;16,14279984;17,5;8,548286233;1,77721262;1,162811751;0,156197786;0
706;15;4,263946132;5,5;11,02601632;1,783321142;1,00052356;0,000353932;0
707;10;3,525225841;5;4,381026459;1,785714269;0,965517241;5,96E-06;0
708;10;46,48932778;93,66666667;8,235923363;1,788955212;4,463920709;3,382628918;0
709;10;62,70441214;73,66666667;9,222688696;1,789666295;5,203686144;3,568639159;0
710;10;8,188564319;5,333333333;10,21497391;1,791403055;1,000014336;0,08938086;0
711;10;67,30719025;64,33333333;9,164877676;1,793513656;5,703133785;3,997166753;0
712;15;53,61556355;83,83333333;8,514198124;1,794084191;7,429206969;5,546229482;1
713;10;5,71439792;6,833333333;10,53126109;1,794142485;0,887293669;0,018716931;0
714;15;49,52742787;91,5;8,757408101;1,794982553;9,063841234;6,863773465;0
715;15;49,60439377;93;8,473822424;1,796635389;8,488772889;6,476845026;0
716;10;44,4124126;79;9,468831952;1,797967434;5,548763784;3,73714745;0
717;10;8,655316667;15,33333333;7,005840567;1,798676014;0,93397378;0,083175659;0
718;10;39,35474514;77,5;7,075835441;1,80009675;3,143381301;1,112587094;0
719;10;30,21807879;50,83333333;7,470306858;1,800984025;1,474189418;0,609361529;0
720;10;43,47490123;91,16666667;8,754342897;1,801306248;5,334539843;3,955016494;0
721;15;55,94747568;86;9,645765922;1,801470399;9,283921886;7,031042933;1
722;10;47,25258214;89,83333333;8,47906927;1,802329421;4,806524028;3,556952953;0
723;15;50,18103112;92,16666667;8,802387871;1,803405166;10,79702869;8,258942962;1
724;10;41,30289087;59;7,038212922;1,804578185;3,192289533;1,588315129;0
725;10;46,01317259;76,16666667;7,495358038;1,805336475;3,250278655;2,13436687;0
726;15;54,2799417;91,5;9,959907884;1,805540919;15,77163252;12,18822086;1
727;10;35,73735415;47,83333333;8,932037735;1,805693626;1,911656349;0,775267482;0
728;15;53,59858383;78,33333333;9,490228403;1,8057971;6,722558134;4,954109073;1
729;15;47,25048932;89,83333333;8,727448199;1,80773437;9,517978243;7,146965265;0
730;10;28,2452293;41,66666667;10,33650269;1,808031321;1,53384267;0,51168406;0
731;10;45,30381381;78,5;7,125640818;1,810436964;3,299110835;2,244319916;0
732;10;61,97501781;89,16666667;7,952129762;1,811435938;6,101307585;4,61518836;1
733;10;65,06769028;40;9,707252643;1,811632276;3,171284956;1,874704838;0
734;10;55,97332551;61,83333333;7,642076316;1,812910914;2,598602626;1,54175365;0
735;10;23,57912917;38,66666667;10,27262132;1,814108133;1,499999011;0,491754413;0
736;10;44,56089109;74,83333333;8,20272067;1,81638813;2,976269766;1,930732012;0
737;15;3,175265529;5;13,86274227;1,816666722;1;1,30E-05;0
738;10;25,04158893;39;7,628250312;1,818004966;1,2864629;0,4222821;0
739;15;51,97319508;89,66666667;9,038949809;1,818075895;8,549729023;6,546554804;1
740;10;61,03468432;71,66666667;7,118397028;1,819525361;3,288005509;2,183317304;0
741;10;21,16089572;55,5;9,348447245;1,820981622;1,796507046;0,827357769;0
742;15;49,75056836;88;9,758148562;1,822773933;10,34263068;7,873264551;0
743;10;43,22130676;24,5;8,082461155;1,823150635;1,61162962;0,511748314;0
744;10;33,94708424;69,83333333;7,427786696;1,823738933;3,085665668;1,811536193;0
745;10;41,42202088;77,83333333;7,527628403;1,824140906;4,336788789;2,846621156;0
746;10;51,55700465;68;6,997226409;1,824167848;3,039478764;1,811196089;0
747;10;46,76911228;84,66666667;8,597743905;1,824673653;3,913851643;2,782435894;0
748;10;57,57943406;32,83333333;13,18520532;1,82531321;3,184257871;2,132802248;0
749;15;49,82348113;93,5;9,57251195;1,825655222;9,482530606;7,426381826;0
750;10;70,03544603;59;9,150513056;1,82606554;5,919599523;4,175302267;0
751;10;26,65333785;54;9,218012828;1,826071024;1,997615045;0,899618745;0
752;15;44,94341099;95;8,049638472;1,830791473;10,23706835;8,041404009;0
753;10;71,80108516;66;7,768318469;1,833523154;2,97148574;1,994976521;0
754;10;45,48277342;66;9,346961473;1,835498691;2,243594739;1,30032289;0
755;15;3,851982106;5;10,61513764;1,835538745;1;0,000115752;0
756;15;54,13023179;85;10,11797376;1,837095261;11,97685606;9,159720659;1
757;10;34,71343389;64,33333333;8,683098682;1,837453961;1,668463446;0,853326201;0
758;10;52,5200617;84,66666667;9,092685617;1,837964416;5,057005861;3,549927354;0
759;15;49,60152979;40;10,03692454;1,840964675;6,056790101;3,438233733;0
760;10;45,67594303;81,66666667;8,639008458;1,842454553;3,985818722;1,411251068;0
761;15;58,09532259;57;7,426378434;1,842661381;3,32922086;2,173329473;0
762;15;48,15321579;94,16666667;8,804114633;1,843600392;9,957466409;7,829913497;0
763;10;26,5423691;55;9,66751045;1,84431088;2,102808359;0,968808174;0
764;10;48,55140033;84,33333333;8,100646209;1,845833898;5,21200327;3,754286647;0
765;10;30,13306224;56,16666667;10,71025211;1,845891833;1,533242558;0,710638404;0
766;15;48,81461632;88,33333333;8,022035044;1,846708298;5,627068185;4,381575465;0
767;15;53,36639401;84,66666667;8,688049734;1,8468647;6,809955678;5,247670531;1
768;10;22,59715558;33;7,134650438;1,847664356;1,221971254;0,340281606;0
769;10;52,35847269;67,5;10,10384755;1,848914504;2,594830747;1,49296236;0
770;10;3,513937363;5;12,89497379;1,850000024;1;1,32E-05;0
771;10;44,50823057;75,66666667;7,793455268;1,852239013;3,34831271;2,198938489;0
772;10;19,40361835;42;8,043708352;1,852981091;0,990332351;0,332152605;0
773;10;39,10221654;89;7,527373389;1,853106856;4,07318294;3,007472992;0
774;10;38,7160822;86,66666667;7,867997411;1,856177688;5,10270331;3,779252648;0
775;15;43,32732398;93,16666667;8,27532349;1,858867049;8,955293952;7,036977887;0
776;15;51,24358974;91;9,268996612;1,859377384;10,39853321;8,113097787;1
777;10;59,49981031;60,33333333;8,952566799;1,86189425;3,559413717;2,172798991;0
778;10;14,71257862;20,33333333;8,914867146;1,861987114;1,121201111;0,175348163;0
779;10;7,680420991;10,83333333;8,14493849;1,862743258;1,001834303;0,055424809;0
780;10;34,64764358;52,5;8,563211973;1,863812804;1,695871309;0,748490334;0
781;10;57,18288593;56,16666667;8,280302569;1,864593267;3,560712912;2,089144468;0
782;10;5,814222633;5;4,861329516;1,864681005;0,944157759;0,001138568;0
783;10;43,53957321;85,5;8,410211349;1,869152069;4,722157458;3,449659348;0
784;10;6,231888104;10,66666667;10,13807646;1,870748281;1;0,00013113;0
785;10;25,25591243;49,66666667;11,57904085;1,87150681;1,217875486;0,483047128;0
786;10;34,85571524;35,16666667;8,408364051;1,874515533;2,42374723;0,836904049;0
787;15;46,22863137;92,33333333;8,291249321;1,874579906;7,951289193;6,259877682;0
788;15;58,67435327;82,83333333;9,971188857;1,87600708;9,433812178;7,572461605;1
789;10;47,5971123;85,83333333;7,620340542;1,878768563;4,309711975;3,171488166;0
790;15;61,94776119;79,83333333;9,539326328;1,880098462;8,513816558;6,734502673;1
791;10;23,35458373;65,16666667;9,097092645;1,881435275;1,624270215;0,898286343;0
792;15;6,200936192;9,5;11,96522584;1,882229805;1,046150967;0,08904469;0
793;15;41,64827914;94;9,194548713;1,882333636;9,707005763;7,736406446;0
794;10;9,508352487;17,16666667;10,90923634;1,882866502;0,939943133;0,103582025;0
795;15;44,15422357;91,5;7,41565021;1,883246303;7,867461124;6,180389881;0
796;10;57,18367256;71,83333333;8,363246403;1,883342505;2,449117328;1,687433362;0
797;15;20,89090094;91,5;9,349488012;1,885240436;11,13194684;8,730118394;0
798;10;53,27091579;58,5;10,0301507;1,885673046;2,158069885;1,258180141;0
799;10;44,35006488;66,5;8,950990896;1,887140274;3,544055445;2,271553397;0
800;10;11,34034629;18,83333333;10,99152289;1,889650583;1,260531324;0,162497044;0
801;15;44,22448594;91,66666667;8,077776876;1,889843225;8,454732758;6,677516699;0
802;15;56,80266655;91,16666667;10,46694946;1,890097976;12,00703904;9,72383368;1
803;15;48,81593093;90,83333333;8,691312058;1,890870929;8,919688252;7,085023284;0
804;15;43,92555547;94,33333333;8,753986068;1,891325474;8,62023764;6,952245712;0
805;15;46,88031983;91,16666667;10,02043536;1,891648531;7,698998805;6,067676544;0
806;15;65,10108753;51,16666667;8,735702331;1,89250052;4,987965863;3,65667963;0
807;15;3,203115972;5;6,615885335;1,892857194;1;6,32E-06;0
808;10;4,584379195;5;10,15166013;1,899999976;0,993288591;0,000167608;0
809;15;45,57588853;93,33333333;9,599283336;1,901293516;9,141719974;7,373087525;0
810;10;62,14442081;74,66666667;8,762082324;1,901729226;4,523227809;3,352881551;0
811;15;3,862816378;5;13,60256621;1,903870106;0,998753117;0,000181794;0
812;15;48,1995114;91,33333333;9,336778842;1,904695511;9,395441542;7,558443069;0
813;10;61,82316536;61,83333333;6,205305867;1,905101418;2,301310271;0,751262307;0
814;10;39,97131726;43,83333333;7,837838285;1,905260086;1,732796002;0,760659695;0
815;10;6,657830978;9,333333333;11,14601715;1,90687716;0,918093966;0,042501092;0
816;10;67,10918528;76,66666667;7,053303496;1,907311201;2,566585762;1,988384485;0
817;10;36,30975272;41,83333333;7,569635977;1,907395244;1,76747712;0,713042617;0
818;10;50,18780577;94,83333333;10,63778848;1,90877068;9,847398633;8,066272736;1
819;15;49,04247402;89,66666667;9,947899057;1,910463452;8,310604381;6,685622454;0
820;10;17,14221138;30;10,48107773;1,911412954;8,739503529;2,333623648;0
821;15;63,33204115;75,33333333;8,88452387;1,912855744;6,056964742;4,766266942;1
822;15;43,85103666;89,33333333;7,973834271;1,914156795;7,067851985;5,558353543;0
823;10;28,93607222;40,16666667;10,11904133;1,915654659;1,522895701;0,547786593;0
824;10;45,68897029;88,83333333;8,052248292;1,915880799;4,370355385;3,347756505;0
825;15;43,71945877;91,66666667;9,302166208;1,920033336;9,859067927;7,93859303;0
826;10;35,96871217;85;7,872486505;1,920333266;3,592101283;2,585323572;0
827;15;40,88768429;93,33333333;9,582961938;1,920864105;10,09862842;8,20742774;0
828;10;32,92737904;78,66666667;6,241567745;1,920927763;2,375086449;1,586990118;0
829;15;50,61118469;90;10,12004695;1,92308557;8,341730147;6,732696652;1
830;15;46,58888429;93,66666667;9,719017676;1,923664331;12,1468778;9,955525637;0
831;15;51,16801728;90;8,051489889;1,927646279;6,775042487;5,50379777;1
832;10;40,20433623;93,5;8,520809689;1,927972913;3,960071571;3,191402555;0
833;10;74,15319217;63,5;8,653264712;1,929036617;4,442247968;3,529072404;0
834;15;49,12219397;84,16666667;8,071194639;1,92908895;5,613707831;4,393530726;0
835;15;43,04863055;87;7,870808827;1,929658175;5,717214832;4,400822878;0
836;10;27,49926665;48,66666667;12,23551085;1,931386232;1,08661928;0,446302772;0
837;10;42,41269383;90,83333333;7,507410413;1,932558298;2,051274511;1,635187507;0
838;10;39,74359719;78,33333333;7,538137499;1,935512304;3,395207145;2,324385524;0
839;15;5,387481715;6,5;11,62451816;1,935526609;1,017841498;0,169685483;0
840;10;38,60047905;78,5;7,841450583;1,935940742;3,63162516;2,522836804;0
841;10;49,60326581;92,5;8,044252713;1,938939452;3,662104727;2,874628544;0
842;10;39,27416299;63;8,288414664;1,939680696;1,886513013;1,064093471;0
843;10;40,23101291;79,33333333;6,548199805;1,939926863;3,592222393;2,528901935;0
844;10;13,11274245;21,16666667;11,05698457;1,942118526;1,143560761;0,170238614;0
845;10;42,50374314;88;6,808490507;1,943208575;3,759804045;2,89916575;0
846;15;57,84396147;82,16666667;9,305153153;1,944560528;8,893122597;7,307222486;1
847;10;4,739612891;5;14,45686832;1,945652127;1;2,13E-05;0
848;15;54,73030371;51,16666667;8,596996784;1,947282076;5,022545969;3,277009368;0
849;10;43,36740608;68,83333333;6,524358357;1,948085785;2,657729131;1,625246286;0
850;10;44,29044005;71,66666667;7,237531846;1,952704668;2,62491286;1,770543456;0
851;10;26,41967123;54;14,18354323;1,95285213;0,928931338;0,432530284;0
852;10;34,84520446;64,16666667;9,118785934;1,952856421;1,58740412;0,90213263;0
853;10;29,6252365;49,5;8,62177232;1,953957081;1,407870811;0,616612792;0
854;10;58,38911115;85,83333333;7,47341571;1,95439744;2,325061016;1,86216855;0
855;10;48,50534103;83,33333333;6,846156333;1,955173016;3,041585374;2,232816577;0
856;10;44,20180873;85,16666667;8,476516722;1,955430269;4,983865707;3,803934216;0
857;10;49,2967286;75,66666667;8,858589273;1,957740784;4,789501749;3,601293445;0
858;10;51,84658158;60,83333333;8,099180605;1,957919836;3,235504924;1,916957259;0
859;10;45,46930609;92,66666667;9,22143454;1,959779859;6,040599258;4,97084868;0
860;10;5,482860706;7;7,502838733;1,961194038;1;7,83E-05;0
861;15;3,851437653;5;14,05319296;1,962050319;0,978302797;0,000474572;0
862;10;11,3033099;12,16666667;7,290687567;1,96260643;1,061160969;0,088857889;0
863;10;18,50061029;28,16666667;10,99340737;1,964935184;1,098080585;0,246624351;0
864;10;33,40627402;46,33333333;9,910658863;1,965814829;1,625307813;0,707468867;0
865;15;51,71106142;81;8,873648406;1,966133118;7,099425239;5,716019392;1
866;10;30,0956186;63;11,19384255;1,968181133;1,191703782;0,640848041;0
867;15;7,104950796;15,5;8,765213343;1,969416499;1;0,00058341;0
868;15;46,60122174;86,33333333;8,266854845;1,971270442;5,372836476;4,367198706;0
869;15;46,27926931;95;10,9853634;1,971335173;13,92059881;11,77289259;0
870;15;45,50510707;87,5;8,964162082;1,97184062;7,303534945;5,886247993;0
871;15;47,60715584;88,16666667;8,850503899;1,971895099;7,291119177;5,970108628;0
872;10;40,59149189;91,16666667;6,802512556;1,972777486;4,384797927;3,493269444;0
873;15;45,92503738;90;8,139763683;1,973902464;8,002114186;6,544349074;0
874;15;52,03611872;72,16666667;8,844860581;1,974118471;4,835859617;3,743107915;0
875;15;53,09492873;86,16666667;10,14718434;1,974371076;8,521562254;7,120105743;1
876;10;7,493531774;8,666666667;8,950262717;1,977181911;1,005506859;0,053021073;0
877;10;12,45349468;10,66666667;10,50666069;1,981900573;0,865237371;0,068374395;0
878;10;8,762366433;13,16666667;11,66802681;1,985091805;1,013675886;0,083508849;0
879;10;26,55381632;81,66666667;10,44692437;1,985524058;1,618160897;1,182311893;0
880;10;45,72919624;62,66666667;9,156007056;1,98786974;2,404240844;1,49902904;0
881;15;48,65390397;80,16666667;9,264972315;1,98810935;6,698878412;4,033843279;0
882;10;38,73222694;50,5;8,062046545;1,990679264;2,801232364;1,281861782;0
883;15;45,16768429;94;10,12650653;1,990909338;11,61965999;9,874884605;0
884;10;4,588776534;5;13,55891074;1,991781473;0,999520154;0,000232816;0
885;10;19,34780389;28,5;9,353255198;1,993459702;5,876163524;1,470935464;0
886;10;4,573184553;5;13,06193915;1,993737936;0,99804878;0,00023365;0
887;15;42,12874698;94,5;9,330714015;1,994556189;10,65950182;9,071115136;0
888;15;38,80596659;76,5;8,401929925;1,996304393;4,353549035;3,185767889;0
889;10;28,91985609;66,16666667;8,608370989;1,99863863;1,976800108;1,185568333;0
890;10;22,57485162;42,66666667;6,527224277;2,000398874;1,140030395;0,419124722;0
891;10;55,06020696;89,5;6,188218213;2,00246501;3,623540939;2,930908203;0
892;15;38,91554021;89,66666667;7,836181034;2,002475262;5,796815518;4,718563199;0
893;15;5,331216531;9,333333333;10,6785185;2,00450182;1,000608717;0,001963973;0
894;10;17,19466239;27,16666667;8,526759413;2,005607367;1,129507166;0,266782641;0
895;15;36,76359994;91,83333333;7,209912149;2,00562048;6,526691998;5,423426628;0
896;15;45,92658894;87;7,868193331;2,008990049;6,342779348;5,163839221;0
897;10;31,73604178;77;8,874829781;2,0108428;2,52096285;1,272133708;0
898;10;58,6438869;87,16666667;7,626444758;2,011520386;2,756359346;2,25833118;0
899;15;45,60548462;93,33333333;8,518440833;2,012299061;7,371255889;6,303697109;0
900;15;20,56248507;16,83333333;8,211113902;2,012454033;4,776791968;1,055258632;0
901;10;5,866709722;5,333333333;12,12042141;2,014446259;1;0,000299215;0
902;15;41,70795403;90,5;8,497060725;2,015382528;7,791775005;6,490456223;0
903;15;45,48841617;94;10,14323404;2,016387701;10,98190442;9,449673057;0
904;10;5,304323798;5,666666667;10,64324835;2,016860485;1,03476308;0,013404369;0
905;10;10,61732981;15,16666667;7,775320782;2,017420292;0,651749824;0,072216392;0
906;10;30,06508674;89,83333333;5,798147107;2,017721176;2,19647284;1,771821618;0
907;10;30,67593577;50,83333333;12,09503256;2,017835379;1,340229768;0,609248996;0
908;10;43,57920626;88,5;9,100636838;2,0199368;4,80815566;3,884718418;0
909;15;58,18116184;82,5;9,428479174;2,021389723;7,773158335;6,492839932;1
910;10;47,74203697;82,33333333;8,4245398;2,023013353;4,324336284;3,346648335;0
911;10;52,43535241;80,5;9,503394143;2,025114059;5,255402178;4,273977637;1
912;15;46,99240651;93,83333333;9,74929139;2,025555849;11,31517465;9,775014758;0
913;10;40,63655365;74,33333333;7,911741105;2,025887728;3,352797759;2,374253154;0
914;10;42,56088736;62,16666667;6,57187117;2,025916338;2,062299203;1,184554935;0
915;10;33,74055338;56,66666667;8,166801264;2,028551817;3,414510067;1,877578259;0
916;10;47,35635105;94,5;8,844297887;2,030319214;5,468022876;4,74114418;0
917;10;32,12593076;41,16666667;10,22846015;2,033690929;1,822275472;0,700777054;0
918;10;37,64328192;66,16666667;8,457648692;2,035964251;1,823032957;1,088048697;0
919;15;51,55930281;78,16666667;8,687616303;2,036010981;5,909141882;4,870185137;1
920;10;24,3776494;51;9,656746542;2,036478758;1,111988699;0,49590075;0
921;10;43,09586544;72;7,62281134;2,036550045;2,40707972;1,548273206;0
922;10;50,1553011;62,66666667;11,56664711;2,037937164;2,211821929;1,472959638;0
923;10;15,3199983;17,5;8,986720373;2,041148663;1,344858743;0,086919188;0
924;10;13,60550634;12,83333333;11,12659814;2,042580843;1,076520774;0,124649525;0
925;10;4,577312272;5;10,5546356;2,04385972;1;5,56E-05;0
926;15;26,54923814;43,83333333;9,296606523;2,046044588;4,668680589;2,181228995;0
927;15;4,076793092;5;8,907548763;2,04712224;0,999826147;0,001403451;0
928;10;14,90934069;15,5;11,62667449;2,048107624;0,923263292;0,085318208;0
929;10;4,917969162;5,666666667;9,837336558;2,049744129;0,999708945;0,007549882;0
930;10;7,586078517;12,83333333;6,707574778;2,05099225;0,995895729;0,002190471;0
931;15;45,81586258;94,83333333;9,804308199;2,051870823;10,25313905;9,025720716;0
932;10;16,15922533;25,16666667;8,752475601;2,052635193;1,070662291;0,239518642;0
933;10;45,04799311;79,33333333;6,728186522;2,054965019;3,13557006;2,391833663;0
934;10;32,44912765;49,83333333;8,467554864;2,055334806;1,365141065;0,704396605;0
935;10;44,92384957;60,83333333;6,921412425;2,056124926;2,07403613;1,235576272;0
936;10;41,29776336;49,83333333;8,777189198;2,057303429;3,551077316;1,887368798;0
937;10;21,18341051;43,66666667;4,456480864;2,057303667;1,06186872;0,461674213;0
938;15;49,93441887;85,83333333;8,011177333;2,058733225;3,487489457;2,804918051;0
939;15;44,53640858;90;8,894074349;2,058823109;8,60826563;7,340353489;0
940;10;8,253184392;5,666666667;11,74278266;2,059907198;1,012619872;0,259971499;0
941;15;35,66160059;78;9,069963;2,06061101;7,870978874;5,905014634;0
942;10;44,09912302;58,66666667;6,88661276;2,062627792;2,535315172;1,416518569;0
943;15;32,26089547;86;7,705494279;2,066610098;3,777743162;3,070966005;0
944;15;56,41810538;78,66666667;9,41828977;2,066785336;6,640563279;5,821406245;1
945;10;46,84298804;36,66666667;9,907916343;2,067207336;2,331045398;1,229674935;0
946;10;60,26909722;58,5;9,043932742;2,067396641;4,308875172;3,047567844;0
947;10;51,41996144;79,16666667;8,834726797;2,067848444;3,869447055;3,119071484;0
948;10;44,31415627;82,83333333;7,785406307;2,068461895;2,171974137;1,382554412;0
949;15;44,35821956;89,5;9,492587377;2,070816994;8,493061585;7,300048709;0
950;15;47,48380087;83,83333333;8,1842791;2,071366549;5,546424254;4,585737348;0
951;10;23,08937217;61;10,25388054;2,071963072;1,771793998;1,021812081;0
952;15;56,96576944;74,66666667;9,185748197;2,073655128;5,385854404;4,280144691;1
953;10;9,485592024;14,16666667;10,19301604;2,073697805;0,987705759;0,098803997;0
954;10;15,59098894;32,16666667;9,906696473;2,073750257;1,023068668;0,272201538;0
955;10;21,65079798;42,33333333;12,77914258;2,073975086;0,987107099;0,366919398;0
956;15;67,24918526;53,66666667;9,837710466;2,074394226;5,318912042;4,466140628;0
957;10;50,83918856;83,5;8,994074845;2,075930357;5,160937372;4,275989652;1
958;15;47,52917051;86,66666667;8,586869462;2,077695608;6,754052185;5,790506005;0
959;15;40,91067252;80,66666667;7,996224567;2,077980995;5,198999427;4,111612201;0
960;15;48,54964849;85;10,67913631;2,07855463;10,27043299;8,861572027;0
961;10;41,56807543;82,66666667;7,835617022;2,079354763;4,400156049;3,588402867;0
962;10;23,18172658;22,5;7,149232846;2,079413652;1,008474732;0,209660172;0
963;15;46,86571038;92,33333333;9,474073786;2,08087182;8,067823605;7,150971174;0
964;10;33,96178277;36,83333333;8,76236331;2,081467867;2,516849769;0,979210258;0
965;10;28,52612986;54,66666667;7,421236526;2,082397461;1,100532015;0,547611952;0
966;10;34,45754955;73,66666667;8,32760272;2,085528135;3,893431202;2,647590041;0
967;10;29,0209013;45,83333333;8,490826152;2,086820126;2,182685941;1,038280487;0
968;10;46,60244234;91,16666667;8,638771139;2,087929964;5,89097062;5,084542871;0
969;10;32,47222931;82,16666667;6,750110055;2,088336468;2,928699891;2,1846807;0
970;15;58,59288105;78,33333333;8,98524734;2,090257406;5,831190825;4,891368866;1
971;10;33,47113711;37,5;8,725485707;2,091994524;3,899249905;1,588466406;0
972;15;61,63826529;75,33333333;9,035809688;2,09265852;6,165226012;5,359751463;1
973;15;44,02319974;91,66666667;9,410134743;2,092728376;7,45685731;6,50473845;0
974;10;18,75745402;20,33333333;5,407981929;2,094542265;1,12031052;0,201103687;0
975;15;15,45399696;37,5;13,16728991;2,094815731;0,814909078;0,355570197;0
976;15;57,5564305;59,83333333;9,766931022;2,095235109;5,185374938;4,31751442;0
977;15;47,23751392;72,5;8,197361;2,099109411;4,79003528;3,760677457;0
978;15;49,43781749;84,5;8,704734719;2,101592541;6,037950412;5,235941768;0
979;10;6,975742012;14;7,369582113;2,104209185;1,077645649;0,127253294;0
980;10;25,46620462;52,83333333;9,955205298;2,10505271;1,546441979;0,736957431;0
981;10;51,42983347;88,16666667;9,827570437;2,105700016;6,623259902;5,747106433;1
982;10;35,87718391;59,16666667;8,325748501;2,107161283;2,021192135;1,090711236;0
983;15;46,37703499;92,66666667;7,591168212;2,108659506;6,790860212;6,0510602;0
984;15;54,28338651;85,33333333;9,845270407;2,110734224;9,052941444;8,106866837;1
985;15;46,42187281;91,83333333;9,482838032;2,111638784;7,811575571;6,971681237;0
986;10;53,83036738;66;7,074025363;2,112520695;2,603301567;1,82276094;0
987;15;42,76399074;77;7,819646775;2,11386776;4,285358381;3,398712516;0
988;10;11,58855271;17,5;10,30025519;2,114149332;1,048012145;0,151020169;0
989;15;49,68262503;85;9,458165659;2,114339828;7,632889829;6,630426168;0
990;15;47,01115945;95;9,88837435;2,115189552;11,27304141;10,22827339;0
991;10;38,27951669;84,5;9,207822526;2,116313219;4,553373777;3,6962111;0
992;15;38,63295523;79,16666667;11,69703384;2,116884232;5,490406299;4,490648746;0
993;10;50,37135688;66;8,416152998;2,119125128;2,802548788;1,865450978;0
994;10;43,57728446;78,83333333;8,535890318;2,120539904;2,297069322;1,726850748;0
995;10;55,16440115;77,66666667;8,19097955;2,122490883;3,595651901;2,801530123;0
996;10;38,50414347;65,33333333;7,299752207;2,123091698;1,314002211;0,867087245;0
997;10;23,81984083;37,33333333;8,239873762;2,124890089;1,321872469;0,456468701;0
998;15;49,05496177;87,16666667;10,49394465;2,125079632;8,842932287;7,874522448;0
999;10;39,93119042;87,16666667;8,874348676;2,126146793;4,710664833;3,952260494;0
1000;10;15,7309908;23,5;8,872213659;2,128079176;1,134080007;0,246316195;0
1001;10;37,5164143;69,83333333;9,067991636;2,129135609;2,038378386;1,359013438;0
1002;10;39,15140654;90,66666667;7,730496196;2,129739046;3,498003232;3,052411318;0
1003;15;43,45220767;92,16666667;8,919113654;2,132991314;7,926398855;7,094406009;0
1004;10;8,704815278;13,33333333;10,19202084;2,133004904;1;5,16E-05;0
1005;10;45,19355678;87;7,502904653;2,134533167;3,815308087;3,232559562;0
1006;10;42,63727069;71,33333333;7,757573422;2,135859966;3,513665228;2,568621159;0
1007;10;37,92475559;61,16666667;8,879744987;2,135947227;1,725344085;1,018218637;0
1008;15;42,79078723;94,33333333;9,521268359;2,136923313;9,963009962;9,076232076;0
1009;10;27,42044382;34,66666667;8,799776432;2,137375355;1,515723709;0,58155632;0
1010;15;3,961575492;5;12,16480918;2,137944698;1,000198521;0,005136251;0
1011;15;53,25956771;89,5;8,742983708;2,138429403;7,067618991;6,308406115;1
1012;15;61,74499093;74,16666667;7,794291011;2,138658762;4,704449937;4,001895666;1
1013;10;39,01992341;42,66666667;7,621047355;2,141768456;2,079324032;0,954422951;0
1014;10;44,18934261;60;7,012774227;2,142571449;2,402879715;1,455408812;0
1015;10;65,33219816;61,5;7,980054277;2,142885923;3,320202838;2,49931705;0
1016;10;23,45511893;44,5;12,05755908;2,144869089;1,143939877;0,472517133;0
1017;10;42,81891885;87,83333333;8,495027672;2,145689011;4,401590818;3,788607478;0
1018;10;38,54776887;66,5;6,966778065;2,1464324;2,451132743;1,632069468;0
1019;10;36,71076814;62,16666667;9,870775784;2,147198915;5,228152956;3,406209469;0
1020;10;51,50564943;74,16666667;10,09964114;2,149408817;4,692573888;3,958535075;0
1021;15;55,71474407;70,16666667;9,88389161;2,151270151;5,882570155;5,231368542;1
1022;10;40,81420963;61,66666667;10,64058337;2,152065277;1,867372819;1,134271979;0
1023;15;33,98926211;87,66666667;8,402035396;2,152323723;5,156752543;4,42345953;0
1024;10;4,795715278;5;10,48936875;2,15742135;1;0,000171542;0
1025;10;30,58527911;48,5;10,70128388;2,15771389;1,590768595;0,780783772;0
1026;10;62,99542784;75,16666667;9,158387292;2,15791297;3,271812561;2,936039209;0
1027;10;41,14306471;76;10,31405825;2,158225298;1,809384369;1,379111171;0
1028;15;51,00997136;89,16666667;10,25343469;2,159610271;9,218615374;8,422715783;1
1029;15;35,14786776;93,66666667;7,659944675;2,160183191;5,706607914;5,122519851;0
1030;10;28,56897119;48,33333333;10,77902891;2,160308361;1,697058983;0,742238283;0
1031;10;56,75897566;74;7,246110093;2,161120176;2,646650953;2,083161473;0
1032;10;14,37051307;23,16666667;9,925067895;2,164500237;1,003485562;0,215874672;0
1033;10;28,43662558;44,16666667;6,838448309;2,164699793;2,056719576;0,758988142;0
1034;15;52,07801432;88;9,133416442;2,166041374;7,862720243;7,138588667;1
1035;10;28,48044012;70;6,984026958;2,166980505;3,171898143;2,156903863;0
1036;10;55,21527726;68;6,94438377;2,168878555;2,763061818;2,014851689;0
1037;10;42,09498458;49,66666667;8,20716665;2,168988466;1,898355217;1,018437147;0
1038;10;25,59286978;34,83333333;10,9473001;2,170954704;1,383604707;0,427711248;0
1039;10;8,694712894;11,5;8,132996418;2,171697617;0,98256473;0,078987837;0
1040;10;43,7380518;60,5;10,48548152;2,172046423;2,197154674;1,359577417;0
1041;10;6,151056204;7,333333333;11,86375427;2,173592329;1,000107491;0,038573027;0
1042;15;44,16574998;94,83333333;8,192167984;2,174696922;10,27544606;9,554044008;0
1043;10;51,53096382;68,5;7,50095883;2,176104784;2,929950843;2,160962701;0
1044;10;42,41213362;79;7,749591126;2,177045345;3,590364619;2,837661624;0
1045;10;41,23414239;70,83333333;6,825899626;2,178059101;2,178263861;1,529015183;0
1046;10;4,997861725;7,5;13,75294756;2,180416346;0,999019608;0,000253439;0
1047;10;52,66853354;81,5;5,879896733;2,181598902;2,947535982;2,401522398;0
1048;10;34,697606;76,33333333;9,620051369;2,181609392;2,931383714;2,238565564;0
1049;10;38,21383472;40,16666667;8,182173638;2,182137489;1,328426275;0,737435937;0
1050;10;7,394748611;9,5;8,964801458;2,182295799;0,802138041;0,052646279;0
1051;10;41,48894021;95;7,180964153;2,182725191;2,675339166;2,503700137;0
1052;15;38,80958919;88,5;9,922605036;2,186035872;5,375428025;4,76510942;0
1053;10;33,09684413;52,16666667;11,17774065;2,187379837;2,247762789;0,888721347;0
1054;10;10,42555907;5,833333333;8,749811087;2,187526941;1,002868199;0,021153688;0
1055;10;36,53169519;74;7,97228361;2,188369989;3,275145323;2,473430991;0
1056;15;53,65267838;90,5;8,852140934;2,191843748;8,641894778;8,045896769;1
1057;15;48,32769216;91,33333333;9,170282609;2,194053411;8,242713112;7,643676281;0
1058;15;55,94466019;94;9,195467433;2,194064617;10,15508847;9,524846911;1
1059;15;43,47060797;92,16666667;9,688421302;2,194940567;9,6603489;8,930632591;0
1060;10;42,40994281;88,5;8,926891259;2,196362972;5,563536364;4,878300071;0
1061;10;46,74601642;66;6,791475018;2,197673798;2,146681874;1,454619169;0
1062;15;44,77469021;94,66666667;8,685646383;2,200046539;6,748867378;6,368184805;0
1063;10;34,03884082;92,33333333;8,699649314;2,200555801;4,995104658;4,606914163;0
1064;15;46,91990276;93;8,600051951;2,200850964;5,564854143;5,218978286;0
1065;10;36,14747869;65,66666667;7,267480615;2,20358777;2,625795517;1,772716165;0
1066;10;26,37369201;33,66666667;7,173236063;2,205115557;1,749421381;0,588330746;0
1067;15;3,268897531;5,166666667;6,091592265;2,205405474;0,980392157;9,54E-06;0
1068;15;4,208416394;5,333333333;10,4122289;2,205502272;1;0,000793219;0
1069;10;37,74006219;77,66666667;7,509602777;2,205564022;2,758318012;2,015645742;0
1070;15;19,84604142;53,83333333;10,13126341;2,205701113;2,416292773;1,397635221;0
1071;10;34,47809436;80,5;9,076246254;2,2061131;3,139298622;2,526887417;0
1072;10;13,71112573;24,83333333;10,01268569;2,213243246;1,003336116;0,204880595;0
1073;15;47,32885542;87;8,838006556;2,214873075;6,822913657;6,215606689;0
1074;10;49,01253229;83,33333333;9,005258919;2,217223406;5,491778191;4,825083256;0
1075;10;19,81342459;22,83333333;7,906282017;2,218000889;1,503918295;0,359283447;0
1076;10;10,5259626;13,66666667;10,51106881;2,2182374;1,067440212;0,134210825;0
1077;10;41,89999917;56,5;8,949353731;2,218833923;1,771273507;1,021493435;0
1078;10;46,82507369;79,66666667;9,161281015;2,21974349;4,341178789;3,578618646;0
1079;10;52,73392153;68,83333333;6,96086691;2,21991086;2,483506325;1,823529124;0
1080;10;62,14693495;57,16666667;7,859988179;2,220166206;2,928771199;2,165133238;0
1081;15;48,53156097;88,66666667;10,23294225;2,220547438;8,905554531;8,348999381;0
1082;15;57,98577094;44,66666667;10,16425377;2,222668171;5,608884939;4,462614894;0
1083;10;46,43272636;91,83333333;7,777594264;2,222982407;1,880702928;1,682010293;0
1084;10;43,50596323;87,83333333;9,853026192;2,225108624;5,283175238;4,767429113;0
1085;10;30,33134729;59;8,388923608;2,225279808;3,891934479;2,398703456;0
1086;15;42,08474582;74,83606557;9,463863838;2,226665258;6,663741578;5,53648591;0
1087;10;47,7625013;94,5;8,665724912;2,227327585;6,047942427;5,76032722;0
1088;15;50,48903558;90,33333333;9,486308505;2,22857976;4,425839784;4,035225868;1
1089;10;20,2009125;38,5;11,41924339;2,228614092;0,912539255;0,344928741;0
1090;10;5,005709182;5,166666667;7,989227956;2,230130911;1,0102956;0,005169272;0
1091;10;56,93815889;57;8,792247963;2,23033452;3,169159579;2,321668506;0
1092;10;43,95407185;78,66666667;7,465038215;2,231898069;3,765063946;3,083363533;0
1093;10;47,24989836;64,33333333;8,799059715;2,232558966;3,033465233;2,344876528;0
1094;10;62,02568826;66,83333333;9,659678587;2,236037016;2,660642357;2,18010819;0
1095;10;28,88914468;50;10,67901957;2,241119146;1,47548536;0,725671649;0
1096;15;52,54813529;91;8,295015921;2,241945744;7,083418497;6,657606363;1
1097;15;48,05126785;93,5;8,783282797;2,243399858;8,921732406;8,490486979;0
1098;10;33,06665922;44,33333333;7,000259116;2,24498415;1,54756418;0,752869725;0
1099;15;50,83276155;90,66666667;9,851150163;2,245526075;9,158464298;8,741739392;1
1100;10;56,77086508;50,16666667;9,444472578;2,247329473;3,806210294;2,720137239;0
1101;15;50,79860298;95;6,829324077;2,247977257;4,02984867;3,882378459;0
1102;10;34,2843087;39,66666667;8,550008698;2,248160601;2,324253879;0,929883957;0
1103;10;48,09650016;95;9,792447149;2,249504805;5,14585123;4,949281335;0
1104;10;52,83511071;87,33333333;6,634260703;2,250098228;2,850557808;2,546500206;0
1105;10;51,12897088;62,66666667;7,174652024;2,253861189;2,166173181;1,525732279;0
1106;15;26,51711325;17,5;10,24898611;2,255316019;1,053870867;0,631812096;0
1107;10;4,549466289;5;10,83207241;2,257206202;1;0,000121355;0
1108;10;5,119530575;5,666666667;7,653403051;2,259114265;1;0,001307487;0
1109;10;49,13298876;59;8,377025882;2,260494709;3,115817201;2,338690996;0
1110;15;56,36522455;87;9,264294758;2,260504484;6,74056947;6,485809684;1
1111;10;42,21359903;35,83333333;6,633374512;2,261557341;2,264310391;1,083335996;0
1112;10;16,28952749;22,83333333;10,40653623;2,262111187;1,276470739;0,255618095;0
1113;10;32,18736736;44,16666667;9,078692633;2,263490915;4,239811403;1,92315805;0
1114;15;55,25901908;86,83333333;9,725906719;2,263491631;8,280679274;7,862464309;1
1115;10;41,30897947;53,83333333;9,204700843;2,263761282;2,441466025;1,437794089;0
1116;10;25,92221831;41,5;8,450392827;2,264642477;1,349299881;0,564775705;0
1117;10;4,841222491;5;12,42353461;2,266490698;0,974293059;0,000204802;0
1118;10;47,03796158;23,33333333;13,09417694;2,268046618;1,971412666;0,928752422;0
1119;10;4,52695867;5;12,52579287;2,26886797;0,998430141;0,000172019;0
1120;10;46,35322559;83,33333333;7,636013539;2,271574974;3,444878989;3,009472847;0
1121;10;59,82512877;53;9,223906068;2,274215937;2,961385573;2,187750816;0
1122;10;41,39045513;82,66666667;8,303400398;2,274562359;3,160427613;2,761622787;0
1123;10;49,54067239;62;7,675075242;2,27503562;2,858580276;2,147511601;0
1124;15;45,70153853;94;9,351305561;2,276142597;8,766181237;8,543425679;0
1125;15;44,13346031;88;8,891046274;2,278449059;5,767559247;5,410348177;0
1126;10;4,943095941;9,5;9,442691963;2,279908419;1,02173542;0,06020093;0
1127;10;32,57015617;51,16666667;9,726259744;2,282307386;1,733645346;0,924367666;0
1128;10;45,24142355;68,66666667;8,620391252;2,282445908;3,042740931;2,372099757;0
1129;10;25,74832565;42,66666667;9,844408591;2,282782555;1,532338706;0,689240456;0
1130;10;41,86399274;44,5;7,746107051;2,283855677;2,233727111;1,178370714;0
1131;15;64,43685045;49,5;8,878201879;2,284010172;3,813041929;3,260474801;0
1132;10;45,32135982;87;8,328619729;2,286208868;5,883240087;5,476126313;0
1133;10;44,28188885;73,83333333;8,452938541;2,287513733;3,218024468;2,603414774;0
1134;15;24,15234852;29,83333333;8,822177585;2,287624359;4,37531006;1,560446858;0
1135;10;43,24537837;59,83333333;7,207687308;2,288199902;2,880666953;1,766288042;0
1136;10;46,3531239;47,33333333;9,686569693;2,288343668;1,955835562;1,23418498;0
1137;10;4,572924754;5;12,13564477;2,288803101;0,998650472;6,10E-05;0
1138;10;6,850843025;6,666666667;8,398677156;2,289520741;0,99205639;0,029654622;0
1139;10;53,22363545;74,16666667;8,063587771;2,290698528;3,189675444;2,586205006;0
1140;10;13,04086258;16,83333333;9,996191066;2,291905403;1,050185023;0,173065662;0
1141;10;30,82932209;77,83333333;6,777260087;2,293676615;2,413061077;1,918558955;0
1142;10;30,23231209;67,33333333;8,300719894;2,293940544;1,676267258;1,128000736;0
1143;10;44,48135637;34,33333333;8,098393562;2,296797037;2,137631177;0,79804492;0
1144;10;7,752523288;11;5,740587432;2,298446894;1,001206416;0,076403022;0
1145;10;3,685024704;5,166666667;9,96661591;2,300764084;0,908197347;0,002595305;0
1146;15;45,46499628;69,5;7,504757395;2,30160284;3,670362016;3,09016335;0
1147;15;59,229757;80,16666667;10,48573038;2,302827358;8,498007533;8,290716887;1
1148;10;36,1728307;45,66666667;8,909465328;2,303198338;3,841092045;1,960546732;0
1149;15;3,200924779;5;9,006821773;2,304347754;1;6,32E-06;0
1150;10;40,71267486;94,5;8,860554047;2,305063963;4,485432955;4,402978539;0
1151;10;48,21183306;62,5;7,275481292;2,305405617;2,536204593;1,710423708;0
1152;10;14,55582451;20,66666667;11,36929477;2,305520296;1,101220588;0,222917318;0
1153;15;47,0622445;90,83333333;9,361939146;2,305575371;7,43205869;7,164921999;0
1154;10;8,404763386;11,33333333;10,59327346;2,307797432;0,927515515;0,087825298;0
1155;15;51,66624651;23,66666667;13,16786127;2,308911562;3,474329216;2,396977901;0
1156;15;40,17871171;45,83333333;8,216661565;2,30892992;3,07399024;2,072711587;0
1157;15;36,19414912;81,16666667;9,191949439;2,309742928;3,622407089;3,178877234;0
1158;10;44,75192387;93,66666667;8,556873957;2,309947968;6,592964553;6,418697953;0
1159;10;57,56653588;59,83333333;7,774024807;2,311703205;2,944024394;2,148196459;0
1160;10;22,6140217;32,16666667;9,057708149;2,312092304;1,393056688;0,456371665;0
1161;10;43,8812554;90,16666667;9,016033484;2,313868284;4,61395124;4,377527833;0
1162;10;5,016483312;5,833333333;11,11841863;2,315063715;1,000344828;0,00080061;0
1163;10;24,88210274;53,5;10,7058447;2,315237999;1,137125077;0,636543036;0
1164;10;34,37023957;61,16666667;6,640702087;2,317213535;2,600254275;1,735559106;0
1165;15;48,11745891;82,66666667;8,919942949;2,318773031;5,530484731;5,160527587;0
1166;10;49,55411641;79,16666667;7,96620466;2,321913481;4,374793007;3,840542674;0
1167;10;22,33482485;46;9,134289243;2,322059393;1,167328316;0,524589896;0
1168;10;38,94646302;60,66666667;6,480926288;2,323833466;1,784792584;1,045308828;0
1169;10;41,5086293;86,33333333;9,377920441;2,324062586;4,33096346;3,979436159;0
1170;15;39,43092127;90;8,505932308;2,327889442;5,205272206;4,981612325;0
1171;15;41,19686587;91,83333333;8,005794791;2,330815315;5,594984288;5,434571147;0
1172;15;42,87417214;89,83333333;9,886685544;2,332523584;8,759464434;8,486916304;0
1173;15;67,13250707;70,33333333;9,496209289;2,332732439;6,857482251;6,681434631;1
1174;10;42,82704103;48,16666667;6,800233773;2,332804203;2,131144198;1,21773982;0
1175;10;26,31587676;50,83333333;8,105806985;2,334856272;1,40340259;0,735043168;0
1176;15;52,46222196;73,33333333;8,829197048;2,336827278;5,481157049;4,858353257;1
1177;10;4,700733187;5;12,97677642;2,340145111;0,996714849;0,000423193;0
1178;15;50,06243248;87,83333333;10,6310016;2,342189312;9,587892059;9,369869709;1
1179;15;45,47869976;91,83333333;10,00178825;2,342870235;9,518689615;9,433861732;0
1180;15;59,57127025;78,66666667;8,693289004;2,346238136;5,699988498;5,433561087;1
1181;15;48,77822911;90,16666667;9,039774125;2,347186565;9,503630387;9,3610636;0
1182;10;30,82315473;40,16666667;8,306853903;2,3508811;3,170374134;1,421592236;0
1183;10;45,87547398;73,16666667;6,846740427;2,354944706;3,017001169;2,378915906;0
1184;15;41,19842007;80;7,240971223;2,357819557;3,883871804;3,460779071;0
1185;15;64,76181633;60,16666667;9,567066045;2,35841608;4,527645492;4,310625553;0
1186;10;51,77003979;41,66666667;9,435813173;2,360134602;2,14703612;1,48838377;0
1187;15;54,90996783;92,33333333;10,41468788;2,36239028;12,01796316;12,12152016;1
1188;15;37,87048159;80,33333333;7,46281538;2,363832712;4,324025418;3,802977443;0
1189;10;40,30767841;91,16666667;7,46361328;2,364034891;4,055089129;3,928033948;0
1190;15;41,79293064;88,33333333;9,124335892;2,364308357;4,980133572;4,830316424;0
1191;10;6,12095245;7;10,35525016;2,365954876;1,055346266;0,033817053;0
1192;15;39,93396452;90,33333333;9,242828787;2,367261171;7,732342182;7,530747652;0
1193;10;39,51633186;92,83333333;7,241624526;2,367355585;3,258658599;3,248109698;0
1194;10;17,08096463;28,16666667;10,62194652;2,368888378;1,111211358;0,369023085;0
1195;10;3,572169067;5,5;12,4341581;2,37026763;1,000252461;0,001119494;0
1196;10;45,55893548;69,16666667;7,638967981;2,371806145;3,094431344;2,452577114;0
1197;15;46,88940844;85,83333333;8,810592932;2,372015715;5,645049515;5,475031614;0
1198;10;52,77659441;62,83333333;8,314554706;2,373679161;3,236243557;2,420122027;0
1199;10;3,818158686;5,166666667;8,856883916;2,374720573;0,98704754;0,013547778;0
1200;10;28,55350083;39,83333333;9,425421222;2,37664175;1,406423863;0,612708688;0
1201;10;48,61518088;79,16666667;9,206652495;2,378327608;4,54638916;4,172096133;0
1202;10;51,86468478;79,5;7,999055889;2,37836957;2,427056864;2,062187552;0
1203;10;46,26370709;76,16666667;8,951353866;2,379122019;3,72287069;3,21006155;0
1204;10;40,77490183;55,66666667;7,978632394;2,3794837;1,867142088;1,146768689;0
1205;10;17,54042477;25,33333333;8,525816594;2,379577398;1,338199202;0,344143987;0
1206;15;60,42441478;72,16666667;9,49808362;2,382272005;5,567272849;5,32602644;1
1207;15;44,59619599;94,83333333;8,952318542;2,383067131;6,845348055;7,000370383;0
1208;10;36,56745456;69,66666667;7,811061513;2,386728048;1,794282774;1,319486141;0
1209;10;13,13549568;20;9,780285784;2,387056828;1,009498793;0,193457961;0
1210;10;40,86906694;54,16666667;6,790195915;2,387573004;2,005074488;1,236292601;0
1211;10;14,73035498;55,83333333;8,035891436;2,388004541;3,489757815;2,120885611;0
1212;10;38,26842199;63,16666667;9,330374884;2,389101982;2,199940908;1,618014336;0
1213;15;3,924180823;5;11,90771141;2,389237881;0,966465459;0,000401616;0
1214;15;49,77836202;89,83333333;7,755311146;2,390763998;6,20980958;6,109457731;0
1215;15;47,21108145;83,5;8,907856627;2,391399145;6,194985422;6,130374193;0
1216;10;32,15232051;66,16666667;8,250525219;2,392963648;3,178647917;2,349792242;0
1217;10;39,61679563;53,16666667;8,248607039;2,395273209;2,004031729;1,31371665;0
1218;10;24,33566029;49;12,79493173;2,395280123;1,239180737;0,624813557;0
1219;10;5,40152597;6;7,323933338;2,396320105;1,114383762;0,018460155;0
1220;10;34,68215726;38,5;9,131706411;2,397765398;1,500526885;0,731820822;0
1221;15;48,70662011;92,33333333;8,440327359;2,398054123;8,968592968;9,050257921;0
1222;10;27,41328231;37,33333333;8,798867504;2,399606466;1,725019995;0,697799802;0
1223;15;59,31614033;72,83333333;9,061299215;2,399967194;5,619301888;5,261407971;1
1224;15;54,92602227;84;10,35297048;2,403069019;8,493256503;8,598022342;1
1225;15;45,55524605;88,66666667;9,265840859;2,403195143;7,514176571;7,484212518;0
1226;10;47,53848334;92,5;9,488814514;2,403385401;6,345926767;6,437665105;0
1227;10;7,356766934;12,5;7,5925784;2,403446913;1,11727384;0,13133049;0
1228;10;39,23093489;67,5;6,547678054;2,405313253;1,543322287;1,078124166;0
1229;10;22,08209476;17,33333333;9,514953381;2,405323505;1,584946523;0,358836889;0
1230;10;29,98170621;64,16666667;9,611188402;2,405628443;3,542839489;2,547041297;0
1231;10;49,44484831;51,5;8,796106865;2,406413317;2,858709059;1,909507275;0
1232;10;49,01926817;64,83333333;7,772824696;2,407817602;2,497524504;1,894632578;0
1233;10;42,28201199;59,83333333;9,848797734;2,411735773;4,121467537;2,752741337;0
1234;10;44,20074447;80,66666667;6,959774901;2,411937714;2,656711291;2,352580309;0
1235;15;44,29161135;84;8,648040342;2,41420126;5,603179709;5,339103937;0
1236;10;36,42075315;70,5;5,487162407;2,415085077;2,071482306;1,442823291;0
1237;15;54,43023097;85,5;10,30691142;2,415227175;10,27114689;10,38253403;1
1238;10;58,80816284;80;9,426870333;2,415383816;5,721208658;5,505782843;1
1239;10;21,83723889;29,5;8,061680394;2,417311907;1,34778337;0,432858229;0
1240;10;17,13359722;28,66666667;10,72534938;2,417920589;1,178732038;0,336577654;0
1241;15;3,862547574;5;12,14582717;2,418604612;1;1,24E-05;0
1242;10;65,52574844;69,66666667;9,085417593;2,420018196;4,854476802;4,681790352;0
1243;10;39,7877562;73,16666667;8,724220278;2,420418739;3,568491331;2,953154683;0
1244;10;54,40193953;70,33333333;8,317720267;2,421152592;2,781288267;2,365878582;0
1245;15;45,41433579;94;9,376669485;2,421165943;5,909332894;6,111030936;0
1246;15;48,61249682;75,83333333;9,878834404;2,42203021;6,263503022;6,011890531;0
1247;10;37,37154383;59,5;7,766658529;2,422367573;2,612399418;1,694476008;0
1248;15;42,91580449;88,83333333;8,292827846;2,422925949;6,729885188;6,681120753;0
1249;15;40,256256;73,33333333;7,553280625;2,423531294;3,739691714;3,238406897;0
1250;10;53,67007012;78,83333333;8,692980332;2,424462318;3,89422518;3,494624376;0
1251;15;53,43180966;85,5;8,898256501;2,42653513;4,005050969;3,82514596;0
1252;15;50,51773142;76,33333333;8,910576377;2,426779747;4,483831956;4,38574028;1
1253;15;33,99882441;93,33333333;11,28599859;2,427308321;9,53642726;9,777124405;0
1254;15;42,36114379;85;9,519277923;2,428695202;6,510774643;6,37586236;0
1255;15;45,49660685;78,83333333;8,468406802;2,42881012;5,315295078;5,028537869;0
1256;15;51,07436041;77;7,52304335;2,429811954;4,526810911;4,133817554;1
1257;10;9,918840846;22,16666667;9,299815592;2,430633783;1,065096895;0,273771286;0
1258;15;58,02937147;71,5;8,730016086;2,431616068;5,12045039;4,868011713;1
1259;10;13,70272096;25;6,472601189;2,432140112;1,021351551;0,235106945;0
1260;15;40,73507613;78,83333333;8,869245894;2,433540106;5,216814775;4,865071177;0
1261;10;13,71929444;13;7,586440206;2,434413671;1,103293878;0,160893559;0
1262;15;40,16362682;90,5;9,093522378;2,434746504;6,94948239;7,000111818;0
1263;10;31,07704896;72,5;8,77569759;2,4350667;1,899721779;1,456627846;0
1264;15;36,8976584;72,33333333;9,07709398;2,436934233;6,270990273;5,39118433;0
1265;10;43,9501628;72;7,609671862;2,437243223;3,204260451;2,701937795;0
1266;15;55,8851074;65,66666667;8,815706473;2,437578678;5,389670501;3,544381499;0
1267;15;62,97710278;77,16666667;10,11208375;2,43838191;9,254406685;9,456748247;1
1268;10;35,07534897;83,5;7,451496938;2,438755989;3,503232834;3,216388702;0
1269;10;33,48787775;74,5;7,579707233;2,440745831;3,06185133;2,556043267;0
1270;10;43,85586351;67,83333333;7,529310382;2,440746069;2,063547885;1,561814785;0
1271;10;34,84603135;66,33333333;7,590352462;2,444183588;2,781487705;2,143789053;0
1272;15;55,15257353;60,33333333;9,384100867;2,444374561;4,583721347;4,065355062;0
1273;15;46,74588275;82,66666667;8,980311637;2,444386482;6,476390855;6,38274765;0
1274;10;34,84049761;25;6,410267072;2,44523263;1,332205236;0,467815042;0
1275;10;24,37779211;43;6,519290552;2,446154356;1,516304573;0,661319852;0
1276;10;15,50237917;29,66666667;12,52147249;2,447310209;1,013437708;0,299057245;0
1277;10;10,86808208;11,33333333;5,136197344;2,44862318;0,639078944;0,059679508;0
1278;15;43,4671704;87,33333333;9,605156237;2,450355291;6,739159114;6,795411944;0
1279;10;4,593499238;5;11,60541861;2,45045042;1;3,24E-05;0
1280;10;40,27950981;64;7,872803912;2,450941324;2,704721598;2,0115484;0
1281;10;56,22689107;79,5;7,996622406;2,450953722;3,132758682;2,947256207;0
1282;10;32,32245342;64,66666667;7,713851375;2,451207399;2,255739483;1,598334074;0
1283;15;3,87029151;5;13,56037567;2,453674078;1;9,16E-05;0
1284;10;67,55326699;74,5;9,219603202;2,45607686;4,695582212;4,775984645;1
1285;10;54,24269841;63,5;7,603267234;2,456216812;2,511002307;1,904083252;0
1286;10;14,17321271;17,83333333;10,26985715;2,458118439;1,196367904;0,227943182;0
1287;10;13,70479257;19,66666667;9,931865509;2,459026575;1,316712737;0,230395079;0
1288;10;38,81537923;71,16666667;9,131115867;2,459173203;1,905919241;1,208177447;0
1289;10;4,530154263;5;12,9276118;2,460861444;0,882352941;9,21E-05;0
1290;15;38,12596583;92;7,867339508;2,461004019;5,99792861;6,158852816;0
1291;15;61,22043089;72,83333333;10,66173408;2,462296486;6,279149609;6,391220212;1
1292;15;44,14674688;91,33333333;8,161699772;2,462306738;7,050350028;7,279867411;0
1293;15;56,79569229;82;8,535313569;2,463140488;5,470461118;5,532438755;1
1294;15;45,05617307;84,16666667;9,320175325;2,4632442;6,403162558;6,393336058;0
1295;10;15,93412366;22,66666667;7,091547883;2,464536667;1,448269664;0,284067512;0
1296;10;42,57484804;32,16666667;8,574188905;2,465252161;1,588759942;0,743939042;0
1297;15;67,98570792;65,33333333;9,935251805;2,465480089;6,299697047;6,47280252;0
1298;10;4,731735926;9;9,070236683;2,469780922;0,667037022;0,038533211;0
1299;15;58,54522004;87;9,262175341;2,470015287;5,947643512;6,300836325;1
1300;15;37,54739436;87,33333333;9,228687511;2,471772671;6,168595651;6,125240088;0
1301;15;59,01700539;82,5;9,157117824;2,472113371;8,443340903;8,5836972;1
1302;15;50,95424419;78,33333333;9,97737226;2,472817421;6,313031654;6,205236673;1
1303;15;57,13028829;72,5;8,683872269;2,474049807;5,565213399;5,308942676;1
1304;10;11,44271222;6,5;11,91180582;2,476959705;1,925726473;0,149303079;0
1305;10;46,63009365;61,66666667;7,451382484;2,477767706;2,326072711;1,698479652;0
1306;15;3,333956731;5,333333333;10,02581653;2,478085279;0,99920287;0,00069809;0
1307;10;29,45219825;60,83333333;7,339622483;2,478574753;2,158133703;1,496702194;0
1308;10;44,61412068;86,83333333;10,71705028;2,478650808;7,225394492;7,343656659;0
1309;10;11,77441656;10,33333333;12,23414895;2,47903347;1,39440918;0,199303031;0
1310;10;45,89160798;52;8,006509345;2,479058266;2,034852991;1,22603476;0
1311;10;35,94150517;40,33333333;6,731789906;2,479948997;1,68683615;0,841579199;0
1312;10;43,40901136;85;9,474893814;2,480481386;1,735440837;1,641601324;0
1313;10;63,96156838;85,83333333;7,017063815;2,480775595;4,089592649;4,144862175;1
1314;15;30,88612869;69,66666667;9,254172311;2,481796741;7,684246586;6,26815486;0
1315;15;48,98455315;93;11,31605235;2,482303858;11,45204412;12,16676331;0
1316;15;39,43040918;93,33333333;8,046986002;2,483991146;4,901552443;5,076565862;0
1317;10;34,12451855;56,66666667;8,749289434;2,485071659;1,578032181;0,990772843;0
1318;10;45,43858678;70,83333333;7,533752511;2,48588562;2,448603981;1,962631941;0
1319;10;21,3417702;41,16666667;9,285677487;2,486579657;1,250898795;0,600050449;0
1320;10;37,75959211;69,5;7,192742861;2,486614466;2,202203439;1,837056994;0
1321;10;10,47046483;20,5;9,71191063;2,491800308;1,528847631;0,313341379;0
1322;10;43,51616074;61,5;8,984797002;2,496030331;2,476342282;1,833125472;0
1323;10;41,25649738;44,16666667;7,066699849;2,496315718;1,989221127;1,130114555;0
1324;10;34,65249625;78;8,399804876;2,499786615;3,670367545;3,228982687;0
1325;10;38,19797222;91,66666667;8,910480812;2,500237465;1,165006277;1,188327551;0
1326;10;13,98396205;17;9,409159268;2,500311613;1,044090858;0,186548233;0
1327;15;53,74636312;75,83333333;9,997425849;2,500338078;7,10255736;7,278204679;1
1328;15;55,77478785;82,5;9,078447683;2,500926256;5,943527575;5,986519694;1
1329;15;44,04593519;86,5;9,328724018;2,501509428;6,089079819;6,206349373;0
1330;15;43,33538986;78,33333333;8,202564778;2,501767635;4,950086349;4,756296873;0
1331;10;31,22136507;37,16666667;8,962170961;2,502281666;2,182365233;0,909698725;0
1332;15;60,0577375;83;9,315943311;2,502807856;7,461190458;7,798659682;1
1333;15;37,89455222;84,83333333;7,944957448;2,504612923;4,780763043;4,687845826;0
1334;10;34,33200023;70;7,092520867;2,505474806;1,13842997;0,876589179;0
1335;10;20,43004408;33,33333333;9,525923648;2,50570178;1,225313299;0,410924435;0
1336;10;26,20243912;31,66666667;10,07803351;2,506856918;1,411194613;0,539273143;0
1337;10;14,5867598;21;7,347286384;2,506938934;1,150467626;0,253952026;0
1338;10;37,90926492;64;7,464783135;2,508592844;2,774052883;2,152558923;0
1339;10;44,20888754;90;8,700130503;2,511007547;4,739331937;4,934692979;0
1340;10;11,75538765;16,16666667;7,866467249;2,512535334;1,247069817;0,189871073;0
1341;15;39,4644951;87,16666667;10,97704923;2,514581442;10,56026841;10,81498289;0
1342;10;32,32770034;42;7,75410506;2,515481234;1,850609516;0,984754205;0
1343;15;50,55216648;86,66666667;10,56998557;2,516205549;8,4943414;8,990397334;1
1344;15;40,99694571;81,66666667;9,988160423;2,516388655;6,011184089;5,981007338;0
1345;10;34,21815858;66,66666667;11,67293558;2,519591331;2,121581346;1,587541342;0
1346;15;52,83182404;77,33333333;9,538383611;2,520174026;5,821728645;6,041974902;1
1347;10;42,4994597;62,83333333;11,24011668;2,521053314;5,829650617;4,188858747;0
1348;10;60,8886972;74,33333333;7,474066932;2,521285057;2,592968226;2,464566469;0
1349;10;28,37565922;32,5;8,202783181;2,523604155;1,380231078;0,479414225;0
1350;10;52,95482968;85,83333333;8,037619529;2,523612976;2,713541494;2,666256785;0
1351;15;42,27244412;86,83333333;8,504298394;2,524209738;6,650406318;6,822288394;0
1352;10;66,7995267;70;9,217190269;2,524581432;4,01815157;4,173809886;1
1353;15;42,16850839;94,83333333;9,633851327;2,5252285;9,404258321;10,19192111;0
1354;10;51,73288051;75,5;8,230691629;2,525497675;2,766068298;2,465661407;0
1355;10;54,55946718;51;8,703817684;2,525796413;2,338699452;1,757214427;0
1356;10;51,10282616;47,16666667;9,023446214;2,527096748;2,037451249;1,491482377;0
1357;10;44,87758669;76,66666667;9,079560637;2,528055906;3,863732251;3,526023388;0
1358;10;10,11047765;8;11,46212259;2,528286219;1,615454131;0,094981551;0
1359;15;56,2857194;76,66666667;8,597637873;2,528570414;4,069700653;4,0587008;1
1360;15;46,18457077;91,66666667;8,25941572;2,529553413;6,804691604;7,222071052;0
1361;10;41,78652563;76,16666667;8,961078838;2,530119896;3,483900106;3,165353179;0
1362;10;57,20376159;64,5;8,790178965;2,530255079;3,014560009;2,713978648;0
1363;15;56,8972137;92,5;9,683869804;2,530758619;9,092407997;7,405188084;1
1364;15;55,56517416;57,66666667;11,03000975;2,532685757;8,229532361;7,71100831;0
1365;10;24,9169376;53,83333333;7,127678756;2,53423214;1,94478418;1,12091887;0
1366;10;50,45885829;72,83333333;7,071604557;2,534256458;2,957916377;2,518489242;0
1367;15;47,17739861;85,33333333;9,130878343;2,53471303;6,477024157;6,668823838;0
1368;15;47,03332026;91,16666667;8,381216153;2,535936356;7,471447781;7,901494741;0
1369;10;51,31724444;68,5;7,64339438;2,537613392;3,248823637;2,656312227;0
1370;10;27,29812826;64,33333333;8,293366306;2,538918972;2,252615125;1,611172438;0
1371;10;11,25023924;14,33333333;7,125611779;2,540857315;1,029674547;0,05421102;0
1372;10;22,36163316;40,83333333;9,494629087;2,542359352;1,179173296;0,662846684;0
1373;10;31,5966392;73,16666667;12,97348037;2,542528629;3,595561987;3,311154127;0
1374;15;52,38990373;76,16666667;9,819169772;2,543312311;6,281954956;6,518858194;1
1375;10;29,82098153;64,83333333;6,828824199;2,545482874;2,203899798;1,654742002;0
1376;10;50,99508131;69,66666667;7,771894645;2,546884537;2,199605123;1,95506072;0
1377;10;44,5019806;77;6,628858483;2,548295259;2,625356708;2,449609399;0
1378;10;41,12652836;61,83333333;9,407213717;2,549205065;3,243354586;2,642244816;0
1379;15;41,82776706;76,55555556;9,423760674;2,550293922;6,957694025;5,080073237;0
1380;10;10,55452288;6,166666667;10,40093135;2,554125547;1,759623369;0,121937871;0
1381;15;53,51509758;80,5;9,834963993;2,554579496;8,49587768;9,121186972;1
1382;10;33,45130492;53,33333333;8,441075305;2,554682732;2,993433115;1,814815521;0
1383;15;39,21105053;81;6,651798545;2,556326151;3,968125966;3,8699826;0
1384;15;42,72516335;92,66666667;9,027870405;2,556997299;7,706775137;8,320721507;0
1385;15;40,81856647;86,5;8,084302114;2,557738781;6,584315155;6,761879206;0
1386;15;49,30832603;81,33333333;9,811753769;2,557886362;6,214647763;6,537369728;0
1387;10;4,567152827;5;10,86370283;2,559551001;0,986666667;3,55E-05;0
1388;10;36,23742382;73,66666667;7,311974202;2,56058979;2,546357311;2,194645166;0
1389;10;41,35923754;80;8,771270596;2,562028408;3,654587125;3,448539376;0
1390;10;4,641348365;5;12,0520722;2,5625;1;5,87E-05;0
1391;15;41,07224547;92,5;9,281611444;2,563926458;8,015644258;8,678449273;0
1392;10;36,8260055;54,33333333;6,922466011;2,563964128;2,44837209;1,569832802;0
1393;10;9,556016327;8;10,72701469;2,564512253;1,054212317;0,241505861;0
1394;10;51,06350274;70,16666667;10,79269294;2,566767454;4,214201257;4,138656855;1
1395;10;5,076008333;5,666666667;11,27568612;2,566884518;0,991307104;0,013386846;0
1396;10;48,68094646;79,16666667;11,60162397;2,567190886;6,30172973;6,434070826;0
1397;10;53,75317542;48;7,930725493;2,570040941;2,381028828;1,705798864;0
1398;10;39,30452064;61,33333333;6,745265282;2,571414948;1,713199851;1,112353683;0
1399;15;44,51770186;90,83333333;9,802849694;2,571736097;8,463637537;9,126851916;0
1400;10;38,40644084;45;7,321922775;2,573115587;1,79342874;1,004365921;0
1401;10;38,85408903;92,33333333;7,973095317;2,573832273;3,608515227;3,824388146;0
1402;10;13,89490432;12,5;7,606343387;2,574718475;1,073158219;0,157299042;0
1403;10;52,74044499;74,33333333;6,43875319;2,575284004;1,884285262;1,691770792;0
1404;10;15,14424697;45,5;9,524480305;2,575680494;0,956035229;0,631676078;0
1405;15;38,57048717;78,66666667;8,9967834;2,576798201;5,860159308;5,661769629;0
1406;10;20,40810989;37,66666667;9,062107238;2,578500271;1,166552163;0,479650497;0
1407;10;44,49847466;42,66666667;8,828857934;2,57928896;2,670665281;1,601344109;0
1408;10;4,256256854;5,166666667;6,979235444;2,579774141;0,898797984;0,008554339;0
1409;10;37,27567801;68,16666667;8,288125929;2,579842567;1,331583016;1,050512195;0
1410;10;41,5309336;34,16666667;13,02657422;2,580272913;3,202496276;2,023577213;0
1411;15;53,33870613;81,83333333;10,24400989;2,581968784;7,427872008;8,007138729;1
1412;10;32,3822997;49;9,907492358;2,582116842;3,254333625;1,820375919;0
1413;15;52,83444632;42;10,66963662;2,582326174;4,747782434;4,064027309;0
1414;10;53,55876823;73;8,542501592;2,582434177;2,881687901;2,594055414;0
1415;10;34,37797007;40,83333333;6,244043195;2,583418131;1,41043907;0,739567161;0
1416;15;50,93087237;87,16666667;7,070279166;2,585583925;3,177068969;3,331252813;0
1417;10;4,423508132;9,833333333;10,89537865;2,585775614;1,042319165;0,227696061;0
1418;15;46,09855457;75,66666667;9,231442285;2,590463161;5,537497895;5,564396977;0
1419;15;42,5497328;83,16666667;9,125986464;2,591227531;5,152927808;5,308837056;0
1420;10;5,713075067;6,666666667;11,79053511;2,591383457;1;0,000917792;0
1421;15;29,50545873;66;8,704445863;2,59348774;4,783083829;3,882979393;0
1422;15;44,83801392;84,5;8,982814831;2,593759537;6,60699374;6,892024398;0
1423;15;65,85208235;46,5;9,962563603;2,594329596;4,512454661;4,468990445;0
1424;10;27,73364777;48;12,17380746;2,595378876;1,791324907;1,022533655;0
1425;10;10,70681255;12,16666667;10,07175837;2,59556818;1,143158762;0,174230814;0
1426;10;43,49029859;69,5;8,015850304;2,59660697;2,65883253;2,145150185;0
1427;10;33,48874042;58,83333333;14,08450288;2,597729445;7,006032785;5,922059774;0
1428;10;46,15848404;72,5;6,850909625;2,598213196;2,304633692;1,957134366;0
1429;10;34,76676819;72,83333333;9,040752072;2,598433971;3,833190675;3,352821589;0
1430;10;34,23700169;34;8,314965975;2,599219799;1,27872463;0,559659004;0
1431;10;24,66550899;40,66666667;9,394271489;2,599264383;1,266947642;0,513321519;0
1432;15;43,15928055;65,66666667;8,693644241;2,599872589;5,744744259;4,917516947;0
1433;15;59,94280385;69,83333333;8,32463059;2,601046085;3,844127366;3,889708281;0
1434;10;31,8129418;29,66666667;8,974598554;2,601400375;1,486310226;0,604560971;0
1435;10;8,769367867;6,666666667;10,00138191;2,603428125;1,003360978;0,00713408;0
1436;10;12,36361276;6,666666667;9,233338669;2,603449106;1,823704205;0,138857007;0
1437;15;43,86810582;86,16666667;8,103874938;2,604005098;5,357246884;5,61234796;0
1438;10;4,630282086;5;8,781499527;2,604351997;0,958419958;0,000264525;0
1439;10;34,1379358;51;9,443249178;2,607529163;1,774356451;1,134220958;0
1440;10;48,86816935;43,16666667;12,85344737;2,608545303;3,584173849;3,017482042;0
1441;15;45,78603191;89,83333333;9,223767661;2,608893394;8,467734141;9,209461689;0
1442;15;54,62147008;92,16666667;8,064710843;2,608943462;4,480061553;4,942882776;1
1443;15;35,24656627;84,33333333;9,194853664;2,611034632;5,327119797;5,509856939;0
1444;15;45,16670389;93;9,686067359;2,614392281;7,249519931;8,042013884;0
1445;15;44,36785353;75,66666667;8,366568458;2,615154982;4,261614125;4,248942971;0
1446;10;26,25236259;37,83333333;6,671211437;2,616822958;1,756453996;0,564723969;0
1447;10;43,39492631;70,33333333;7,996895482;2,617050648;2,766508532;2,249203801;0
1448;15;14,26108022;18,16666667;8,023922484;2,617469788;3,353479313;0,758561254;0
1449;10;50,05734418;83,33333333;7,092828932;2,618432045;1,927758258;1,938018918;0
1450;15;39,00757421;94,83333333;9,300185376;2,619539738;7,300615811;8,142012119;0
1451;10;40,96976781;84,83333333;8,693570514;2,619737387;3,732540904;3,830574512;0
1452;15;26,7251593;52,5;11,80338316;2,619992018;1,659535017;1,101928473;0
1453;10;44,76351419;90,5;9,99375851;2,62031889;6,778217067;7,344305038;0
1454;15;38,75572876;89,5;9,188874609;2,620586872;7,270469837;7,82003653;0
1455;15;52,76661772;75,83333333;8,566981547;2,621604681;6,272009398;6,275425911;1
1456;10;48,97254506;45,5;7,687212277;2,623589754;2,079359079;1,427945733;0
1457;15;3,184771455;5;14,02618331;2,623762369;1;3,16E-05;0
1458;10;51,36941516;40;8,024313903;2,62382412;1,849778461;1,176416397;0
1459;10;52,40915114;76,16666667;9,059739183;2,624194384;2,554622855;2,411764383;0
1460;10;41,42825138;44;9,671664694;2,624845266;2,740759952;1,855014682;0
1461;10;28,49020417;22,33333333;9,283369329;2,625820875;1,313329104;0,422515869;0
1462;10;31,44177233;34,66666667;9,659080407;2,626787901;1,49215622;0,699375749;0
1463;15;54,09362944;89,33333333;7,762491993;2,628957033;6,464366519;7,082705379;1
1464;15;42,94941448;55,33333333;9,440234557;2,629846811;5,232605572;4,118806362;0
1465;10;50,15046931;87,5;9,665868078;2,630626678;4,059861549;4,019813418;1
1466;15;56,3795302;86,5;8,307337799;2,63118124;6,103560881;6,675101042;1
1467;15;41,65528094;94;9,632617623;2,633428335;8,292437565;9,303750277;0
1468;10;52,85575461;60;7,267300427;2,633581638;2,058648817;1,602213621;0
1469;10;29,83703065;70,83333333;8,686000884;2,634595394;2,017504681;1,494433761;0
1470;10;32,35325369;72,5;7,795144719;2,635461807;2,879746631;2,431150794;0
1471;10;8,969411322;12,33333333;10,81672079;2,636530161;1,030683139;0,108511686;0
1472;10;11,42392338;13,83333333;9,628589632;2,63671279;1,008501288;0,155377507;0
1473;10;55,45420725;80;9,918300905;2,636950254;4,847251374;5,040379643;1
1474;10;18,02197891;27,5;8,826040107;2,637326241;1,25600802;0,395454884;0
1475;10;39,62683183;77,66666667;8,465500918;2,640367985;3,464148171;3,275437713;0
1476;10;29,21408995;41,66666667;8,972097222;2,640850782;1,359187152;0,679300189;0
1477;10;12,54601672;16;10,44215323;2,641460419;1,211619105;0,205525875;0
1478;10;13,08164859;20,66666667;8,222469591;2,64169836;1,003934616;0,276330352;0
1479;10;38,72960387;94,66666667;7,83306931;2,6421175;3,660115836;4,134096861;0
1480;15;47,35404755;65,16666667;8,774559251;2,64433217;3,571699518;3,516099811;0
1481;10;21,42155988;24,33333333;10,18894532;2,644433975;1,285048899;0,378598571;0
1482;10;13,67632116;41,16666667;10,59642768;2,644747019;1,353231501;0,634150982;0
1483;15;23,80385282;59,16666667;10,1527216;2,645273209;2,445990384;1,915407062;0
1484;10;35,61076276;49,16666667;8,819939475;2,648230553;3,176664783;1,837221622;0
1485;10;4,924354167;5;10,32780626;2,648367882;1;0,000212789;0
1486;15;44,31963325;74;8,987110516;2,648819685;4,201256834;4,115237117;0
1487;10;20,72653246;20,5;10,25363527;2,649797201;1,447659128;0,397476792;0
1488;10;24,35276258;28,16666667;8,78798529;2,650577307;3,2636741;1,237430692;0
1489;15;36,22568955;73,16666667;8,118214043;2,652045012;4,575336088;4,228251219;0
1490;10;35,87145928;76,5;7,317532058;2,652800322;2,923661768;2,752325416;0
1491;10;18,13610295;27;10,80672177;2,655920506;1,30896622;0,394616246;0
1492;15;43,0028928;82,33333333;9,031038781;2,65594697;7,24436876;7,585860133;0
1493;10;41,72313941;45,5;7,588618621;2,658705473;2,033109951;1,256647468;0
1494;10;26,35957268;39,66666667;10,25262061;2,660036564;1,176716364;0,582366586;0
1495;10;42,16432022;39,83333333;8,314614194;2,661645651;1,870409862;1,032185793;0
1496;10;46,43477348;64,83333333;9,081914642;2,664504051;3,178505099;2,546777964;0
1497;15;56,69168754;57,72727273;8,744669498;2,664860964;3,046175977;2,117027998;0
1498;10;38,07935892;85,33333333;8,565608194;2,666344643;4,540726328;4,69256568;0
1499;10;64,87129634;75,5;8,940300882;2,666739941;3,115251995;3,310098648;0
1500;15;60,26840111;75,16666667;8,985944971;2,66842556;5,584503381;6,07531774;1
1501;15;3,892017834;5;12,11978357;2,6701653;1,000082651;0,003851533;0
1502;10;8,791156699;13,83333333;6,776410493;2,670293331;1,000505281;0,122910857;0
1503;10;46,2765031;66,66666667;8,326617132;2,674042702;2,394103597;2,016127586;0
1504;10;60,88182596;48;8,846745694;2,676350832;3,129108041;2,610897064;0
1505;10;9,451919639;13,5;9,615607106;2,677390099;1,101782562;0,141446471;0
1506;10;20,69330842;57,66666667;7,46939857;2,678948641;1,920105915;1,420310259;0
1507;10;45,27113946;70,16666667;7,878071728;2,680441141;2,651171648;2,484543324;0
1508;10;45,81087946;61,25;8,410898073;2,682111979;2,22053908;0,70752871;0
1509;15;46,86424308;83,5;10,06443094;2,684156895;6,978325007;7,691684961;0
1510;15;3,862998331;5;10,41408168;2,684210539;1;1,82E-05;0
1511;10;40,03783323;82,5;7,682412413;2,68575263;2,674242552;2,741564751;0
1512;15;55,75250937;84,66666667;8,807297905;2,685791254;6,625784671;7,321174145;1
1513;10;12,70375379;17,33333333;8,705351298;2,686075449;1,062241718;0,128563643;0
1514;10;47,58485083;75,5;10,60340137;2,686475515;5,235001469;5,317002177;0
1515;15;3,964602762;5;10,6031748;2,687316656;1;0,000982523;0
1516;10;47,52715654;74,83333333;7,413176845;2,688802481;2,184553069;2,0144732;0
1517;15;38,77371666;85,66666667;8,364398591;2,690091133;5,290418256;5,6320225;0
1518;15;33,68652239;46,16666667;7,889355702;2,690244198;2,570190301;1,687634826;0
1519;10;37,59712078;41,33333333;11,01974905;2,692810059;1,625288207;0,968980312;0
1520;10;41,30411789;62,16666667;6,062567099;2,692989826;2,043764388;1,569555163;0
1521;10;38,55895523;56;7,732651774;2,693483353;2,76385795;1,880794525;0
1522;10;47,75597;50,5;8,391604446;2,693639755;2,125135445;1,527822375;0
1523;15;51,7529966;86,66666667;9,279011463;2,694857597;5,747223755;6,338973761;1
1524;15;34,26113601;82,66666667;8,415287928;2,695931196;4,925837115;5,037927866;0
1525;15;50,36079097;87,66666667;8,539314451;2,6962502;6,111446378;6,812508345;1
1526;15;56,97859645;75,83333333;7,841189774;2,696390867;4,367143463;4,638287306;1
1527;15;39,5689306;78,83333333;7,078010851;2,697030544;3,58582238;3,619111061;0
1528;10;45,54496659;93,66666667;10,25230692;2,697174549;4,91213899;5,682418346;0
1529;15;7,499191635;15;9,446822879;2,698373318;1,028190141;0,147511959;0
1530;10;10,61972905;11,5;7,518746613;2,6985116;1,139186867;0,131796718;0
1531;10;23,24662795;41,5;6,939802455;2,698661566;1,626083825;0,788579583;0
1532;10;49,97183854;67;7,895996266;2,700732708;2,774493466;2,429836512;0
1533;10;44,90205891;74,33333333;9,00971056;2,704656124;1,584939145;1,488411665;0
1534;15;56,56668048;72,83333333;7,794573689;2,705367565;4,261227345;4,369837403;1
1535;10;32,70672003;71,66666667;8,196768806;2,707281828;2,438356767;2,130111933;0
1536;15;40,01840332;87,66666667;8,271954495;2,708204985;4,999136952;5,367022753;0
1537;10;51,87581859;43;8,383286019;2,70849371;1,338402843;0,882123232;0
1538;15;36,69648723;66,16666667;8,536242915;2,710492849;3,603310734;3,297261119;0
1539;15;49,68044006;77,5;9,043867573;2,712733984;3,591673883;3,491274118;0
1540;10;11,66898472;12,66666667;11,64673179;2,712901592;1,03495236;0,320023179;0
1541;10;30,60200028;53,33333333;9,996772205;2,714028597;1,407806329;0,886353374;0
1542;10;39,55108689;51,16666667;7,298483483;2,714868307;1,755393631;1,19897151;0
1543;10;39,33842317;71,83333333;8,910650068;2,715096235;3,448829808;2,831651568;0
1544;10;47,63709764;89,33333333;8,196866295;2,715456009;4,724648488;5,209694982;0
1545;10;68,28336873;73,16666667;9,51166833;2,715975285;4,674392492;5,225543976;1
1546;10;44,36047248;49;9,617490276;2,716428518;1,923303112;1,41148293;0
1547;15;39,78695726;95;7,83339323;2,717416525;4,948195463;5,765970826;0
1548;10;48,88475347;74,83333333;6,548102163;2,718186378;2,00329169;1,951722741;0
1549;15;50,73888467;88;10,04855931;2,718652964;7,162223551;8,219402194;1
1550;10;22,98312915;41;13,27579921;2,719279528;1,047660339;0,514247298;0
1551;15;42,16809032;20;12,09125841;2,719353914;1,667473277;1,010136604;0
1552;10;35,89516396;65,83333333;7,665765195;2,720484972;2,910497592;2,432768464;0
1553;10;17,8554807;18,16666667;10,66066328;2,720780373;1,050521901;0,216912985;0
1554;15;37,7124585;68,83333333;8,754542535;2,721728086;3,46332069;3,237125993;0
1555;10;16,83138603;22,16666667;7,254335734;2,72228241;1,187621124;0,309045911;0
1556;10;37,97709223;64,66666667;7,715278924;2,723635435;2,981357164;2,531617522;0
1557;10;7,333505251;5,666666667;12,39133318;2,724270582;1,712739513;0,068247318;0
1558;15;49,7489667;73,33333333;10,3084692;2,724796534;5,709527852;6,280211687;0
1559;15;47,771526;84,66666667;10,22496792;2,725499868;6,533938579;7,381920099;0
1560;15;43,25904106;83,33333333;9,816891431;2,726881981;6,317836529;6,878168344;0
1561;10;54,38606059;85,83333333;7,809628195;2,728083611;5,466770462;6,077218652;1
1562;10;16,47207824;30,83333333;8,904891029;2,729342699;1,200432006;0,435956836;0
1563;15;46,53572748;86,33333333;7,332563064;2,729772568;3,598418959;3,886269331;0
1564;10;49,65527876;77,66666667;9,344736648;2,734154463;3,73382703;3,686741471;0
1565;10;57,14600074;80,66666667;9,416092567;2,735382557;3,166299547;3,362188458;0
1566;15;40,82046075;89,66666667;9,978871346;2,736414671;7,015838793;7,960025191;0
1567;10;6,701565339;5;12,54672974;2,738349915;0,999236641;0,000854611;0
1568;15;38,85891683;94;9,815287748;2,738551855;7,417619514;8,633752584;0
1569;10;26,36701692;54,33333333;8,593767646;2,738595724;2,605417296;1,788806081;0
1570;10;21,82143454;50,66666667;8,332140551;2,7393713;1,761195429;1,09810555;0
1571;15;34,87192103;94,5;9,919569078;2,741284132;6,850063585;7,972141623;0
1572;15;3,465339177;6,5;2,165126185;2,741709948;0,87776358;0,019308567;0
1573;10;6,24476064;7,833333333;8,283625895;2,743788481;0,979038145;0,044745564;0
1574;10;16,71731314;24,83333333;8,757574678;2,74762702;1,31543628;0,379260659;0
1575;10;36,5173636;68,5;6,735715418;2,748715162;2,591520589;2,282281995;0
1576;15;50,39129223;86,16666667;8,143937663;2,748926163;5,407537202;6,01423049;1
1577;15;45,08137327;89,33333333;9,858859659;2,750017643;7,305922128;8,366433263;0
1578;15;54,19304897;88,16666667;9,653029878;2,750049591;6,436943669;7,424561977;1
1579;10;13,81265231;23;8,057366025;2,75188756;0,962205579;0,252575636;0
1580;10;32,63373773;47,83333333;6,729782764;2,751948833;1,112505965;0,698291183;0
1581;10;39,26392539;63,5;9,13487251;2,753299713;3,108045959;2,675919056;0
1582;10;42,75594425;78;9,665240173;2,753419638;3,079232729;2,883354306;0
1583;10;4,505404042;6,333333333;12,75004943;2,754123211;1,009811634;0,123064399;0
1584;15;57,77440871;85,33333333;7,783384137;2,754192352;4,559080114;3,921405792;0
1585;15;6,398246961;10,16666667;9,807446131;2,754420042;1,01502691;0,112582207;0
1586;10;56,89946132;60,66666667;8,209098176;2,75515461;2,731141073;2,406789064;0
1587;10;52,2891361;60,83333333;8,947572957;2,755680561;3,082441837;2,628316402;0
1588;10;41,82948077;71,5;9,539904452;2,756120205;3,711379803;3,567171574;0
1589;10;13,5908405;16,33333333;9,988162199;2,757214546;1,114846294;0,219184637;0
1590;10;37,26766743;68;8,806866101;2,757726431;1,370290156;1,161872983;0
1591;10;51,51072025;77,66666667;8,816403168;2,760670185;2,795502269;2,687038779;0
1592;10;50,95001893;63,16666667;8,524881558;2,761042118;2,52275172;2,264822483;0
1593;10;41,53078079;68,5;9,596314716;2,762334585;2,250894129;1,745406508;0
1594;15;16,12250048;62,83333333;8,365915032;2,762836456;3,880571576;3,195178032;0
1595;15;44,63943719;83,66666667;8,552323295;2,763038397;5,034489038;5,599918008;0
1596;10;51,08627927;48,16666667;7,644273262;2,764323473;1,953030844;1,497146964;0
1597;10;29,92698168;52,5;8,344385834;2,767331839;1,200345798;0,289717793;0
1598;10;8,532720671;7;10,73054961;2,768996477;1,051616689;0,07452774;0
1599;15;29,09743082;74,33333333;10,41650469;2,769982815;8,080001797;7,839439511;0
1600;10;35,38596644;55;8,122893623;2,77050972;2,340040846;1,745291352;0
1601;10;34,60556894;42,16666667;8,066561007;2,770629168;1,77217369;1,009129524;0
1602;10;22,32308594;31,16666667;9,692955121;2,770961761;1,487225436;0,569946647;0
1603;10;12,90928889;11;7,186088547;2,770985603;1,006691907;0,140182614;0
1604;10;4,576141318;5;11,96931493;2,771171093;1;0,000183344;0
1605;15;41,09374961;80,66666667;8,283153544;2,771579742;4,058597359;4,363006592;0
1606;15;57,72598227;61,66666667;8,707269556;2,772881985;3,894027607;3,952355385;0
1607;10;51,29962332;65,5;7,867406214;2,77296114;2,702671063;2,40624249;0
1608;10;54,71086387;71,5;8,511463408;2,773761272;3,160235571;3,17872417;0
1609;10;50,52721895;65;8,060100052;2,773900986;2,087473868;1,754958391;0
1610;15;39,0984396;58,83333333;8,629679519;2,774483919;4,286196842;3,519439101;0
1611;10;4,553945297;5;9,613802142;2,775000095;1;1,32E-05;0
1612;15;56,01290596;90;9,413886625;2,7750144;7,591508532;8,889628768;1
1613;15;31,10553912;73,83333333;9,120220759;2,775425673;3,971288671;3,865951061;0
1614;15;61,03719399;73,16666667;9,34749541;2,776068449;4,784888894;5,415392876;1
1615;10;11,34046213;20,16666667;12,43429901;2,776377678;1,004562886;0,211457729;0
1616;10;25,88534848;55,5;8,178388786;2,777436495;2,858615402;1,892436743;0
1617;15;55,00475718;87,16666667;8,808476869;2,777850628;5,488267691;6,411364675;1
1618;10;49,01069493;61,22222222;9,665288821;2,779177427;3,330187738;2,12173152;0
1619;10;30,97990421;37,83333333;9,171019446;2,77941227;1,580880281;0,756726265;0
1620;15;43,29943403;74,83333333;8,027991174;2,779601336;3,353902713;3,298612118;0
1621;10;38,68721721;72,16666667;8,104563108;2,781366348;3,109024479;2,920166373;0
1622;15;37,93763985;84;9,290117735;2,782052755;5,738598202;6,249812007;0
1623;10;33,16372445;69,83333333;7,631469804;2,782986641;2,540683185;2,283605814;0
1624;10;47,29620747;66,33333333;9,232444073;2,783033371;3,279538365;2,936326623;0
1625;10;41,96946047;60,83333333;7,617612913;2,784437895;1,97459318;1,557050109;0
1626;10;37,98341436;35,83333333;10,0499336;2,785673857;2,858456406;1,648665309;0
1627;15;53,41314359;77,66666667;7,687179403;2,790095329;4,805430541;3,888778329;0
1628;10;5,191252429;5;12,10283895;2,792421818;1;0,00020206;0
1629;15;42,97154827;79,33333333;10,47691788;2,796578407;6,697237851;7,398997664;0
1630;15;37,2381855;90,5;8,947827473;2,79747653;6,830919823;7,947753668;0
1631;10;30,7365418;31;7,502074518;2,797712088;1,805588157;0,757842898;0
1632;15;50,87643618;90,16666667;8,817695751;2,798208952;4,05840145;4,80644238;1
1633;10;18,03209912;72,83333333;9,220822774;2,801783085;3,205173206;2,969368219;0
1634;10;28,51359154;74,83333333;8,082317057;2,801824808;2,400445357;2,207113385;0
1635;15;37,84857302;73,66666667;8,314148855;2,802895784;3,732307284;3,722992659;0
1636;10;19,08068302;22,66666667;10,58232515;2,803138256;1,185609093;0,339016795;0
1637;15;44,93357942;79,66666667;9,921961905;2,803165197;5,170416089;5,734984279;0
1638;10;11,99929011;16,33333333;8,472163782;2,803346395;1,344000679;0,269876719;0
1639;10;37,83906804;68,33333333;8,062063884;2,805536032;1,88917475;1,61594522;0
1640;10;41,0198274;73;9,032196438;2,806671143;3,018148382;3,022873759;0
1641;15;48,38794275;78,16666667;8,730077745;2,807957411;4,695574564;5,26642406;0
1642;10;4,606948079;5;12,43629883;2,809200048;0,994495413;0,000308394;0
1643;10;30,09626614;37,83333333;7,093234525;2,810926914;1,539057559;0,704532146;0
1644;10;30,85228657;38;8,004915094;2,812807322;1,639425411;0,849336505;0
1645;10;30,51583785;53,5;8,751575728;2,814594269;1,492456956;0,840057254;0
1646;15;32,59689023;38;8,310972883;2,815042734;1,865090029;1,341086745;0
1647;10;37,99887815;56,66666667;8,29991649;2,816620111;1,917011196;1,382354617;0
1648;15;40,18529478;87,83333333;10,37144025;2,817126751;9,576351785;11,01144969;0
1649;10;38,04009874;38;7,231826503;2,817581654;1,566925059;0,892813087;0
1650;10;54,29683631;46,16666667;8,989545794;2,817769766;2,302202816;1,816066742;0
1651;10;8,133970524;14,33333333;13,60517546;2,819434881;1;0,000487685;0
1652;10;4,727265113;5,166666667;12,94819326;2,820515633;0,640278168;0,003064752;0
1653;10;26,7788972;39,33333333;7,114874161;2,820551634;1,353975847;0,677962661;0
1654;10;7,138568776;9,333333333;11,81524331;2,820991755;0,990324059;0,005367517;0
1655;15;41,97454988;86;9,445446112;2,822525978;5,863103999;6,672223091;0
1656;10;49,00959796;41,66666667;7,930581535;2,827876806;1,853659895;1,212031603;0
1657;10;38,28977837;52,5;8,164969884;2,830176353;1,441750761;1,242222786;0
1658;10;43,45511623;48,5;7,999897179;2,831618309;1,981084857;1,374562621;0
1659;10;16,81195689;15,16666667;10,24490948;2,832642794;1,215289516;0,371443391;0
1660;10;18,86128056;80,5;7,708428198;2,832714319;3,198505317;3,285181165;0
1661;10;43,03216467;53,66666667;8,026599643;2,833102703;1,982073914;1,494234443;0
1662;10;17,06966621;77;6,931238532;2,833831072;2,884646144;2,845216274;0
1663;10;35,02890117;39,5;9,798190278;2,83470583;1,743799803;1,032188654;0
1664;10;8,215185346;12,16666667;8,216924434;2,834858179;1,000778318;0,105156898;0
1665;10;14,13904644;21;11,47149275;2,834906816;1,537942781;0,390360117;0
1666;10;38,81310355;79;7,818614841;2,836071491;3,152070147;3,256912231;0
1667;10;11,46809241;30;11,02478506;2,837872505;0,982196938;0,373580456;0
1668;10;43,29688643;69,83333333;9,11303667;2,83803606;3,325563573;3,290081978;0
1669;10;5,314932802;5,5;4,926036169;2,840017796;0,841726168;0,009099722;0
1670;10;20,80691667;28;12,04367838;2,840149879;1,531139338;0,568588734;0
1671;10;27,60636806;39,66666667;8,335225812;2,842637539;1,528363336;0,766500235;0
1672;10;34,16550923;41;8,656752419;2,843142509;1,672315094;0,967935801;0
1673;10;48,47001393;52;9,062043755;2,843463659;2,221994005;1,693049073;0
1674;15;51,06556959;74,16666667;8,460030185;2,843488932;4,078488053;4,278601646;1
1675;10;49,55767562;48,5;9,124694548;2,84503293;2,816914329;2,267140627;0
1676;10;43,50626445;72,16666667;7,843900275;2,846432447;2,718771119;2,320663095;0
1677;10;8,126197779;6;14,37989951;2,846491098;1,032366399;0,180456758;0
1678;10;52,65319548;70,33333333;8,091519519;2,846823931;2,587885834;2,378769398;0
1679;10;31,68423162;50,16666667;8,544385292;2,84692955;1,56442461;0,82258153;0
1680;10;44,28719262;37,83333333;9,300826056;2,847848892;1,879635551;1,166387677;0
1681;10;51,30807125;78,33333333;8,019399935;2,848130941;2,835477168;2,816432953;0
1682;10;21,14136955;26,16666667;8,641974331;2,848800182;2,385818721;0,824922562;0
1683;15;43,44680743;78;7,82158345;2,849979162;4,132066042;4,480414987;0
1684;10;19,58520749;28,33333333;7,255574007;2,851783991;1,42677148;0,531754255;0
1685;10;11,08431544;12,16666667;7,546793579;2,852497339;1,354413164;0,180496812;0
1686;10;31,71993592;79,5;7,483733628;2,853495359;2,768113149;2,681978703;0
1687;15;57,68380258;80,83333333;7,799425941;2,854854822;4,325990131;5,050426722;1
1688;10;35,04047881;55,5;6,171145141;2,855365515;1,213534173;0,894642234;0
1689;15;35,91123291;73;6,410561143;2,858627319;2,511307078;2,394486427;0
1690;15;44,16682315;91,33333333;9,405904866;2,860365629;7,168367185;8,618510723;0
1691;15;56,56166068;62,33333333;9,963554598;2,861571789;5,263567162;5,607303977;0
1692;15;43,58946942;77,66666667;9,705089469;2,862148285;5,210992029;5,801031828;0
1693;10;28,25768136;35,33333333;8,89237858;2,863073826;1,105020577;0,445131302;0
1694;10;4,601590684;5;12,68392067;2,863090038;0,991964286;0,000326037;0
1695;10;46,83176984;59;8,000510759;2,86433959;2,168958483;1,793490291;0
1696;10;41,56441371;69,66666667;8,957052032;2,864840984;3,558547411;3,401225209;0
1697;10;8,1007823;12,33333333;12,99004219;2,865207672;0,809664188;0,088932157;0
1698;10;47,91073083;58,33333333;8,960434131;2,866129875;3,017730494;2,888357759;0
1699;15;41,75015271;92,16666667;10,13582248;2,867974997;7,822036107;9,408443332;0
1700;10;9,014507762;5,833333333;9,226566173;2,868178844;1,003676415;0,068327665;0
1701;10;17,09454925;24,83333333;10,2357065;2,868796825;1,229079454;0,379058599;0
1702;10;52,6425611;48,5;8,26994141;2,869327068;2,337911389;1,903578043;0
1703;10;23,15324962;30,5;7,364534999;2,871213198;1,304068235;0,534876347;0
1704;10;10,30389222;6,166666667;11,00823163;2,872774839;1,486994798;0,104352117;0
1705;10;47,44273946;78,5;7,50772012;2,874207258;3,30278294;3,389381051;0
1706;10;45,17202178;72,66666667;8,248343616;2,875413418;2,078169723;2,004948258;0
1707;10;26,20648449;34,16666667;7,564389314;2,876226902;1,418158449;0,667711139;0
1708;15;56,90269944;70,83333333;10,10235144;2,876373291;3,667553879;4,201290488;0
1709;10;28,43728072;55;7,305477602;2,880270004;1,14655083;0,986521602;0
1710;15;43,28671931;87,16666667;9,109893121;2,881809711;7,23371237;8,498641729;0
1711;10;22,55090455;10,83333333;9,900385352;2,882513046;1,064201582;0,293980598;0
1712;10;21,79417187;28,66666667;7,8949589;2,882537603;1,167394155;0,258796215;0
1713;15;58,33182496;75,83333333;8,981763315;2,884472132;5,274355621;6,086896062;1
1714;10;35,38987891;62,16666667;8,001803108;2,88508606;2,553342748;2,193209887;0
1715;5;25,994369;11;11,72548683;2,885491133;1,235636782;0,347450137;0
1716;10;33,56428269;79,83333333;8,578230566;2,885859489;3,652781502;3,801142216;0
1717;10;27,5845673;22,83333333;8,847907704;2,886835098;1,211873086;0,359181881;0
1718;15;38,45783731;84,16666667;8,260530088;2,887793303;4,289606569;4,865876436;0
1719;15;52,36155303;76,33333333;8,82097828;2,8881917;4,215474093;4,719944954;1
1720;10;14,35889125;51,66666667;8,38462838;2,890070438;0,891390996;0,562074184;0
1721;10;35,66297094;34,16666667;7,454714441;2,89045167;1,676318501;0,886911869;0
1722;10;22,93549303;29,16666667;8,073026644;2,890809536;1,250302442;0,485798955;0
1723;10;62,63907628;88;9,053446407;2,890954018;3,294921799;4,047095656;0
1724;10;14,58440223;16;7,874516331;2,892172813;1,163124465;0,222553253;0
1725;10;17,4103607;28,5;10,3764697;2,893716574;1,219662204;0,445198536;0
1726;15;48,88228514;72,66666667;9,072500949;2,894341946;4,805347365;5,022974491;0
1727;15;55,1385859;66;8,691406727;2,894575357;3,772681425;4,050027132;0
1728;10;61,56331488;66,5;9,436462951;2,894824266;3,157870184;3,412939906;0
1729;10;40,84764182;88,66666667;8,757738967;2,895659447;3,156611037;3,695982337;0
1730;10;39,90724069;73,83333333;8,120027567;2,895897627;2,51621939;2,266887069;0
1731;10;39,86626389;50,83333333;9,410273042;2,896549702;2,215966097;1,565235138;0
1732;10;14,0139932;22,66666667;9,515206947;2,897555828;1,04390909;0,269206524;0
1733;10;48,04749159;56,33333333;8,000046263;2,898222923;1,89974405;1,585554719;0
1734;15;3,173519644;5;14,72876537;2,901234627;1;5,60E-05;0
1735;15;49,49242716;78,5;9,791282489;2,901314974;3,498641005;3,985888839;0
1736;10;20,03644916;23,66666667;9,339297304;2,902101517;2,949816202;1,01441443;0
1737;15;33,4237766;88;9,80660966;2,904128075;5,528990576;6,452785254;0
1738;10;45,56962264;65,83333333;7,462545192;2,904313326;2,270491667;1,986994267;0
1739;10;6,828720062;7,166666667;9,742139141;2,905208826;1,026224589;0,023689866;0
1740;15;45,72328036;85;9,816860391;2,905383825;6,429773501;7,709675312;0
1741;15;49,19591012;86,66666667;9,855245976;2,905524254;6,368472459;7,721500158;0
1742;10;23,83042261;36,16666667;9,560153875;2,905547857;1,316265728;0,63765502;0
1743;10;46,95110164;62;9,973738923;2,906575918;2,40731806;2,455611467;0
1744;10;35,98252724;46;7,777552247;2,907068968;1,725348007;1,113773108;0
1745;15;59,56323103;70,16666667;8,935520937;2,907070637;3,779402812;4,193175554;0
1746;10;19,49261491;29;9,599953238;2,907922268;1,189292866;0,32262063;0
1747;15;44,22235104;57,5;8,811689314;2,908100128;3,485586126;3,17957294;0
1748;10;12,59489861;18,33333333;10,31873782;2,914074183;1,181050022;0,30157578;0
1749;10;42,13435099;50,83333333;7,530423002;2,914435625;1,878133204;1,326761484;0
1750;10;10,21238043;8,333333333;6,095370034;2,91493392;0,998783319;0,096416235;0
1751;10;43,28212203;67,5;7,42742899;2,915328503;1,498510958;1,590636373;0
1752;15;51,82526064;88,16666667;10,57841552;2,915502548;8,434111958;10,4856776;1
1753;15;44,67024514;85,66666667;9,76979932;2,916530132;6,566580237;7,8215518;0
1754;10;48,56605967;69;6,60977618;2,917156935;2,541359016;2,434904695;0
1755;10;47,63333674;45,33333333;7,795424883;2,919300556;2,099176733;1,575942636;0
1756;15;45,77156279;62;6,657345153;2,919944286;2,658052887;2,583841562;0
1757;10;7,334059971;10,5;9,207477958;2,920548677;1,004017217;0,019491196;0
1758;15;3,856382724;5;14,3228242;2,921360254;1;0,000327706;0
1759;10;18,26027553;79,66666667;7,628039498;2,922422647;2,22803929;2,294040322;0
1760;10;24,43177367;31,66666667;8,693744014;2,923802853;1,402100159;0,613194942;0
1761;10;47,92607827;38,5;9,110220943;2,924148083;1,714852882;1,210700274;0
1762;10;44,12448245;56,66666667;7,991138164;2,925541639;2,522532612;1,359382868;0
1763;10;19,38203301;16,16666667;5,299459826;2,925895691;1,223175778;0,282916188;0
1764;10;53,70019956;85,66666667;8,448105756;2,926107407;2,437705151;3,047489882;0
1765;15;47,99406863;92,83333333;7,736919437;2,926646233;3,76173465;4,368146539;0
1766;10;45,72084178;58,33333333;9,040506926;2,926759005;2,203541546;1,848416805;0
1767;10;34,61891545;60,16666667;7,080757022;2,926836729;2,53857484;2,193677902;0
1768;10;35,4601045;45;7,869940711;2,92724061;2,167546592;1,22935617;0
1769;15;59,44443164;88,83333333;9,849424726;2,928193331;6,405001636;7,91260922;1
1770;15;55,24934804;65,83333333;8,725185574;2,928597927;3,66183331;3,974056959;0
1771;15;45,56129873;80,5;9,090239079;2,929191351;5,287059725;6,14222753;0
1772;10;38,90652119;56,33333333;9,305076429;2,929477692;2,758758644;2,157682538;0
1773;10;46,75265545;77,66666667;8,560502656;2,929615021;2,604801498;2,590720057;0
1774;10;37,65716508;48,16666667;8,722313267;2,92987442;2,76212922;1,840569973;0
1775;15;42,07319201;87;9,559592841;2,929903269;5,856021514;6,963031173;0
1776;15;51,81930972;93,33333333;8,679194188;2,935539484;4,213352775;5,236041307;1
1777;10;35,28139102;76;8,198312037;2,937367439;3,40718474;3,511507392;0
1778;15;45,47641717;87,33333333;9,730812553;2,937877655;7,04503583;8,531973481;0
1779;10;39,76740016;85;8,25317981;2,941248178;4,11620041;4,68551755;0
1780;10;9,123261685;19,66666667;6,585720534;2,941502571;1,149971643;0,280139923;0
1781;10;35,49385738;87,66666667;9,671459157;2,944166899;4,813092425;5,602533221;0
1782;15;45,56156301;66,16666667;8,611363423;2,945627451;3,459732911;3,424982786;0
1783;15;37,34055107;90;9,784672657;2,945976973;6,435885814;7,768818855;0
1784;10;54,14511261;83,33333333;7,344228518;2,946105719;2,046749754;2,331050277;0
1785;15;47,25152257;84,16666667;10,33611666;2,946804762;6,436045504;7,813577294;0
1786;15;3,646062275;7,666666667;6,988842271;2,947819233;0,974072648;0,002666831;0
1787;15;38,51831623;64,16666667;9,675716312;2,948171139;3,647437627;3,367523074;0
1788;15;53,31215422;81,16666667;8,276075217;2,948366404;5,543659295;6,471743703;1
1789;10;45,65780826;53,66666667;8,70018814;2,948521614;2,002641244;1,465442896;0
1790;10;8,621244707;12;9,894031703;2,949411392;1,038151724;0,150532842;0
1791;10;4,670662762;8,666666667;10,31338771;2,951257467;1,000593386;0,058731675;0
1792;10;50,26075028;50,77777778;13,2053279;2,951821804;3,994906073;4,253724933;0
1793;10;29,17924574;38,83333333;7,629784086;2,952415228;2,169424492;0,913556337;0
1794;15;45,65402167;69,16666667;8,75107611;2,95427537;3,635605882;3,971102118;0
1795;15;44,81284749;83;8,842046742;2,954450369;5,356405737;6,418007135;0
1796;15;54,4940684;78;8,901890562;2,95519805;5,026511148;5,866214156;1
1797;10;43,09699994;80,16666667;8,937380785;2,95601511;3,878064619;4,341348648;0
1798;10;13,61392263;17,66666667;11,23423672;2,956387281;1,122695088;0,309314728;0
1799;15;37,88820888;92,5;8,538496877;2,958348751;7,060876729;8,804238558;0
1800;10;37,27062585;77,5;8,666142254;2,958904743;3,408996261;3,563596368;0
1801;15;42,87886372;84;9,476313121;2,959237099;6,475016227;7,73839581;0
1802;10;52,40814754;56,33333333;10,46081411;2,95973587;3,462324234;3,19517386;0
1803;15;52,65697133;62;11,089806;2,960522652;5,957518079;6,834770918;0
1804;10;16,58883933;16,33333333;8,230213713;2,963669062;1,224634268;0,253515959;0
1805;15;38,47060078;76,83333333;7,941409746;2,96394062;3,48568845;3,800020695;0
1806;10;62,98476777;62,83333333;9,884430254;2,965644836;2,830459726;3,102676034;0
1807;10;34,71557459;74,33333333;8,652161758;2,967005253;2,966114797;2,926003575;0
1808;10;22,87465278;28;10,13645448;2,969049692;1,355619615;0,527630329;0
1809;15;46,03610158;65,16666667;9,074801101;2,969524384;4,850189312;4,842130661;0
1810;15;21,21144631;55,66666667;9,341601133;2,969935179;5,322550021;2,112006545;0
1811;10;8,741978528;11,66666667;9,312946525;2,969949961;1,098048503;0,113271236;0
1812;10;43,79092058;78;8,691295339;2,971825361;4,117557662;4,581335306;0
1813;10;52,48960278;64,66666667;7,62302577;2,972625971;2,833776976;2,678865433;0
1814;10;4,895706769;5,166666667;7,332809549;2,972966194;0,995313917;0,007000566;0
1815;15;43,08792442;62,33333333;7,462614836;2,974132776;3,37267267;3,17741394;0
1816;15;4,188015865;5,333333333;8,326765399;2,974630117;1;0,000167727;0
1817;10;17,97952032;33,66666667;9,247254809;2,97516489;1,005891659;0,443549752;0
1818;10;55,40608337;64,5;8,478794601;2,975472212;2,805116867;2,801784039;0
1819;15;40,49707633;83,33333333;9,672942299;2,979783773;6,361963782;7,515014291;0
1820;10;27,90537721;52,83333333;8,133773912;2,980227709;2,006064692;1,411245465;0
1821;10;48,69927014;46,33333333;8,149252733;2,981591225;1,717076759;1,295939207;0
1822;10;21,12226509;30,16666667;10,06457016;2,98179388;1,252516024;0,446848869;0
1823;10;32,10528615;77;7,331836516;2,98189187;2,344188216;2,42933917;0
1824;15;43,16293335;90,16666667;9,850015898;2,982269049;7,199045773;8,843522429;0
1825;15;46,95203718;67,33333333;9,507439043;2,984332323;4,575989196;5,210231185;0
1826;15;42,3066612;78,16666667;9,531911664;2,984871626;4,261513834;5,032713294;0
1827;10;47,16133355;75,16666667;8,883081599;2,986944437;3,07457765;3,165331364;0
1828;10;7,485251;7,833333333;8,307303551;2,987041235;1,022431157;0,062225461;0
1829;10;38,22415214;27,66666667;13,12772385;2,987813711;2,88405977;1,9032166;0
1830;10;53,62564029;72,66666667;7,56673286;2,988585711;2,806358992;2,975514293;0
1831;15;56,00370026;89,33333333;9,015733975;2,989562035;6,293797897;7,968072772;1
1832;15;29,66493335;65;9,757532632;2,990182877;6,577778852;6,306513667;0
1833;10;38,5816924;48,5;8,731710504;2,990449667;1,629935975;0,971338391;0
1834;10;29,60243847;36,83333333;8,802865372;2,991199255;3,532579758;1,776194692;0
1835;15;39,19048821;84,83333333;9,143055209;2,991215944;5,14521794;6,062520385;0
1836;15;59,87005718;69,66666667;9,870330464;2,992616892;5,268820163;6,291178107;0
1837;15;53,13865648;70,5;10,04415275;2,993387699;5,463505651;6,718597889;1
1838;15;56,58578637;74;9,6333436;2,993580103;4,97729538;5,83432889;1
1839;10;31,71489303;61,66666667;10,45402235;2,995600224;1,502066516;1,221118569;0
1840;10;31,81877382;51,83333333;7,880396564;2,995685577;1,981316273;1,304511905;0
1841;15;57,09960744;76,33333333;8,531361967;2,996491194;3,762620041;4,526628613;0
1842;10;61,346578;57;11,64172215;2,99790597;5,148752156;5,553760767;0
1843;15;45,65109332;78;8,448681051;2,998506546;3,299544529;2,688861966;0
1844;10;26,82493117;37,5;10,75742147;3,000349522;1,679940028;0,885283232;0
1845;10;9,951987916;14,5;7,056887938;3,000415087;1,039598778;0,16196239;0
1846;15;50,02703165;67,66666667;8,183572597;3,0008564;3,490475037;3,701385736;0
1847;15;39,82531243;85,16666667;9,717645285;3,001186609;6,357204049;7,553199172;0
1848;10;33,63588054;51;6,372464835;3,002402067;1,79455655;1,237361312;0
1849;10;35,62285999;83,16666667;8,55616287;3,002767801;4,153102606;4,708699703;0
1850;15;44,16920474;83;9,745687242;3,00413537;4,597908902;5,348269939;0
1851;10;14,22977524;27,83333333;14,80538199;3,004366398;0,529391157;0,171017647;0
1852;15;60,09258323;76,5;10,41205023;3,005172491;5,937807147;7,354583859;1
1853;10;53,4347738;54,83333333;8,790350499;3,005518198;2,222508655;2,001627445;0
1854;10;33,8519948;53,5;10,96190833;3,006789446;1,782111538;1,302841902;0
1855;10;29,32516613;53,16666667;12,31344286;3,008906364;1,503377615;1,072148681;0
1856;10;23,56195163;26,33333333;9,503702034;3,009801626;1,27439456;0,467017174;0
1857;15;47,17210116;41;8,320079661;3,009883404;1,760140799;1,412201405;0
1858;10;15,72369245;27,16666667;9,571917229;3,011247873;1,124132046;0,399597883;0
1859;10;43,407903;61,66666667;7,178783832;3,011734962;2,03570987;1,749745369;0
1860;10;35,2730126;41,33333333;7,921605738;3,012423515;1,689285041;1,01989615;0
1861;15;50,31924621;79;9,405087246;3,012700558;4,516971831;5,344287038;1
1862;10;5,484517087;5,666666667;9,465203427;3,013363838;0,611397624;0,014414549;0
1863;10;38,91288161;60,33333333;8,12324701;3,013581753;1,746305936;1,295786858;0
1864;15;55,329701;75,5;7,565913649;3,013929605;4,271340492;4,942781687;1
1865;15;54,45777536;69,66666667;8,824510239;3,013939619;3,556288867;4,002924442;0
1866;10;50,2501057;63;8,580024591;3,016515493;2,719718169;2,599161506;0
1867;10;40,56738246;88;8,013459437;3,01654315;3,665607775;4,377278447;0
1868;10;49,83451598;52,83333333;8,711303273;3,016721487;2,257366141;1,881638646;0
1869;10;26,25057988;31,66666667;8,099611166;3,018584728;1,255325979;0,547393322;0
1870;10;36,71008325;57,83333333;8,582871204;3,018849373;1,929572787;1,593033314;0
1871;15;57,0513391;85,83333333;8,835242275;3,019315243;5,101298747;6,353281856;1
1872;10;21,77074936;24,5;11,26006387;3,019557476;1,370722929;0,609766006;0
1873;10;42,71747253;55,33333333;8,354421106;3,020267248;2,224669887;1,828701258;0
1874;10;42,48793293;35,33333333;8,4591142;3,022201777;2,519527038;1,426751971;0
1875;10;22,52722544;75,83333333;9,137682292;3,023065805;4,34384366;4,726906061;0
1876;15;51,59195385;80,40983607;9,031015937;3,025064945;3,833856292;4,594323277;0
1877;15;41,553842;94,33333333;10,54046432;3,025647402;9,365055875;9,075831056;0
1878;15;3,945856796;5,166666667;13,06587125;3,027910233;1;0,000530243;0
1879;15;30,96085469;27;9,103991037;3,028597116;2,980528724;1,689618111;0
1880;10;11,49241537;13,83333333;9,125723814;3,029317856;1,137551978;0,179600835;0
1881;10;35,93666603;53,5;10,14526798;3,032531023;2,907766434;2,064726591;0
1882;10;23,61829311;76,83333333;9,174155952;3,032739401;3,818712316;4,148035169;0
1883;10;39,99790064;58;7,761100105;3,03326869;2,305973441;2,09616363;0
1884;10;36,73173828;42,33333333;8,265549628;3,036400795;2,07903558;1,349710822;0
1885;15;59,10583246;70,5;9,713231744;3,036697865;6,067770003;7,341760993;1
1886;10;43,57471754;65,83333333;7,79112718;3,037058115;1,994566666;1,858427882;0
1887;10;44,03466185;66,83333333;9,164419806;3,037160873;3,056551913;3,038506985;0
1888;10;37,13487346;79;9,782576953;3,037428141;4,163474352;4,624527335;0
1889;10;35,48077548;76;9,698271494;3,037898064;3,456173147;3,686557412;0
1890;10;24,0478295;42,33333333;8,421379803;3,042007208;1,639161918;0,701458216;0
1891;10;6,320432747;5,333333333;7,176256361;3,042160034;0,985280467;0,00804925;0
1892;15;44,08997776;85,66666667;10,55617607;3,042261362;7,694910712;9,633255363;0
1893;10;55,62695007;63,83333333;10,16536171;3,043058157;3,032909964;3,198600531;0
1894;10;47,97570131;47,66666667;8,681797688;3,043880224;2,134766381;1,641222;0
1895;10;43,35485881;66,83333333;8,278028781;3,045059204;2,522476032;2,560789108;0
1896;10;47,01088309;49,5;9,053225167;3,04693222;2,278157209;1,911866903;0
1897;10;39,85133335;55,33333333;7,032203586;3,047580004;2,124640986;1,666251898;0
1898;15;53,65500892;83,16666667;8,651249722;3,048392296;4,876171274;5,942741632;1
1899;10;36,32388254;49,66666667;7,472442336;3,048455477;2,098589288;1,532290936;0
1900;15;50,92776853;77,16666667;9,045057591;3,05061388;4,685430403;5,518566251;1
1901;10;32,70623673;57,83333333;6,294352541;3,050624132;1,348757386;1,059465885;0
1902;10;43,40036129;42,33333333;7,875134364;3,05126667;1,91016897;1,341660142;0
1903;10;38,1612605;61;6,745965146;3,052986383;1,875109162;1,355036855;0
1904;15;30,56247538;88;8,533244265;3,053315639;4,80134674;5,934980989;0
1905;15;46,03983258;73,66666667;10,19952836;3,053741217;4,191177245;5,12496388;0
1906;10;25,20057033;38,83333333;8,447915489;3,055109978;1,45577498;0,72644031;0
1907;10;23,02500238;38,66666667;10,74581227;3,055229187;1,584279995;0,865930796;0
1908;10;45,30675223;73;8,287687438;3,056083679;3,973367546;4,070816398;0
1909;15;50,58712226;84;8,672809314;3,05704999;3,431640974;4,220037699;0
1910;10;23,21340175;31;7,885462508;3,057504654;1,435932341;0,588233948;0
1911;10;16,72174847;33,33333333;8,575579647;3,058698893;0,837092541;0,36111033;0
1912;10;41,33317166;72,33333333;7,301359677;3,058875322;1,917320919;1,841759443;0
1913;15;43,37884722;42;7,378537194;3,060022116;2,066647977;1,624241114;0
1914;15;54,86434216;72,5;8,807277205;3,060324669;4,165124179;4,852641463;1
1915;15;35,78271316;74,83333333;8,98552911;3,060492277;4,632666854;5,139246821;0
1916;10;35,73868362;44,16666667;7,64247364;3,060658455;1,479855242;0,953969598;0
1917;10;47,18600099;53,33333333;8,763523523;3,060705662;1,549018064;0,932898045;0
1918;10;57,48613553;66,5;9,947428311;3,06248045;3,161890864;3,645017743;0
1919;15;37,91355335;81,16666667;8,828993501;3,063025475;4,643458458;5,452058673;0
1920;10;35,69531276;53,33333333;8,95328774;3,064891815;2,440822182;2,111789465;0
1921;10;22,62776868;42,66666667;10,70049584;3,065151453;1,306844471;0,76722765;0
1922;10;6,91146298;11;7,567096113;3,065282583;0,951996252;0,094269395;0
1923;15;57,50536551;59,83333333;8,660567154;3,066674948;2,545649189;2,991285205;0
1924;10;11,28486835;13,16666667;9,454764766;3,067653418;1,064634846;0,202269793;0
1925;15;46,69914351;88;8,970905502;3,068486691;5,867919921;7,313082218;0
1926;10;16,36747713;75;7,478905921;3,069828033;4,148749349;4,338458896;0
1927;10;26,31320488;82,83333333;9,381259759;3,070196867;3,674070087;3,795252085;0
1928;10;39,01026648;88,83333333;8,52625666;3,070258141;4,373177785;5,448922157;0
1929;10;17,07152429;8,833333333;9,881971169;3,070427418;1,073769695;0,230217099;0
1930;10;31,12960746;31,16666667;10,08614839;3,071388483;1,445010488;0,736533523;0
1931;15;49,81327042;87,16666667;8,524055187;3,072703362;5,100191898;6,374623179;0
1932;10;8,349836634;5,666666667;9,656815826;3,073777914;1,462962791;0,057785988;0
1933;10;55,94868196;87,83333333;9,189707553;3,074068308;5,557244136;6,9380759;1
1934;15;48,50675515;74,33333333;9,187653133;3,074209213;5,557468274;6,775699377;0
1935;10;38,05856633;56,5;6,833068032;3,074766636;1,858680677;1,493920326;0
1936;10;43,62142582;68,66666667;8,715037368;3,075756073;2,281905786;2,125594616;0
1937;10;8,796302932;9;11,89412237;3,075867653;0,932851297;0,073892474;0
1938;15;51,27537383;86,5;9,063061251;3,075940371;4,70280657;6,018973827;1
1939;10;26,219652;40,33333333;10,2097925;3,077131748;1,468376027;0,855539799;0
1940;15;48,54277892;74,16666667;8,849148613;3,077156544;4,313777761;4,926200151;0
1941;15;49,88121356;82;10,8388003;3,077429771;7,172586613;9,212675333;0
1942;15;54,2888032;84,5;8,919608966;3,07997632;5,071727093;6,348837852;1
1943;10;48,28826815;43,33333333;8,26701116;3,08040309;1,984822008;1,543660641;0
1944;10;9,281123087;10,16666667;10,5497517;3,081124544;1,029996478;0,111704707;0
1945;15;53,81374384;88,5;9,70059428;3,082361937;6,411581421;8,236255884;1
1946;15;40,78169428;83;9,201719922;3,082894325;6,280917926;7,603914261;0
1947;10;40,45904206;64,5;8,431845731;3,086140871;2,100949595;1,80235219;0
1948;10;40,83644778;56,16666667;7,1832506;3,086989641;1,948790925;1,603080273;0
1949;15;39,77075317;82,37704918;8,694787043;3,087257862;5,595936396;6,761036873;0
1950;10;16,40604123;18,16666667;7,176257907;3,088093519;1,093281531;0,2246176;0
1951;15;47,94063887;73,83333333;9,744299497;3,088438988;3,753604843;4,097646952;0
1952;10;49,36501629;69;8,140323458;3,089056253;2,460742081;2,542547703;0
1953;15;48,29164324;83,5;10,97771505;3,090441704;7,438214125;9,544305444;0
1954;10;44,33324319;47,83333333;8,437335198;3,093133688;1,893723467;1,466349244;0
1955;15;49,00981851;90,66666667;9,476190489;3,093300343;5,345430955;6,929144859;0
1956;10;20,22884867;32;6,091859358;3,093325615;1,077981253;0,448589683;0
1957;10;49,99778742;55,66666667;8,181322198;3,093919754;2,372672219;2,191382051;0
1958;15;44,0089328;41,44444444;7,97480489;3,094455719;2,517121874;1,488222718;0
1959;10;30,13270779;33,5;7,780608769;3,094521284;1,774767477;0,926208496;0
1960;15;3,416754123;5,5;11,15825583;3,096324205;0,996549975;0,003625035;0
1961;15;53,30188513;77,16666667;9,025082961;3,097328424;4,452971058;5,415174127;1
1962;10;43,59951598;48,66666667;8,566092995;3,097769499;1,92717136;1,480857253;0
1963;10;10,97511;10,5;10,12872299;3,098002672;1,05898974;0,138412476;0
1964;10;26,27954909;18,66666667;10,90326407;3,100518465;1,555761174;0,536631346;0
1965;10;18,11153448;24,16666667;7,089747101;3,101100683;1,169367673;0,231921554;0
1966;10;5,029065278;5,333333333;10,76694435;3,103882551;0,952166854;0,008462906;0
1967;10;27,68413514;36;9,608645699;3,105409145;1,497517192;0,860871553;0
1968;15;52,76445992;71,66666667;7,95930304;3,106109619;3,585973059;4,11716485;0
1969;10;59,77631323;86,5;7,865470835;3,108802319;2,529715482;3,180833697;0
1970;15;42,65325933;66,66666667;9,913703401;3,109748125;3,93894632;4,440804482;0
1971;10;8,798076803;24,5;9,113616577;3,111079931;1,069153871;0,144458175;0
1972;10;39,46770994;45,33333333;8,567329985;3,114487648;1,86233013;1,311433554;0
1973;10;46,94007134;66;9,325154685;3,115964651;2,716343697;2,667202473;0
1974;15;41,21954028;80,16666667;9,700325574;3,117566824;5,210129751;6,352392912;0
1975;10;50,19350143;58;8,85049775;3,117999077;2,618286782;2,489048481;0
1976;15;42,56654572;92,66666667;8,798601454;3,118538857;3,449464133;4,611931086;0
1977;10;7,98240284;6,147540984;8,664006783;3,119606972;1,038008866;0,064612985;0
1978;15;56,02682981;85,83333333;8,412463587;3,119608402;5,702345154;7,388599992;1
1979;15;40,96039976;84,66666667;10,2373138;3,119689465;5,386553358;6,77710259;0
1980;15;42,10852602;84,5;10,53216058;3,119721174;5,372385957;6,712911248;0
1981;10;44,73429617;64,16666667;9,205915536;3,12027669;2,881873426;2,585298896;0
1982;15;46,41626175;87;8,624320789;3,120456457;6,703815225;8,512904763;0
1983;10;29,73955013;18,5;13,41643893;3,121176004;2,867166945;1,404543519;0
1984;15;38,62275951;38;7,601456851;3,121632814;2,496679154;1,778320313;0
1985;10;29,5539508;29,5;8,463588916;3,121726513;1,343049246;0,649688482;0
1986;10;23,9914878;33,16666667;7,486205053;3,122114658;2,379577867;1,068732381;0
1987;10;27,37296116;61;6,071963935;3,122260332;1,199877398;0,976232648;0
1988;10;24,86743444;51,5;7,904035878;3,122508049;1,741107234;1,252662182;0
1989;15;46,49500156;62,83333333;9,435784981;3,122600317;3,194780248;3,349927306;0
1990;15;41,09555963;91,16666667;9,376078515;3,122615814;6,569409102;8,445345879;0
1991;15;54,11080243;85;9,623594437;3,12420702;7,116276372;9,161920071;1
1992;15;54,21139507;85,5;9,646259268;3,127017021;5,851996244;7,608718395;1
1993;15;43,39415902;79,83333333;8,722106895;3,12840867;5,374654411;6,611950159;0
1994;10;53,75948268;85,83333333;8,366862584;3,129211664;2,351016237;2,880356669;0
1995;10;19,8724824;24,66666667;7,704730135;3,129946232;1,201345202;0,407924294;0
1996;10;21,88718238;34,16666667;9,520380353;3,130814075;1,285613711;0,569087982;0
1997;10;5,022111111;5,333333333;9,15142893;3,131268263;1,003644745;0,006989598;0
1998;10;48,59282093;64,83333333;7,891687372;3,131638288;2,394185138;2,316951752;0
1999;10;12,27153392;21,83333333;10,69294124;3,132316351;1,007446819;0,26697588;0
2000;10;35,07135357;57,66666667;9,817392652;3,132554531;1,419296303;1,212718606;0
2001;10;18,27238001;29,33333333;7,29142747;3,132806778;1,06376554;0,39784956;0
2002;10;39,83095898;45,16666667;7,897480477;3,133034229;1,957447455;1,372270703;0
2003;15;43,84068396;70,83333333;7,426070248;3,134059668;2,898793247;3,153054953;0
2004;15;51,9499673;75;8,263138891;3,136833191;4,344113656;5,120387435;1
2005;10;32,17900196;35,33333333;8,020242194;3,13715291;1,433393357;0,798714042;0
2006;15;38,42183258;57,33333333;8,393559141;3,138272047;3,587010862;3,182439685;0
2007;10;19,12757909;35,66666667;9,521668087;3,139257431;2,933357314;1,568607092;0
2008;10;9,836496938;15,16666667;10,24901986;3,140529871;1,001757752;0,172396898;0
2009;15;37,81545636;76,66666667;7,443331247;3,141539574;3,18229618;3,555157661;0
2010;10;7,767870734;10,33333333;12,06605468;3,141842604;0,9560943;0,09481287;0
2011;10;35,99509304;89,5;10,05945676;3,143213034;3,216084222;4,034822226;0
2012;15;36,50004778;75,5;9,160404675;3,143800735;4,005981079;4,590256095;0
2013;10;48,05838143;66,66666667;9,277536829;3,148403168;2,055508262;2,039952397;0
2014;10;55,07855368;71,5;7,522497519;3,149070263;2,346514421;2,56447053;0
2015;10;34,19745625;57,83333333;8,022281306;3,149143696;2,625177768;1,946257234;0
2016;10;6,646018825;6,5;9,577372571;3,149171829;1,018303994;0,040391922;0
2017;15;51,58985906;71,66666667;9,980242884;3,15045166;4,462628457;5,328442097;1
2018;15;47,24537798;82,66666667;10,43535555;3,152547359;5,970001171;7,798248053;0
2019;10;37,05531015;67,83333333;8,284449123;3,153058767;1,656937247;1,60763967;0
2020;15;37,18897081;76,66666667;9,686045731;3,153349638;4,103888312;4,76476562;0
2021;10;33,76808022;56,5;8,292069819;3,153684616;2,133649306;1,871320844;0
2022;15;45,04316429;73,5;9,387897006;3,154500246;4,62517766;5,568031907;0
2023;10;38,29863502;65;7,817550024;3,15494585;2,10298732;1,713068247;0
2024;10;19,95020201;35,83333333;8,702792496;3,155210495;1,103758529;0,429215193;0
2025;10;9,994125507;10,66666667;7,509011228;3,155496597;1,888732745;0,228516936;0
2026;15;50,58300666;65,66666667;8,284609116;3,155798435;2,967642068;3,153939366;0
2027;15;54,24623643;82,5;8,939122571;3,156018019;4,679669768;5,959077835;1
2028;10;19,29140167;34,5;8,894776811;3,156576872;1,281714816;0,602335691;0
2029;10;15,21415091;20,16666667;9,335458656;3,158619165;1,205317597;0,338865757;0
2030;10;19,25230524;84,16666667;8,572318669;3,160038948;4,160180079;5,014465094;0
2031;15;5,458769917;6,333333333;8,887589198;3,160887957;1,026495917;0,041590095;0
2032;10;21,19679576;36,33333333;8,82151935;3,162293673;1,075292683;0,184824705;0
2033;10;35,97400001;85,83333333;7,51734329;3,162858248;2,161998617;2,659617543;0
2034;10;37,10782674;56,83333333;7,945181639;3,162982941;2,34618989;1,937042952;0
2035;10;31,86974079;38,83333333;8,586038357;3,163938761;1,811478823;1,06005466;0
2036;15;6,291567914;15,66666667;9,169510056;3,164726734;1,001282051;0,000416279;0
2037;10;46,87681603;74,66666667;8,192500453;3,164941788;2,382939026;2,55146718;0
2038;15;35,50467651;61,5;8,307954968;3,1649611;3,157257364;2,730913997;0
2039;10;28,14961935;50,5;7,740186627;3,16814065;2,204294312;1,69291079;0
2040;10;32,06188649;56,5;10,03520645;3,168358803;1,37932805;1,368762136;0
2041;15;35,77341166;41,83333333;12,83057042;3,169299603;1,894645145;1,769677758;0
2042;15;22,69754734;61;9,514052551;3,169304371;1,404865772;1,207199812;0
2043;15;3,891401983;5;11,87792819;3,172012329;0,990243902;0,000119448;0
2044;15;41,11911664;66,33333333;9,579628263;3,172700882;3,494307434;3,920994282;0
2045;10;53,72763156;62,83333333;9,705607513;3,174223661;2,376188634;2,63566184;0
2046;15;53,75247614;76,83333333;9,661593348;3,174311638;3,913062955;4,690489888;0
2047;10;30,18855756;73,16666667;8,437340309;3,176504612;2,56249141;2,598124266;0
2048;15;47,16843331;85,83333333;10,69104755;3,177338362;6,30173537;8,073419571;0
2049;15;43,47268319;94,5;9,114007673;3,17813015;7,659878555;10,40807438;0
2050;15;42,4483084;83,83333333;10,00559637;3,178394318;6,60351603;8,487770557;0
2051;15;55,8823875;73,66666667;9,338511473;3,180986881;4,513139044;5,658635736;1
2052;10;10,27787701;16,16666667;10,1081023;3,181692362;1,003178403;0,174540043;0
2053;15;34,09160703;82,33333333;8,366179314;3,182274103;3,168288383;3,850937843;0
2054;15;40,05919517;94,33333333;8,925386189;3,183824301;5,292482227;7,169046402;0
2055;10;47,79870701;71,66666667;9,391034753;3,184994221;2,6180079;2,872391582;0
2056;15;39,95695033;92;10,13306304;3,186870813;7,429067054;9,891336322;0
2057;10;34,37809298;79;7,630243198;3,188739538;3,54075155;3,985389471;0
2058;10;58,50257257;84,83333333;8,37709152;3,188987494;2,974246598;3,793447614;0
2059;10;8,974558333;12;9,575352871;3,190120459;1,021536945;0,144231439;0
2060;10;48,10270912;61,66666667;7,704690325;3,190891027;2,402031042;2,40767467;0
2061;10;18,38001391;32,16666667;10,23650166;3,19105792;1,374462981;0,59451437;0
2062;15;51,90356991;72;8,495598178;3,192553043;3,78003146;4,457659602;0
2063;10;52,45346194;66,5;8,448166451;3,193841934;2,377929928;2,492319465;0
2064;10;8,306427285;10,16666667;7,950176397;3,193853378;1,039904537;0,103852868;0
2065;15;42,58716706;79;8,540475335;3,195115089;3,794373067;4,719150543;0
2066;15;38,42925638;82,16666667;10,0093414;3,196871519;5,843429727;7,303866863;0
2067;10;14,62558056;18,66666667;8,887678045;3,197299242;1,162343438;0,308792591;0
2068;15;47,79092152;69,33333333;9,875869662;3,199562311;5,563211353;6,345223784;0
2069;10;27,42359487;80;7,605689811;3,200193167;2,154837496;2,464739203;0
2070;15;49,45158693;92;10,53026224;3,201995134;10,44845057;9,312151313;0
2071;10;10,93533889;36,16666667;6,891642612;3,202766657;1,538123332;0,802074909;0
2072;10;11,20600152;20,33333333;7,974133961;3,20494771;1,015677706;0,020246863;0
2073;10;53,123418;63,16666667;7,671223913;3,205309868;2,25068695;2,342933774;0
2074;10;45,24043674;82,66666667;9,870406463;3,206657648;3,779077651;4,378561258;0
2075;10;49,00213382;68;9,820836671;3,206884623;2,825042888;3,120025873;0
2076;10;28,11230377;40,33333333;8,864502276;3,206990957;1,760142595;1,051017046;0
2077;10;8,906816338;11,66666667;7,378149595;3,208283901;1,008960787;0,119889259;0
2078;10;25,47772206;75;7,593418268;3,208760977;2,999857103;3,284348369;0
2079;15;41,10213795;57;8,858925569;3,210088491;3,751238942;3,664219856;0
2080;15;3,824752824;5,333333333;10,12980075;3,210526228;1,016131376;0,00802803;0
2081;10;46,98495078;62,5;7,65215377;3,210553646;1,962119234;1,860624433;0
2082;15;48,26637858;84,83333333;10,20804892;3,211303234;6,662885832;8,935933113;0
2083;10;25,41477897;39,16666667;7,773560833;3,2118361;1,204003859;0,333987594;0
2084;15;53,59764343;68,83333333;7,728992335;3,213951349;3,300718559;3,853192091;0
2085;15;56,18904508;77;8,771102493;3,216020107;4,381314559;5,447422624;1
2086;10;51,70958716;79,16666667;9,845562475;3,217297077;3,195285792;3,85719645;0
2087;15;33,47251795;11,66666667;13,99256164;3,217487574;2,208072114;1,161638975;0
2088;10;14,44569302;21;9,059784844;3,218410969;1,327845793;0,205355644;0
2089;10;10,19230566;64,33333333;7,910954082;3,220980644;2,932409354;2,859400272;0
2090;15;54,40799001;72;9,524285026;3,222774744;3,917577236;4,811982512;0
2091;10;24,57356007;44;9,701510941;3,224168539;3,914655801;2,814862251;0
2092;15;57,20957667;72;9,973819486;3,225213051;5,235714068;6,680345893;1
2093;10;39,64380757;54;9,359665288;3,225667;1,832808286;1,585475326;0
2094;10;27,45551134;50,5;9,216881749;3,226552963;1,544289724;1,150793552;0
2095;10;21,19500252;16,66666667;8,03462941;3,226749897;1,177155194;0,309343576;0
2096;10;12,19198334;20,33333333;7,284369359;3,229296923;1,064607884;0,300417185;0
2097;15;36,40455713;87,16666667;9,484952237;3,229730368;5,9919442;7,788547397;0
2098;10;22,17892491;25;8,813866672;3,229791641;1,260110789;0,464461803;0
2099;15;42,49076223;89;8,738249638;3,232163191;5,616384016;7,496643901;0
2100;10;37,88291096;50,66666667;7,490724977;3,233182192;1,821897195;1,322002053;0
2101;10;8,50330292;7,5;11,8508269;3,236359596;1,043356095;0,220762134;0
2102;15;52,59405604;91;9,566661274;3,236765146;5,589424324;7,621378303;1
2103;15;50,2461915;78,83333333;9,230125222;3,240352154;4,41544744;5,588447452;1
2104;15;53,22597393;36,5;10,72535674;3,24100852;3,117012065;3,321380377;0
2105;15;36,15001826;54,33333333;10,40918392;3,241087198;4,077209033;4,357954383;0
2106;15;52,75603374;64,5;9,541249876;3,241611004;3,952913649;4,633246183;0
2107;10;10,36435903;14;6,30737756;3,242164612;1,114590968;0,189267159;0
2108;10;11,75819879;18,83333333;10,35475029;3,242211342;1,080651757;0,268615603;0
2109;15;42,71225528;86,66666667;10,0324352;3,24626565;6,295622631;8,377822638;0
2110;10;30,5940223;91,5;9,25634729;3,246675253;3,345911752;4,456406951;0
2111;10;21,46705746;20,33333333;8,427042623;3,24788928;1,973797287;0,631372094;0
2112;15;5,862644072;12,5;9,851087321;3,24848175;0,994764398;0,003826022;0
2113;15;35,65814504;87,33333333;11,7722533;3,248662233;5,050546474;6,698797584;0
2114;15;52,81753805;79,33333333;10,08196284;3,249604464;5,363108584;6,871960759;1
2115;10;41,17208981;52,5;7,391820499;3,249999523;1,865786246;1,491667986;0
2116;10;48,56641061;65,5;8,399367184;3,250502348;2,355215719;2,38929832;0
2117;15;35,76048936;84,33333333;9,162367519;3,251779079;4,216555716;5,353316784;0
2118;10;53,83888318;60,66666667;8,855001304;3,252569437;3,182770358;3,262885213;0
2119;10;45,60962125;49,83333333;9,209988688;3,25310421;2,2531194;1,911437869;0
2120;10;30,66145038;51;8,630428634;3,253908634;2,047533312;1,641434073;0
2121;10;24,01412942;37,33333333;6,988534946;3,255346537;1,483917739;0,922231674;0
2122;10;19,72949909;27;7,687354897;3,255751371;1,347374147;0,614266634;0
2123;10;24,06645849;31,5;8,850596506;3,256485701;1,533022252;0,761534214;0
2124;15;35,55510052;94,83333333;9,694938427;3,258154154;7,293864281;10,18021464;0
2125;15;44,30159211;79,33333333;9,456175711;3,259067059;3,634489402;4,450101376;0
2126;10;15,47680139;28,5;10,87042859;3,259814262;1,112839349;0,158114791;0
2127;10;24,51963289;35,83333333;8,088232436;3,259923458;2,234063125;1,115244389;0
2128;15;51,40284829;78,16666667;9,65368655;3,260173082;4,948623994;6,371430874;1
2129;10;44,36222083;76,5;7,987913592;3,260804415;2,079944433;2,226177692;0
2130;10;33,00731578;31,16666667;9,22695064;3,262187243;1,619149582;0,85425818;0
2131;10;28,12550436;53,16666667;8,078910578;3,263874292;2,248938482;1,830599666;0
2132;15;41,34162223;81,83333333;9,302863842;3,264294147;4,794495286;6,156828046;0
2133;15;29,27613017;86,66666667;7,729066523;3,2643466;3,444574408;4,436094522;0
2134;10;32,57576328;60;8,975126424;3,266041517;2,708127941;2,50730598;0
2135;15;54,00127361;75,16666667;9,260310762;3,268140078;5,376863978;6,685782194;1
2136;10;17,94725941;60,66666667;7,49108293;3,268432617;2,726270201;2,34845233;0
2137;15;48,85269354;66,16666667;9,661706411;3,268972397;3,592095146;4,134483814;0
2138;10;37,33047514;80;12,05571046;3,269569397;3,953515348;4,98297143;0
2139;10;37,27218275;77,83333333;10,47096812;3,27016449;3,119697625;3,666010141;0
2140;15;25,59073111;81,83333333;9,266374435;3,271861792;5,977616399;7,714544535;0
2141;10;31,36375809;51,5;7,640729497;3,272539377;1,457331425;1,094439983;0
2142;10;51,87132573;69,16666667;8,283668386;3,274777651;2,719646429;2,875731111;0
2143;10;57,22849495;66,5;9,727052832;3,277415514;3,017802828;3,466255665;0
2144;10;14,65538446;22,83333333;7,532333257;3,278308868;1,001689324;0,289429307;0
2145;15;49,1492264;43;10,59954342;3,279981852;3,396942106;3,522204399;0
2146;15;60,47070704;75,5;9,931592944;3,281718254;6,012216935;8,116021156;1
2147;10;16,80862827;29,66666667;11,01717697;3,283228397;1,08279503;0,430512071;0
2148;10;24,49416626;40,5;7,393837283;3,283269405;1,182328598;0,675192118;0
2149;15;57,97513382;69,16666667;9,517971841;3,28396678;3,319799375;4,312213063;0
2150;10;21,52434952;24,66666667;6,973427621;3,287586927;1,193881803;0,410951495;0
2151;10;9,67396075;8,833333333;9,814971194;3,287694216;0,920321301;0,093176723;0
2152;15;57,96486905;74,16666667;10,70053483;3,288257599;4,9507936;6,679478765;1
2153;10;45,05464639;81;8,241620214;3,288542271;1,988013338;2,39221251;0
2154;15;3,504444072;5,833333333;12,59582877;3,28892827;1,045735976;0,142903924;0
2155;10;23,77894389;37,66666667;9,306868063;3,289102316;1,411007191;0,774246693;0
2156;10;45,56971526;64;8,827247932;3,290395975;2,544038671;2,595086694;0
2157;10;44,73934931;69,16666667;9,296780356;3,290591478;3,187203007;3,379570723;0
2158;15;18,85491593;24;9,676878564;3,290659904;3,726157473;1,561199784;0
2159;10;22,79157081;46,5;7,821147531;3,293504477;2,019400443;1,387005568;0
2160;10;37,35360435;73,83333333;10,94287159;3,294925928;4,039166359;4,730493903;0
2161;10;25,29535581;40,5;10,3749166;3,295094013;1,34834576;0,834971189;0
2162;15;37,64591969;74,83333333;9,428086339;3,29556942;3,591471297;4,365921855;0
2163;15;42,74250356;82;9,156541088;3,295856953;5,252705596;6,85204196;0
2164;15;57,38880546;67,66666667;9,245011008;3,29652977;4,114782552;5,226442337;0
2165;15;55,73996805;87;9,387621715;3,296582699;5,99944575;8,188604236;1
2166;15;53,95765078;89,66666667;8,294798739;3,297816753;5,717332297;7,948661447;1
2167;10;37,4885399;76,5;7,740394846;3,298621655;2,059099415;2,242074847;0
2168;15;39,75982175;82,33333333;10,03351622;3,299890041;4,658336173;6,038336515;0
2169;15;49,6151415;73,5;10,14983496;3,301416397;5,798655679;7,591993213;0
2170;15;40,56732911;77,66666667;8,432938823;3,302237511;4,164466949;5,209529519;0
2171;15;49,46612604;76,5;7,961135982;3,303122282;3,222896425;3,994672656;0
2172;10;5,230307805;5,833333333;12,2244553;3,303435326;0,546888072;0,011841178;0
2173;15;34,36469563;84;9,019566824;3,304414272;4,858658903;6,198729992;0
2174;15;45,91570633;82,66666667;8,567771915;3,304548979;4,490252438;5,734258533;0
2175;15;34,29988961;93,33333333;9,965222135;3,305431128;7,544199611;10,53647196;0
2176;15;42,96294612;77,66666667;10,22916453;3,306600809;4,870409106;6,386084318;0
2177;15;52,99141814;90,5;8,751130268;3,308777809;4,648802707;6,420527816;1
2178;10;37,38884475;94,66666667;9,756979455;3,309412241;4,377933556;6,182754159;0
2179;10;49,59449819;57,33333333;10,11659903;3,309673309;2,230019733;2,296702981;0
2180;10;4,960322641;5;12,2919932;3,309703112;0,973877116;0,002882957;0
2181;10;30,42317154;41,33333333;9,278739077;3,311444044;1,664984977;1,017861247;0
2182;15;31,91143374;86,16666667;9,961770959;3,311986685;6,097799075;7,972250819;0
2183;10;44,47364481;55,83333333;7,928460833;3,312002659;1,629281283;1,4553684;0
2184;10;38,39174589;79;10,88139474;3,312119007;3,783834;4,668524384;0
2185;15;28,74196296;64,66666667;9,305225655;3,312574148;4,368645102;4,578122258;0
2186;10;47,39088375;69;7,903595726;3,313693523;2,770371422;3,038250208;0
2187;10;30,25331818;64,16666667;8,498589886;3,314205647;2,350821275;2,264155149;0
2188;15;38,02927581;54,5;9,743940373;3,31485796;2,371631866;2,559712768;0
2189;10;16,03135774;41,33333333;8,948147561;3,31570363;1,425390988;0,822617531;0
2190;15;4,490219753;7,166666667;10,59831601;3,316455603;1;3,12E-05;0
2191;10;42,43868724;79,66666667;8,721289614;3,317324638;1,743503545;2,093138933;0
2192;10;18,24333803;11,16666667;6,293924409;3,317650318;1,004161517;0,213671565;0
2193;10;12,57547013;14,16666667;11,14217969;3,319220781;1,078603441;0,208832622;0
2194;10;42,07566717;81,83333333;9,80872361;3,319535494;3,831215477;4,896833897;0
2195;10;21,40715572;30,33333333;9,699225857;3,319575548;1,272975886;0,637892842;0
2196;10;42,40898929;67,33333333;8,42199995;3,321991205;1,896850495;1,882718921;0
2197;15;56,16266537;72,66666667;9,169908998;3,322332859;4,939425385;4,825601578;1
2198;10;29,53271905;54;8,08228584;3,322623491;1,761087882;1,411194324;0
2199;10;44,25491802;36,16666667;7,630195223;3,323982;1,720167217;1,109063983;0
2200;10;25,09428535;24,5;9,047896624;3,324242115;1,52794331;0,666647315;0
2201;10;16,80418565;25,66666667;8,546471006;3,324692011;1,151637581;0,449860692;0
2202;10;21,22201947;13;7,673536734;3,325053692;1,114790573;0,255597949;0
2203;10;22,51810054;28,16666667;9,065308022;3,326525688;1,917109088;0,8216573;0
2204;15;35,34296029;72;8,787258985;3,327543497;3,936977559;4,680201411;0
2205;10;33,53587872;61,83333333;8,937505343;3,327544928;1,303378572;0,63234818;0
2206;10;42,29911069;63,83333333;8,823601201;3,327575207;2,359171821;2,25274241;0
2207;15;36,21539677;70;8,834151055;3,32806325;4,061926014;4,738849163;0
2208;10;34,36305674;42,5;9,293183708;3,328689575;1,6061473;1,080236197;0
2209;15;34,8598453;25;8,104996613;3,32874608;1,569791412;0,905617595;0
2210;10;28,81308479;54;5,861352076;3,328827143;1,283762116;1,006211519;0
2211;10;46,29081111;59;8,725778076;3,328910112;1,998514932;1,922570586;0
2212;10;5,657698606;6;9,335958116;3,329354048;1,008695082;0,02440238;0
2213;10;38,0551023;44,83333333;9,167242908;3,330200434;1,379525368;0,964603186;0
2214;10;17,34698077;28,66666667;8,280753683;3,330492496;1,048403106;0,470109344;0
2215;15;21,64345934;66,66666667;10,5566302;3,331551552;1,141602944;1,117233515;0
2216;10;22,5074934;35,66666667;7,97212411;3,335542917;1,116566681;0,571482062;0
2217;10;17,5235882;24,66666667;11,1714917;3,336405039;1,273709906;0,469428539;0
2218;10;28,38900491;32,5;9,629271874;3,337951422;2,214975928;1,18410182;0
2219;10;13,93479254;16,66666667;10,50057519;3,339188337;1,403681919;0,34976697;0
2220;10;36,98331395;46,83333333;8,216540409;3,339474916;1,842119198;1,249200344;0
2221;15;58,97247594;86;10,3538181;3,340197325;7,885400708;11,22706795;1
2222;15;39,57622842;89,5;9,693233802;3,341102123;6,407874903;8,707970023;0
2223;10;48,81767857;66,5;8,79099404;3,342830181;1,521773675;1,668010473;0
2224;15;40,85042689;76;8,518526426;3,342942715;4,052989877;5,038116693;0
2225;10;24,70910335;39,83333333;7,530923913;3,34317112;1,30789209;0,547299385;0
2226;15;49,77840385;74,16666667;8,929108311;3,343394995;3,550024442;4,393754244;0
2227;15;58,92549512;65;9,592025653;3,344743967;3,90145371;5,14789784;0
2228;15;33,05274821;85,83333333;9,786983614;3,346163034;6,115961446;8,154191136;0
2229;10;45,59163339;75,5;7,8663397;3,346525192;2,107841961;2,438889027;0
2230;10;55,36535523;62,66666667;9,456054977;3,34726429;2,978217075;3,350048184;0
2231;10;41,30927989;86,33333333;9,17801263;3,348870039;4,172950027;5,576179504;0
2232;15;54,27514057;91,16666667;8,64420249;3,351178885;4,149771309;5,909813046;1
2233;15;34,40166087;51,66666667;8,597807483;3,351571321;2,058699045;1,769251704;0
2234;15;54,67342408;74,66666667;8,834530318;3,352424145;4,228933786;5,459337831;1
2235;10;42,40082384;59,83333333;7,366637985;3,352660418;2,307741566;2,172007561;0
2236;10;27,88960406;39,16666667;7,0210235;3,35316205;1,684801852;1,035862923;0
2237;10;31,69934715;43,66666667;10,17351255;3,354752779;1,359319678;0,982488632;0
2238;15;24,64525543;32,66666667;9,697609722;3,355140686;2,505919423;1,41102922;0
2239;10;36,32132398;69;8,649003111;3,355645895;1,726450669;1,369383931;0
2240;10;41,0859629;57,5;8,988092515;3,356193066;1,897815739;1,778222561;0
2241;10;37,47153543;56,5;7,61084326;3,356244087;2,056926861;1,792166471;0
2242;15;53,80222454;73,83333333;8,667826102;3,356280088;4,154756625;5,426913738;1
2243;15;39,16478279;84,66666667;9,656889351;3,356325865;4,822542049;6,425707459;0
2244;15;54,46500048;66,16666667;9,705242446;3,356819391;3,707640708;4,647886395;0
2245;15;30,04449534;86,5;9,041890078;3,357014894;5,512890481;7,215800166;0
2246;10;14,09728009;20;8,920987831;3,358124256;1,133726284;0,244472384;0
2247;10;4,631506591;5;14,4731687;3,359098196;1;0,000248671;0
2248;10;20,01459277;52;9,613717424;3,359647274;0,935371278;0,712552071;0
2249;15;49,39960573;90,83333333;9,966267529;3,361195803;5,587811732;7,828901529;0
2250;10;5,702500368;5,833333333;9,882188658;3,362097263;1,02422987;0,026158571;0
2251;10;15,67138315;22,5;10,125911;3,362105846;1,342340219;0,442775846;0
2252;10;39,54100624;76,33333333;8,648056516;3,363721609;1,769222154;1,894056201;0
2253;15;49,76691479;61,83333333;9,133894612;3,364099979;3,442505062;3,863540053;0
2254;10;17,65393043;12,16666667;9,90866915;3,365402699;1,947311422;0,48043859;0
2255;10;24,70923278;64;6,839926724;3,365497112;1,442737578;1,387320042;0
2256;15;54,84431104;74,16666667;8,124620343;3,365784883;3,261659498;3,975740075;0
2257;10;39,14270764;44,33333333;9,046647506;3,36585474;2,751679254;1,532660365;0
2258;10;24,86716058;32,5;9,822159926;3,366213799;1,343968238;0,68638134;0
2259;10;46,62339349;68,83333333;7,830881023;3,368479729;2,184180342;2,357408285;0
2260;10;52,69422798;54,33333333;8,592420761;3,368636847;2,17581507;2,193267822;0
2261;10;13,15075489;24,33333333;6,824378164;3,370995522;1,383087174;0,443033576;0
2262;10;42,11134521;69;9,201951502;3,371383429;2,728073401;2,94898665;0
2263;10;43,45337562;41,83333333;7,83275681;3,371534586;2,062467419;1,540860534;0
2264;15;49,55400093;89,5;10,2366223;3,372205496;3,00855149;3,807845712;0
2265;15;55,14854492;79,33333333;7,97665221;3,37415266;4,74270256;6,351922035;1
2266;10;10,19584294;18,16666667;4,752123329;3,374166489;0,977109325;0,221557021;0
2267;10;36,53369454;47,5;8,18778359;3,374474287;1,800162809;1,456225514;0
2268;10;4,96097167;5,5;11,65672649;3,375299692;0,957857087;0,009910822;0
2269;10;14,98182792;21;9,47770656;3,375644445;1,131207433;0,334048271;0
2270;10;35,93640657;38,16666667;7,445352366;3,376260996;2,096029726;1,250735521;0
2271;10;7,763024119;9,5;9,336870489;3,376971245;1,003491229;0,098816752;0
2272;10;48,57477879;76,83333333;8,08320464;3,377071619;3,109857153;3,660605073;0
2273;10;31,55906584;39,66666667;7,517066581;3,37787199;1,70663969;1,093381166;0
2274;10;52,06330706;67,83333333;8,596683974;3,378811598;2,57810792;2,894525886;0
2275;10;8,946072113;7,666666667;7,681606893;3,378837347;1,051511232;0,110029817;0
2276;10;39,21709172;48,5;8,034750692;3,380306482;1,766175879;1,393282413;0
2277;10;37,80723832;50,33333333;7,157017013;3,382658005;1,66089849;1,264253378;0
2278;10;10,30606737;6,666666667;10,44667214;3,384633541;1,300080282;0,11042273;0
2279;10;14,48703182;17,83333333;8,8920536;3,385197639;1,098855235;0,283046246;0
2280;15;40,54473472;78,83333333;8,943743366;3,387126207;4,860430338;6,237489939;0
2281;10;21,99202049;29;8,502178951;3,388721466;1,2388924;0,590028644;0
2282;10;8,38218774;11;13,52968103;3,389027119;1,004226543;0,605224729;0
2283;10;51,15842984;67,66666667;7,798062624;3,393931866;2,979376707;3,350499272;0
2284;15;50,27032827;79,5;9,235075883;3,394008398;4,478177797;5,853738904;1
2285;10;36,09120951;53;7,820587665;3,396864653;2,038493792;1,833831787;0
2286;10;30,96606461;56;6,704770565;3,398988008;1,352490676;0,603007197;0
2287;10;44,83333389;68,5;8,39891995;3,400299311;2,678834759;2,939951777;0
2288;10;14,52401346;23,16666667;7,488102038;3,400573015;1,075354124;0,414631486;0
2289;15;56,36296532;66,33333333;8,723813194;3,400865793;3,770058915;4,784398198;0
2290;15;52,09086678;65,66666667;8,419873442;3,40218091;3,396110605;4,128774047;0
2291;15;38,71549619;86,5;7,893338064;3,403681993;5,050865634;6,83391881;0
2292;10;45,43570295;44,66666667;8,290137588;3,406332254;1,884142581;1,514689565;0
2293;10;22,66453633;21,33333333;9,566692063;3,407654285;1,257768668;0,481838584;0
2294;15;41,58953864;44,5;9,373317944;3,407869816;3,407524619;3,218522549;0
2295;10;33,00537318;55;8,742307569;3,408298969;2,097253937;1,702393413;0
2296;10;24,48019491;22,83333333;8,456414866;3,410791159;1,342623283;0,556304216;0
2297;10;8,009392289;11,33333333;14,04732086;3,412987471;0,820952915;0,108492017;0
2298;15;38,60640474;73;9,509125776;3,414965391;4,353041671;5,457150102;0
2299;10;37,92666206;48;9,610245571;3,416008949;3,151626499;2,496980667;0
2300;10;19,23245721;22;10,37200314;3,417489767;1,238755374;0,397933125;0
2301;10;9,928296659;24;9,352896519;3,418161392;1,067093561;0,379038811;0
2302;10;38,19389875;54,66666667;10,09273183;3,41883111;2,126575175;1,895040751;0
2303;10;39,8683962;33,5;9,859866894;3,419325113;1,653633467;1,090569854;0
2304;10;42,40848779;66,5;7,614195763;3,421594143;1,941389205;1,816049933;0
2305;10;31,00604723;54,33333333;5,542336167;3,422246218;1,295368455;1,0701859;0
2306;15;51,21175995;92;9,931156445;3,423273802;7,173954808;10,42003345;1
2307;10;44,56279333;60,66666667;8,050389764;3,42349267;2,222001412;2,287947536;0
2308;15;53,35815654;77,66666667;9,007338027;3,426646471;4,828134108;6,550566673;1
2309;10;13,36285888;23,5;11,50425605;3,428188562;1,001817784;0,325678825;0
2310;15;51,42403416;75,33333333;8,888325731;3,428736925;3,436967613;4,485649109;0
2311;10;6,903567478;9,666666667;5,061882613;3,429887295;1,000014274;0,085935593;0
2312;15;56,17961367;86,66666667;8,772185851;3,430461884;5,246877383;7,500471711;1
2313;15;45,50489266;81,16666667;10,50551013;3,4305408;5,172162135;7,263316751;0
2314;10;35,56561061;50;9,151924009;3,431317091;2,294829165;2,162137508;0
2315;10;15,42322703;18,66666667;6,860159899;3,433099985;1,178623002;0,318000793;0
2316;10;23,10612336;49,33333333;8,906147876;3,434488297;0,887431306;0,647525668;0
2317;15;39,24231479;78,83333333;13,4667439;3,434718132;7,597828163;10,4894439;0
2318;15;46,08695815;82,5;8,599872711;3,434871435;4,579763358;6,08284831;0
2319;15;4,23051858;5,333333333;14,3409926;3,435637474;1,007639481;0,020311713;0
2320;10;4,735077037;9,333333333;7,438587676;3,436612606;1,001193281;0,081463695;0
2321;10;37,71207311;42,5;7,535424791;3,438550711;1,692125694;1,31306839;0
2322;10;46,14560772;54,66666667;9,177386669;3,439008474;1,986674114;1,860513449;0
2323;10;45,97999693;64,66666667;9,356682704;3,439541817;1,79561152;1,995264053;0
2324;15;51,82069713;79,83333333;8,786777713;3,440141439;3,186905209;4,376834989;0
2325;10;14,00329605;56,83333333;9,703040067;3,440149546;1,952182972;1,623087049;0
2326;10;46,40308793;67,5;9,760083754;3,440197706;2,934956669;3,278037906;0
2327;15;52,13065903;77,33333333;9,335091414;3,440237761;4,711098505;6,297642231;1
2328;10;36,58637494;59,66666667;8,143234653;3,440346956;2,167753948;2,011206985;0
2329;10;14,84848312;22,83333333;8,203143474;3,442486763;1,280116079;0,419432998;0
2330;10;37,91584454;48,5;7,526165893;3,443853617;1,823532618;1,498386741;0
2331;10;42,49173715;43,16666667;8,115185435;3,444634199;1,776957947;1,441951632;0
2332;10;32,80212611;40,16666667;10,02843679;3,444987297;1,627954447;1,10737431;0
2333;10;36,40850086;41,33333333;9,933350161;3,444993258;2,372180427;1,812900186;0
2334;15;49,96913309;73,66666667;10,73087221;3,44583106;5,264746844;7,329354286;0
2335;10;44,26170046;63,33333333;8,762761696;3,446368456;2,2435554;2,395529389;0
2336;10;53,10960027;72,11111111;9,071152867;3,446371555;2,59081063;2,992521644;0
2337;10;10,3778312;10;10,35064703;3,446850061;1,078580325;0,147308469;0
2338;15;45,33364783;82,33333333;10,3613578;3,448910475;5,972753337;8,402328014;0
2339;10;38,18626255;62,5;8,466429943;3,449458838;2,735405405;2,620181084;0
2340;10;45,21561444;87,66666667;5,89357833;3,451410532;1,867225986;2,531266093;0
2341;15;46,53422264;69,33333333;8,652651523;3,452479362;3,732873361;4,506173611;0
2342;15;54,57769489;61,5;8,138789372;3,453453064;3,33196166;4,095787764;0
2343;15;47,92146079;74;8,594346205;3,454419136;4,09502892;5,133839011;0
2344;15;44,98473617;88,83333333;9,015881227;3,455230713;4,332510348;6,033866405;0
2345;10;39,29939999;58,11111111;9,810552497;3,456596136;2,218359788;2,171405911;0
2346;10;48,46230328;60;9,025918665;3,456975222;2,005950368;2,114866495;0
2347;15;25,06353905;41,66666667;11,12804879;3,457159519;1,710454782;1,275884986;0
2348;15;53,52213669;57;9,586114057;3,457192421;3,378899435;4,125027061;0
2349;10;36,59672374;43,16666667;8,302146494;3,458259583;1,700935862;1,215780377;0
2350;10;25,58305465;41,66666667;7,8488063;3,458264589;2,118527686;1,342912793;0
2351;10;45,78025501;58;10,36548312;3,461174011;3,098024509;3,577261329;0
2352;15;50,1665237;77,5;8,6244544;3,461484194;1,955511332;2,764972806;0
2353;15;51,17433132;40;9,059033859;3,461955309;2,960952132;3,064528227;0
2354;15;57,94097773;68,16666667;10,84526308;3,462813854;3,899154167;5,415429473;0
2355;10;10,03581765;15,5;8,339930355;3,465675116;0,941871885;0,219906926;0
2356;10;50,91893201;63,16666667;8,298578787;3,466114998;2,230497822;2,499242306;0
2357;15;60,32140377;78,83333333;9,39851569;3,466744661;4,671376283;6,668457866;1
2358;10;20,04488725;33,66666667;6,473405708;3,466759443;1,372597708;0,636901855;0
2359;15;18,57149425;90,16666667;9,06153631;3,466783047;2,755081298;3,940252781;0
2360;10;5,885455171;6,666666667;9,919158352;3,470971346;1,243290403;0,043338895;0
2361;10;28,98250338;47,5;6,917385798;3,471447468;1,536177371;1,025221109;0
2362;10;32,92837646;55,83333333;8,347744198;3,473088264;1,401507059;1,213527441;0
2363;15;38,54291757;83;9,342850497;3,473478556;4,886177753;6,571686506;0
2364;10;36,89224939;44,33333333;8,737544161;3,474565744;2,748566228;2,166509748;0
2365;15;44,95557062;79,16666667;10,38774551;3,475540876;6,331222145;8,841563344;0
2366;10;29,16639583;32,16666667;8,742688661;3,475683212;1,538018304;0,845386624;0
2367;10;17,09701316;22,33333333;7,807121414;3,476237059;1,133766779;0,385235548;0
2368;10;56,46834731;77,5;8,367099343;3,478129148;2,494833018;3,227997422;0
2369;10;39,54654368;51,16666667;9,601073635;3,478693008;1,65031819;1,507843614;0
2370;10;39,36029722;46,33333333;8,933787364;3,479041338;2,039790299;1,640137076;0
2371;10;10,81854505;6,5;9,90971212;3,479219675;1,86849557;0,165849447;0
2372;15;48,38962654;61,83333333;8,426238856;3,480364323;3,37202552;3,995621204;0
2373;10;34,46060656;69,83333333;7,783289076;3,481640816;2,750697981;3,106120348;0
2374;10;8,79972416;9,166666667;10,3228188;3,482688904;1,021304039;0,13478291;0
2375;10;26,3169853;44;9,175153558;3,482885361;1,765123193;1,297908545;0
2376;15;53,28338309;71,5;9,087536998;3,4840343;4,137361906;5,395794034;1
2377;10;14,68635484;21,16666667;7,393445369;3,484433413;1,181431929;0,402405858;0
2378;10;15,42634524;20,5;9,502040161;3,484782934;2,973738152;0,949211359;0
2379;10;44,44237317;68,33333333;8,624211714;3,484897852;1,657719818;1,824220538;0
2380;15;50,5748732;48,5;9,051218402;3,486280203;2,972578599;3,224747062;0
2381;10;3,665449824;5,166666667;11,51876997;3,487640142;1,017509806;0,01046133;0
2382;10;34,53761056;38,16666667;8,319013714;3,487929583;1,329686694;0,842966676;0
2383;15;50,3661413;53,5;9,742970675;3,488747358;4,062048903;4,800890565;0
2384;15;54,85763025;77,5;9,819974047;3,489224195;5,464094315;7,650582433;1
2385;10;40,46787988;86,66666667;7,836470652;3,490423918;3,475097467;4,766584396;0
2386;10;17,0642905;18,16666667;9,401193653;3,492141962;1,156932777;0,445940614;0
2387;10;29,6151041;35,16666667;7,909267927;3,492446899;1,557800297;0,864720941;0
2388;10;39,36891777;84,66666667;3,898211663;3,493887663;1,032251733;1,31856215;0
2389;15;20,87383758;25,5;11,42198599;3,49459672;2,019408283;0,982642889;0
2390;10;9,70378673;34,83333333;10,28125381;3,496178389;1,027536489;0,507608891;0
2391;10;5,555515278;5,833333333;11,32355157;3,496244669;1,001540453;0,025471807;0
2392;15;46,14321672;52,83333333;9,741084852;3,498321295;5,478091646;5,825601697;0
2393;10;25,50067781;60,33333333;7,894097894;3,498654127;2,010586759;1,925950766;0
2394;10;37,56153976;37,16666667;8,493149045;3,499500275;1,658452816;1,157082558;0
2395;15;47,76791158;78,16666667;9,933661722;3,499729633;4,878542414;6,885166764;0
2396;10;40,76428169;54;7,122293329;3,5003407;1,919226524;1,577422619;0
2397;15;48,2657624;70,33333333;10,71424793;3,501672506;5,697357667;7,854016781;0
2398;10;37,65167177;77,16666667;8,750868229;3,501817703;3,158152694;3,930212855;0
2399;15;51,8448885;58;8,023791366;3,502488852;2,75317541;3,096364379;0
2400;10;25,45246849;49,83333333;8,688256192;3,50251317;1,452037231;1,13768065;0
2401;15;40,26758134;58,5;8,362547741;3,50252533;2,831395241;2,066420317;0
2402;15;35,02435054;83,33333333;9,913866825;3,503088713;5,859009127;8,141653657;0
2403;15;49,39620277;84,5;9,050853418;3,503795147;2,981233258;4,166856885;0
2404;10;43,97315276;73,83333333;10,23590376;3,505988359;4,068870205;5,231402636;0
2405;10;44,34616831;58,5;8,097807498;3,506120443;2,146744673;2,142191768;0
2406;10;34,52892679;38,33333333;10,28799162;3,506124496;2,376924859;1,659402728;0
2407;15;36,76824224;68,33333333;7,659238599;3,506613255;2,001700508;2,250192642;0
2408;15;40,78545995;80,16666667;9,345589987;3,511548042;4,603743622;6,29718709;0
2409;15;47,94128616;77,83333333;8,029462744;3,511808157;3,059488953;4,033754468;0
2410;15;28,57494736;10;13,42396471;3,515339851;1,637001474;0,6369977;0
2411;15;38,60757336;74,5;7,773929988;3,516366243;3,251436878;2,114162564;0
2412;10;34,97373778;39,5;8,401280908;3,517383575;1,73066164;1,145764232;0
2413;10;17,21991334;16,33333333;8,920764159;3,517440319;1,135259163;0,291277289;0
2414;10;50,02243203;64;8,715375177;3,517819881;2,279017289;2,347195387;0
2415;10;37,19197692;39,5;9,338296058;3,51924634;1,562717756;1,102678061;0
2416;15;47,54568101;57,16666667;9,080931149;3,521088839;2,510150187;2,882212758;0
2417;10;43,83190015;59,66666667;8,287536017;3,521947622;1,946547951;2,014760733;0
2418;15;43,42895043;87,16666667;9,526082298;3,522751808;3,342345074;4,466407657;0
2419;10;45,04724783;50,83333333;11,29453533;3,522859097;2,358352747;2,742990375;0
2420;10;41,82095972;39;5,977910955;3,523043156;1,303867133;0,912548661;0
2421;10;12,52876605;13,16666667;11,22170287;3,525505781;1,306265032;0,251998663;0
2422;10;32,74734104;48;10,76046628;3,52552557;1,884821241;1,503844976;0
2423;15;46,49027334;77,33333333;10,3296103;3,526764631;6,747554183;9,556452513;0
2424;10;32,76625191;51,5;7,111890978;3,52751112;2,067404461;1,699786782;0
2425;10;43,21364204;57;7,084973839;3,527725458;1,856964897;1,765939355;0
2426;15;53,55947952;90,83333333;8,790295881;3,528835058;4,551774614;6,889687777;1
2427;10;44,56056041;62,66666667;7,812194059;3,529167652;2,312885427;2,425680041;0
2428;10;34,69372273;45;7,191695549;3,530857563;1,56756234;1,129050493;0
2429;10;16,80430871;21,16666667;12,12212878;3,531251669;1,174591735;0,34646821;0
2430;10;11,37316379;11,66666667;6,957386339;3,532885313;1,025818751;0,166108966;0
2431;15;41,57771554;48,33333333;9,028060143;3,533121586;3,366612864;3,281150579;0
2432;15;51,36165469;88,16666667;9,983014024;3,533921957;4,391504945;6,477897406;1
2433;10;14,94779793;24,16666667;9,625505835;3,534796953;1,125493312;0,392123342;0
2434;10;13,81289831;54;6,977968369;3,536128044;2,105186994;1,775302291;0
2435;10;34,28788468;68,66666667;10,12310055;3,539305449;3,204700034;3,782919288;0
2436;15;41,69656652;77,16666667;10,07209698;3,540102959;5,14411743;7,102982402;0
2437;10;47,75561022;60,83333333;11,00520363;3,540335417;3,382359492;3,774852037;0
2438;10;53,28183856;65;10,56259964;3,540806293;3,962967798;4,946061015;0
2439;15;45,02609552;27,5;9,701732361;3,543897867;2,222590657;1,871754766;0
2440;15;44,25396165;81,66666667;9,930357375;3,544166327;5,766192031;8,177555323;0
2441;15;34,14723122;62,33333333;7,345500351;3,544203997;1,835062152;1,923323989;0
2442;10;38,00981528;45;9,391599274;3,54467845;1,742343897;1,400341868;0
2443;15;35,13222545;60,83333333;7,193191477;3,547743797;1,878827708;1,948457956;0
2444;15;38,10805841;69,33333333;10,33214344;3,548136711;3,740957844;4,87399888;0
2445;10;52,09614521;71,5;8,042928649;3,548682213;2,045695803;2,476699591;0
2446;15;51,42629018;67,5;8,452658897;3,548918247;4,129576689;5,321650743;0
2447;10;9,890077311;14,33333333;7,001231771;3,549409389;1,055950796;0,173836946;0
2448;15;38,80636602;75,44444444;9,379172657;3,54989624;4,648050232;4,656389713;0
2449;10;32,53423263;51,83333333;8,553096174;3,550688267;1,200786276;1,135627389;0
2450;10;13,78853956;20;7,151769199;3,551205397;1,031208213;0,299698234;0
2451;15;53,27265622;60,5;9,703456236;3,551506996;3,869305163;4,933707118;0
2452;10;36,12643253;79,33333333;9,666776776;3,552879095;3,000348797;3,850915194;0
2453;10;10,73838775;16,5;10,16325054;3,553858519;1,016144099;0,224897861;0
2454;10;33,36335768;75,83333333;8,387364028;3,554519176;1,257171602;0,64808917;0
2455;10;17,21254636;20,66666667;7,314916036;3,556584597;1,177916457;0,3878088;0
2456;10;30,47997188;32,5;9,247148233;3,557430983;1,983394478;1,056008816;0
2457;15;53,47473374;84,66666667;10,54593939;3,558473349;5,817046589;8,613056302;1
2458;10;4,88035494;5,5;9,766891485;3,559036016;1;0,00927794;0
2459;10;46,92598761;72,33333333;9,620810993;3,559580088;2,112793223;2,013066053;0
2460;15;29,64131523;90,5;8,198045428;3,561251402;3,621287622;5,265452504;0
2461;10;7,431585638;10,16666667;11,64998262;3,562119484;1,012532744;0,169716239;0
2462;10;35,79912889;75,83333333;9,982612743;3,563175678;3,245951343;4,068612576;0
2463;10;26,8473222;40,16666667;6,928548374;3,566758633;1,136898173;0,89302814;0
2464;15;51,92390057;66,16666667;8,245965614;3,567314625;3,614959688;4,574243784;0
2465;10;18,87399358;19,5;10,02873071;3,568114758;1,170791244;0,432307363;0
2466;15;57,85245641;74,66666667;8,779487223;3,571468353;3,727591524;5,317603827;0
2467;15;35,70744153;74;9,830999783;3,572346926;3,955091646;5,13538146;0
2468;15;56,00526427;74,83333333;8,555253332;3,573144436;3,648677677;5,034101963;0
2469;15;43,16589451;65,83333333;9,469982143;3,573195219;2,547665246;3,064324021;0
2470;10;40,48159832;71,83333333;8,549572291;3,573672295;1,641092079;1,906821132;0
2471;10;24,71632654;40,33333333;7,885744276;3,573970079;1,313188347;0,837889552;0
2472;10;37,96375419;66,5;7,95297184;3,57433033;2,312305762;2,48009491;0
2473;10;5,265228317;5,333333333;7,936883184;3,574994326;1,00007716;0,011047244;0
2474;10;34,58650462;26,33333333;13,86200092;3,575130939;3,135805002;2,383970737;0
2475;10;56,16759189;53,66666667;8,79480111;3,575856686;3,166490644;3,48446548;0
2476;10;14,77945547;16,83333333;5,831262032;3,577473402;1,121095741;0,289814472;0
2477;10;27,28256419;31,83333333;8,065591551;3,578291893;1,235130585;0,687563658;0
2478;10;26,74816654;57;8,907089745;3,579397917;2,698336818;2,429942727;0
2479;15;55,07340392;82,33333333;8,928321877;3,580125093;4,570697762;6,621226788;1
2480;15;59,26333484;74,33333333;10,32212579;3,581501484;4,705029709;6,847702265;1
2481;10;12,32885833;7,833333333;10,44933314;3,581669092;1,181387026;0,116140485;0
2482;15;58,61601534;63,16666667;8,766497991;3,581835032;3,591179208;4,629658341;0
2483;15;46,29084341;79;9,795921467;3,584110022;5,576507966;7,911075354;0
2484;10;30,44551458;37,83333333;7,9586285;3,58600378;1,602966299;1,037279844;0
2485;15;41,13848933;92,5;9,69464072;3,586672306;6,151677986;9,301615238;0
2486;10;33,86130694;59,16666667;9,984643742;3,587607384;2,054465508;1,951296687;0
2487;10;21,8674411;37;12,98221036;3,588568211;1,287152459;0,766831875;0
2488;#N/A;36,62544966;49,33333333;8,71226474;3,589217424;2,138869633;1,827090263;0
2489;15;34,07466699;70;8,840088499;3,589480639;3,276022221;3,983216524;0
2490;15;38,49099283;63;7,105767325;3,589918137;1,588785425;1,812235475;0
2491;10;18,61901718;22,16666667;9,008776502;3,59056282;1,086114948;0,398811221;0
2492;10;18,79694069;17;8,136341899;3,590824604;1,267875345;0,343952775;0
2493;10;21,14915324;22,83333333;8,813506532;3,595450163;1,240238737;0,496004581;0
2494;15;53,49211815;65;9,270901241;3,596394062;3,764264043;4,921235085;0
2495;15;58,19509195;67,66666667;8,262531397;3,59668541;2,818671516;3,999808669;0
2496;15;53,88124036;49,83333333;9,973378145;3,597393513;3,60429346;4,437084436;0
2497;10;5,553646447;6,666666667;6,683470389;3,597434521;0,999939837;0,035638094;0
2498;15;34,57464983;81,66666667;8,964152125;3,59750104;5,287519211;7,231257677;0
2499;10;48,39097644;64;8,732918409;3,597877026;2,428304124;2,626664281;0
2500;10;13,52199019;15,33333333;8,252766685;3,599162817;1,135274979;0,296724916;0
2501;10;16,86745796;18,83333333;9,83547847;3,600047112;0,845545929;0,266590595;0
2502;10;23,52874577;26,5;11,1722936;3,600272655;1,200170496;0,543205619;0
2503;10;33,15216371;39,16666667;8,310404823;3,600378036;1,576522898;1,066925287;0
2504;10;11,79530384;11;10,67795642;3,601733685;1,038753337;0,173569083;0
2505;15;52,57901531;68,83333333;10,05608763;3,602300167;3,839210138;5,001372337;0
2506;10;39,51926734;42,66666667;7,60404398;3,603146791;1,720362231;1,332026958;0
2507;10;54,53679903;66,77777778;7,94250245;3,604183674;1,984334737;1,803518295;0
2508;10;34,67028202;31,83333333;8,716300004;3,605511665;1,565858623;0,999289632;0
2509;15;45,86790464;30,66666667;10,63881041;3,605746269;2,848081023;2,92194593;0
2510;15;53,15829658;72,83333333;9,552252931;3,607890129;3,121716999;4,451377749;0
2511;10;49,36759488;45;9,75048924;3,607928991;2,277761267;2,251470089;0
2512;10;26,51975433;36,83333333;8,681140501;3,608788729;1,692933299;1,035021782;0
2513;15;36,62971979;83;9,663347126;3,608891487;4,82293644;6,711354017;0
2514;15;14,67809164;32,66666667;9,100256932;3,609481096;3,032723606;1,727846742;0
2515;10;38,44010909;76,66666667;9,783291035;3,609930277;2,901340138;3,736987829;0
2516;15;41,53670333;73,16666667;7,853960211;3,61041832;2,801333455;3,510925174;0
2517;10;21,81061255;28;8,072856674;3,61046648;1,361830928;0,632357836;0
2518;10;32,63630134;48;8,590345637;3,610780716;1,702510421;1,409738541;0
2519;10;29,2143223;40,5;9,029553632;3,611820698;1,289482722;0,926283479;0
2520;10;26,97481255;41,16666667;7,710038;3,612160921;1,198651164;0,80955112;0
2521;10;18,67881918;67,83333333;7,654321612;3,612519503;2,220376495;2,477761984;0
2522;10;44,04919825;41,5;8,436559542;3,612862349;1,671166862;1,470837474;0
2523;15;55,34498336;90,16666667;9,975242338;3,616640806;5,074347429;7,819916368;1
2524;10;32,82147437;44;7,567668348;3,617207527;1,588896282;1,125437021;0
2525;10;19,53178079;33,16666667;8,264865069;3,617752552;1,133648245;0,597825646;0
2526;10;6,181260224;6,5;10,37564993;3,618215561;1,00973122;0,047395706;0
2527;10;9,367322202;6,333333333;12,22712146;3,619811058;1,025125469;0,153629303;0
2528;10;37,75458443;47,83333333;9,052810035;3,622632504;1,698780854;1,338773131;0
2529;10;11,55549271;15;10,05779102;3,623285532;1,005927156;0,230177283;0
2530;15;43,50227454;81,66666667;10,05315793;3,625295877;5,136092494;7,587593675;0
2531;15;36,39761636;85;9,999867101;3,625752211;5,186290067;7,491252422;0
2532;10;25,83161569;53,33333333;8,429012291;3,626334906;2,550350763;2,154623389;0
2533;15;55,73938664;79,83333333;9,749723041;3,627289057;5,347857792;7,870898008;1
2534;10;16,03476131;28,66666667;10,61774202;3,62798667;1,199972982;0,484046817;0
2535;15;49,69268971;71,33333333;11,10550407;3,629256725;5,138530856;7,485513926;0
2536;15;13,8021618;29,66666667;11,37998382;3,630424738;1,052626197;0,481108069;0
2537;10;20,76724348;36,66666667;8,750737997;3,630640745;1,153551016;0,665201783;0
2538;10;38,07374271;58,33333333;8,759201454;3,631930351;2,091839789;2,260207891;0
2539;10;62,97050657;65,5;7,196388466;3,633264303;2,068755139;2,772362113;0
2540;10;7,993980833;11,16666667;8,276087896;3,633685112;1,117456741;0,200626135;0
2541;15;50,13833665;83,16666667;9,187570475;3,63381958;3,925482591;5,721453905;0
2542;15;43,23949239;88,16666667;8,134758062;3,634191513;2,675012474;3,904171467;0
2543;15;48,4009371;67,66666667;9,089546959;3,635564566;3,942517101;4,981496334;0
2544;10;34,95836147;64;7,728908995;3,636762142;1,991115977;1,940491199;0
2545;10;48,44435362;69,66666667;9,656637304;3,637273073;2,487605115;3,03042531;0
2546;10;37,13866475;35,66666667;8,260836152;3,640350342;1,653686804;1,131428123;0
2547;10;20,95375946;21;6,330707247;3,640567064;1,275635915;0,467978597;0
2548;15;48,03490041;86,66666667;9,648651792;3,643489838;6,02229015;8,942283034;0
2549;10;31,19470969;36;8,579924861;3,644726038;2,219042783;1,425981283;0
2550;15;48,43005267;84,16666667;9,051847786;3,644823313;4,001603305;5,834271908;0
2551;10;47,296514;72,33333333;8,954736643;3,64587307;3,32862398;4,145503044;0
2552;10;40,43518978;64,33333333;9,537345963;3,646384239;2,532929904;2,64655447;0
2553;15;32,14348306;53;13,63462917;3,646810055;6,088576293;7,186667562;0
2554;10;46,89477708;51,16666667;9,484571641;3,647440672;2,450867617;2,52726531;0
2555;10;46,8162652;65,5;8,536368034;3,647869825;2,529616267;2,824629903;0
2556;10;23,41520623;66,5;7,379472871;3,648559093;1,872291778;2,019066215;0
2557;#N/A;3,869996733;5,666666667;6,395210903;3,648704767;0,981581092;0,005238652;0
2558;15;30,48885367;26,16666667;10,33554383;3,649917841;1,309857911;1,096574187;0
2559;15;33,91250403;66;9,778218329;3,651171207;3,22362916;3,925031781;0
2560;10;29,7813954;47,66666667;8,984921787;3,652184963;1,389310655;0,986366749;0
2561;10;27,57624806;43,16666667;6,972012463;3,652456284;1,440057496;1,006344676;0
2562;15;42,69953611;30,16666667;9,123452006;3,65277195;1,85743492;1,531027079;0
2563;10;36,98012901;51,5;7,229240322;3,653106451;1,703016221;1,502687931;0
2564;10;39,17252062;48,33333333;9,61795898;3,653568745;1,711012792;1,497715712;0
2565;10;26,16202833;28,16666667;9,133913196;3,653894424;1,283306516;0,639227509;0
2566;15;32,33438347;74,5;9,257640157;3,654883623;4,368963168;5,686302543;0
2567;10;32,0751035;35,33333333;8,450233906;3,657012463;1,46584917;0,778520584;0
2568;10;17,60321253;20,5;8,339572857;3,657297373;1,002301283;0,427438974;0
2569;10;12,33960997;11,33333333;9,202041992;3,658763885;1,113367279;0,18851614;0
2570;10;51,63750382;52;8,559933981;3,662087679;2,643182053;2,741696;0
2571;15;29,63146622;91,66666667;9,389935056;3,664578676;3,427025973;5,1914711;0
2572;10;14,189085;24,5;8,879140331;3,665737391;1,043533089;0,385117054;0
2573;15;12,71456543;28;9,764470179;3,667843342;1,01957205;0,060564876;0
2574;10;6,1920286;6,833333333;10,25299613;3,667912006;1,006107338;0,050205827;0
2575;10;53,09418909;62,16666667;8,757450914;3,667940378;3,156984949;3,685783386;0
2576;10;27,39579036;39,5;7,688365008;3,668005943;1,45951071;0,919120908;0
2577;10;42,97927537;67,33333333;7,210519307;3,668728352;2,16561002;2,467343688;0
2578;10;40,67715481;88,66666667;8,335676422;3,669374228;1,113510721;1,6149863;0
2579;15;54,90986098;66,5;9,921825292;3,670053244;3,517966314;4,957567692;0
2580;10;16,76816991;50,16666667;8,351348953;3,672310591;1,882448105;1,576050401;0
2581;10;10,66613017;6,166666667;11,66658344;3,672887802;1,752693909;0,153898954;0
2582;10;23,42512287;36,66666667;10,35009885;3,673331738;1,186514777;0,36651659;0
2583;15;47,06492469;82;8,340054425;3,675393581;3,177118513;4,562774539;0
2584;10;8,25671816;7,333333333;9,177188711;3,676300764;0,9947702;0,086944699;0
2585;10;27,9267773;26;8,596780988;3,676826954;1,358950918;0,658076286;0
2586;15;50,75282782;74,83333333;10,20780561;3,677214861;5,198611893;7,475639462;1
2587;15;49,45655688;68,83333333;9,104792725;3,677629948;3,259974646;4,328044057;0
2588;10;58,74651685;84,5;8,93800679;3,677640438;3,581823191;5,414350271;0
2589;15;41,37327236;89,33333333;9,985654445;3,678389072;6,54609846;9,975371838;0
2590;15;54,80898368;39,16666667;9,589708187;3,678559542;2,978263082;3,515888095;0
2591;10;57,78267679;55;7,480972675;3,67913723;1,450364126;1,750797272;0
2592;15;30,47327767;77,66666667;8,684227714;3,679464102;2,546842038;3,399697781;0
2593;10;20,2157777;31,33333333;8,065613757;3,679743052;1,121823686;0,578693271;0
2594;10;32,08472053;74,16666667;9,839864348;3,680140972;2,73092618;3,378423333;0
2595;10;37,63508202;34,16666667;8,416191942;3,684221506;1,667170085;1,189760923;0
2596;10;32,21619556;71,83333333;8,311364176;3,684895515;3,034106725;3,695436239;0
2597;15;44,99893954;71,83333333;8,008187525;3,685300827;2,809607213;3,687159657;0
2598;10;14,88524451;23,16666667;10,06078491;3,688120604;1,069416856;0,373985171;0
2599;10;4,912201825;5,333333333;9,548801817;3,689446211;0,681337723;0,005183578;0
2600;10;19,47100727;23,66666667;8,511771265;3,690944672;1,277148273;0,538377762;0
2601;10;6,438532045;6,5;9,511061531;3,69144249;0,971456329;0,046203494;0
2602;10;10,47791803;6,166666667;11,45133322;3,691746712;0,982229168;0,131377578;0
2603;10;28,46056263;54,33333333;9,051372638;3,693450451;1,634656325;1,08014369;0
2604;10;28,73146382;30,83333333;7,691391789;3,694569111;1,310987383;0,737742901;0
2605;10;28,93996938;42;7,895971029;3,694848061;1,228279969;0,839321613;0
2606;15;46,52346785;90,16666667;9,360950529;3,69556284;4,861721571;7,709405661;0
2607;10;24,52292765;37,5;8,397365266;3,69583416;1,332581113;0,836432934;0
2608;15;39,55991409;73;9,421992507;3,6959939;3,791592257;5,125377297;0
2609;10;30,90475941;20,5;9,022932268;3,697636843;1,296075494;0,593470454;0
2610;10;41,31309478;69,16666667;9,294252894;3,697944403;2,963534723;3,458233237;0
2611;15;41,18794276;86;11,06241901;3,698375702;6,30829059;9,667400241;0
2612;15;32,93121241;28,5;8,528113841;3,698749781;1,909685573;1,343245506;0
2613;10;37,08984077;43;9,576278531;3,699671268;2,274844345;2,122524619;0
2614;10;22,79822495;23,66666667;9,78503517;3,702160597;1,203805043;0,492120862;0
2615;10;13,46156747;21,16666667;9,313122356;3,702631235;1,1625805;0,287729383;0
2616;10;34,36152189;60,16666667;9,985250909;3,703465939;2,542174315;2,584307313;0
2617;15;46,60545667;29,5;11,26027602;3,703876734;1,943759705;2,029017925;0
2618;10;32,4975791;57,33333333;8,116536692;3,704432487;1,686587055;1,598400593;0
2619;10;7,233834305;6,833333333;12,76692284;3,704555273;1,032353221;0,091186047;0
2620;10;7,223319477;8,166666667;9,644289136;3,704737425;1,03024291;0,08852303;0
2621;15;10,0769345;12;6,796116337;3,705606937;0,918089179;0,244640231;0
2622;10;26,90533387;39,83333333;10,76267298;3,705816746;1,291965789;0,81347692;0
2623;15;45,84761388;81,66666667;8,936580179;3,705918789;4,263817658;5,979413867;0
2624;15;39,91279222;82;9,602752768;3,709222794;4,484010983;6,56325531;0
2625;10;16,22717982;18;8,514089365;3,709852695;1,547599378;0,445729852;0
2626;10;36,86177949;52,5;7,481830077;3,712739706;1,825440932;1,641620636;0
2627;10;51,68273773;60,66666667;9,164745812;3,715247869;2,54576503;3,051710486;0
2628;15;5,782065136;8,666666667;6,925454053;3,715263844;1,004555317;0,105189085;0
2629;15;41,51875514;72,83333333;8,404942396;3,715544224;2,99488385;3,867681742;0
2630;10;25,29335489;42,16666667;8,576025494;3,717398167;1,428490216;0,993270159;0
2631;15;3,377917591;5,5;11,48525539;3,718775749;1,016960209;0,014513612;0
2632;10;7,207484369;9,666666667;9,552258897;3,719352245;1,011587523;0,041455269;0
2633;15;43,72742311;76,33333333;8,909536383;3,720107794;2,975123797;4,109060526;0
2634;10;17,83350732;25,33333333;7,459294961;3,721700668;1,165352494;0,314670324;0
2635;10;9,010801589;8;7,993096459;3,725177288;1,006527849;0,114348173;0
2636;15;51,14312324;57,16666667;9,709711128;3,726017475;3,726448616;4,820315838;0
2637;10;9,894825778;15,83333333;4,763460666;3,726257324;1,042160598;0,257228851;0
2638;15;33,80638773;83,66666667;8,883668562;3,72637248;4,490145199;6,423848391;0
2639;15;32,95037641;69,16666667;9,938313775;3,726861238;4,193384409;5,420501828;0
2640;15;46,82342569;80,33333333;8,602922597;3,727395058;4,060499536;5,777706981;0
2641;10;45,21086988;69,5;7,610812218;3,729657412;2,324208955;2,831634879;0
2642;10;13,62530015;21;7,657385548;3,731750965;1,066488995;0,350699544;0
2643;15;48,90640665;76;9,528680076;3,733263254;3,956513914;5,537420273;0
2644;10;42,58744446;76;8,333500755;3,735667467;2,040338809;2,413828731;0
2645;15;49,28578383;59,83333333;9,446159759;3,736673355;3,445944734;4,347710013;0
2646;15;40,665615;81,83333333;9,82780011;3,736766338;4,586886619;6,802946448;0
2647;15;4,788447329;5,166666667;9,573186157;3,738017797;1,000257617;0,001294374;0
2648;10;38,70747732;44;8,004139884;3,738395214;1,593827117;1,241980672;0
2649;15;50,52220196;60,33333333;9,721984226;3,738661766;4,045708156;5,121970057;0
2650;10;43,15131562;76,83333333;8,769416456;3,73918891;2,359676678;3,032978296;0
2651;15;42,09812364;43,33333333;11,86718134;3,739624023;2,88772011;3,467209935;0
2652;10;5,073067941;5,666666667;10,74435489;3,740588188;0,962048819;0,01732862;0
2653;15;39,76022549;86;10,26400252;3,742594004;6,670811691;10,09339631;0
2654;15;49,14610684;83,33333333;11,42248573;3,742635727;6,873456802;10,55177319;0
2655;15;41,84432072;71,16666667;10,16174943;3,743891954;3,703933577;5,12527287;0
2656;10;47,33385599;70,66666667;8,049715475;3,745362282;2,374149082;2,807565689;0
2657;10;44,09167503;54;9,296519938;3,745755196;2,549822754;2,639811754;0
2658;15;57,7428121;61,83333333;9,906029458;3,745783091;4,120486165;5,759823918;0
2659;15;52,9957485;71;10,28577141;3,746380091;5,979590504;8,54700458;1
2660;10;47,40784161;54,33333333;8,965874718;3,746573448;2,018332657;2,182713985;0
2661;10;44,07933927;75,66666667;8,192019321;3,746669531;2,368005683;2,958224773;0
2662;10;35,62711013;80,16666667;9,395535707;3,749423027;2,736995796;3,75282979;0
2663;15;48,01539384;66,66666667;8,5330201;3,750180483;3,460728761;4,577729702;0
2664;10;45,1044841;56,33333333;8,998822986;3,752275944;2,222755803;2,360255599;0
2665;10;30,06931468;39,83333333;8,313693271;3,752307892;1,974197221;1,26984334;0
2666;10;25,86964873;39,33333333;8,524000666;3,754041433;1,52947057;1,000142813;0
2667;15;49,01860268;87,33333333;8,480153712;3,754450798;4,069235885;6,15339458;0
2668;10;33,57374215;59,16666667;8,538237228;3,756015539;1,656218197;1,412179589;0
2669;10;35,66744874;34,83333333;13,9538508;3,756276131;1,853742462;1,676101923;0
2670;10;52,24830619;89,33333333;8,048532727;3,756479979;1,909732408;2,924130201;0
2671;10;22,30144382;12,66666667;11,46344065;3,757059336;1,122095721;0,311906934;0
2672;15;60,19970993;57,66666667;9,785455761;3,759257317;4,351911957;6,171338558;0
2673;10;4,692260062;7,166666667;7,101281891;3,760156155;1,096161968;0,074457169;0
2674;10;18,29559344;36,16666667;5,651694898;3,760191917;1,027025006;0,591105223;0
2675;10;35,28829866;50,33333333;8,949118961;3,760513544;1,843124705;1,482872605;0
2676;10;48,93266412;57;8,12537075;3,760581493;2,256468964;1,862237453;0
2677;10;15,02667561;16,83333333;8,702187525;3,761198997;1,198760221;0,355664372;0
2678;15;45,467885;83,16666667;7,443641929;3,761223316;3,453543655;4,928794146;0
2679;15;38,59838905;29,16666667;13,34382121;3,761416435;3,72910263;3,810679078;0
2680;10;28,07984163;28,16666667;7,523517124;3,762637138;1,4329899;0,728534698;0
2681;15;26,85524508;80;7,492596801;3,763034344;3,172610037;4,332063198;0
2682;15;48,7296592;63,83333333;8,94201586;3,763668537;3,541075994;4,627581954;0
2683;10;15,16528513;23,83333333;9,677121337;3,764375687;1,17507173;0,45964551;0
2684;10;39,68967812;66,33333333;7,705698286;3,769170761;1,276242032;1,452945948;0
2685;15;46,67217607;74,16666667;8,424863778;3,76971674;3,670298098;5,011738539;0
2686;15;49,28463974;94,66666667;9,591365773;3,770060539;4,403072406;7,062526345;0
2687;15;43,94463951;83,33333333;9,125404755;3,771937847;2,758194283;3,997739434;0
2688;10;41,9905806;75,5;8,535632822;3,772285461;1,864043839;2,298979759;0
2689;10;5,842946138;6,666666667;9,195521539;3,773117065;1,000429738;0,00223732;0
2690;10;13,02605935;40,16666667;7,660307527;3,774328232;2,451253535;1,613706231;0
2691;10;44,19313583;56,61290323;8,838406066;3,774536848;2,614780949;2,755138874;0
2692;15;49,53749137;82,16666667;9,720992436;3,774791479;5,758465797;8,663505316;0
2693;15;45,68704553;61,33333333;8,074456534;3,775312185;3,139496947;3,833571553;0
2694;10;35,75500011;33,33333333;10,42059829;3,776125908;1,570344019;1,192664266;0
2695;10;44,04721678;58,83333333;9,294887681;3,777263641;2,382789055;2,621792555;0
2696;10;39,38643846;46,66666667;8,550605091;3,779788733;1,701376953;1,534788489;0
2697;10;5,93881577;6,666666667;5,641158579;3,779924393;1,000746193;0,039885044;0
2698;10;19,24079717;23,16666667;8,832656676;3,780236483;1,662530705;0,685325503;0
2699;10;20,00016667;36;8,78003634;3,780429363;1,218461541;0,712308288;0
2700;15;34,16223039;17,5;13,13934568;3,782641888;2,422183833;1,784835696;0
2701;10;9,873649198;15,16666667;6,793118868;3,782897472;1,101048022;0,233570218;0
2702;10;29,40155159;45,66666667;7,786737424;3,784030676;1,862851997;1,528547406;0
2703;10;12,37325135;28,5;10,34142672;3,784946203;1,033949127;0,092728972;0
2704;10;28,57432061;31,83333333;7,856023587;3,786043406;1,408338769;0,833145857;0
2705;10;12,90171502;20,83333333;9,933614132;3,786226034;1,066054902;0,343501091;0
2706;10;28,68687967;38,5;9,903363464;3,78763175;4,442909568;3,125736356;0
2707;15;48,99454929;66,66666667;8,967133789;3,789424181;3,360909129;4,475578189;0
2708;15;33,11308087;78,5;8,763874873;3,790040016;3,96974377;5,493097186;0
2709;10;12,78134285;33,66666667;10,60792533;3,790486097;1,450744196;0,825324416;0
2710;10;4,859967877;6;11,45993365;3,790672541;1,001629549;0,000833273;0
2711;10;50,48868712;79,83333333;8,695029941;3,793912411;2,562211621;3,601457715;0
2712;15;48,07167672;80,83333333;9,824786099;3,794561625;5,225356777;7,744888902;0
2713;15;49,4696763;68,83333333;8,859721458;3,794821978;3,55016636;4,748739243;0
2714;10;29,51563236;34,33333333;7,846413571;3,795884848;1,560995182;0,989401579;0
2715;10;13,90840978;24,33333333;8,429183697;3,796649694;1,029768568;0,384725094;0
2716;15;45,00587241;76,83333333;9,52295953;3,797137022;3,623227425;5,126096249;0
2717;15;38,80218706;46,11111111;7,921929681;3,79837966;1,855714061;1,351173043;0
2718;10;27,56098626;62,66666667;10,45723938;3,798508644;1,693299023;1,905453205;0
2719;10;46,26515964;81;8,156038783;3,79878068;2,099912427;2,575722694;0
2720;15;59,31174127;73,5;11,15798912;3,798845053;6,212293735;9,521665931;1
2721;10;17,72883648;21,5;8,776716868;3,799010038;1,05158452;0,372270107;0
2722;10;50,77306099;71;9,340151113;3,799786329;2,964257695;3,766997576;0
2723;15;48,80812822;83,5;10,12530441;3,799981594;5,17243782;7,939296961;0
2724;10;19,40830985;24;6,533666566;3,801603556;1,359634855;0,582647324;0
2725;10;38,09688891;52,33333333;8,969248324;3,802849293;1,803086063;1,676725984;0
2726;15;37,91984926;84,16666667;10,05526032;3,804885149;5,653573884;8,626137495;0
2727;15;43,03243362;69,5;8,099964828;3,80645299;2,748416226;3,535624504;0
2728;10;42,72070932;48,66666667;8,371719787;3,80841732;1,904882785;1,797433615;0
2729;10;29,11946294;50;9,106614817;3,809333324;2,007205537;1,862307429;0
2730;10;36,58290688;53,83333333;8,502644392;3,809636116;1,714329425;1,48597014;0
2731;10;36,36028316;54,33333333;8,084255927;3,811355352;1,693828572;1,638284683;0
2732;10;44,22578433;70,5;8,504745567;3,812987804;2,999404128;3,754623413;0
2733;10;42,25738686;39,44444444;8,932140165;3,813742399;1,840088869;1,576636791;0
2734;10;33,09612987;41,5;8,169350748;3,814327955;1,402217486;0,800195098;0
2735;15;39,56533714;68,83333333;9,387679476;3,814389706;4,16143605;5,706225753;0
2736;15;32,19955082;86,16666667;9,616081212;3,814401865;3,928419901;5,97092092;0
2737;15;38,67321392;46,83333333;9,245876203;3,814940453;3,627271934;3,65025723;0
2738;10;13,68389169;26,5;8,497094151;3,814979553;1,030584432;0,052594543;0
2739;10;6,787727053;6,833333333;8,411868854;3,81542635;1,012574147;0,074535966;0
2740;10;4,831435783;5,166666667;8,548087184;3,816198587;0,852648475;0,005129099;0
2741;10;37,46168491;54,66666667;8,936965009;3,816240549;1,92410726;2,003074884;0
2742;10;10,64974313;16,16666667;8,808518281;3,817833662;1,194764075;0,2976197;0
2743;15;36,15886126;74,83333333;9,48827911;3,817945004;3,843601832;5,454262376;0
2744;10;14,86632424;15,66666667;10,64058475;3,818017721;1,057460574;0,270121098;0
2745;15;45,31887707;74,16666667;8,474383773;3,823939323;3,921636171;5,381124854;0
2746;10;44,15599036;76,5;7,808818761;3,823997259;1,892017966;2,527892947;0
2747;15;41,79640291;67,33333333;9,35747697;3,824454069;2,289340885;2,894978046;0
2748;10;15,01558649;61,5;8,281548038;3,826525927;2,284533313;2,420334816;0
2749;15;33,32626697;81,5;9,651832483;3,827081919;3,866461101;5,432373524;0
2750;15;39,95989427;74,66666667;8,89931247;3,828110695;3,214585759;4,668435454;0
2751;10;9,114566478;13;7,223801665;3,829243183;1,020982343;0,170721292;0
2752;15;50,04349857;66,33333333;9,390696619;3,82931757;4,130459784;5,692294717;0
2753;15;53,41154247;66,5;9,498797019;3,82937932;3,744297054;5,391361237;0
2754;10;31,52735307;78,83333333;8,672766772;3,830348969;3,448046467;4,798907399;0
2755;10;57,37832376;59,33333333;10,55811646;3,831293821;3,395969776;4,415370703;0
2756;15;47,54380604;71,16666667;9,742432876;3,831575871;2,678440195;3,476561069;0
2757;10;10,44993544;51,66666667;7,882849687;3,833443165;1,373665233;1,208375692;0
2758;10;27,76449609;42,5;10,39070384;3,835718632;1,579633324;1,255142927;0
2759;10;24,40172648;20;8,162271058;3,836825848;1,187427042;0,576461434;0
2760;15;43,49004039;88,33333333;10,18701209;3,842519999;4,62249711;7,108469248;0
2761;10;36,34494579;69;9,887104329;3,844017506;3,697430789;4,755577445;0
2762;10;13,00786034;11,33333333;10,79991975;3,845446587;1,240005199;0,253653646;0
2763;15;49,90437382;77,66666667;9,394409535;3,845446825;4,125946913;6,067426085;0
2764;10;32,17495148;39,5;10,40725291;3,846776485;1,444878619;1,114878535;0
2765;10;38,8010127;35,66666667;8,591360041;3,847435713;1,891197849;1,464972854;0
2766;15;32,19000184;64,83333333;7,767557698;3,848276615;2,720637839;3,359742761;0
2767;10;21,13474641;34,5;8,396165402;3,851551294;1,552073562;0,848605871;0
2768;15;35,69285638;77,83333333;9,624441765;3,852068901;4,083250252;5,869741917;0
2769;10;20,4174315;46,33333333;7,888904557;3,853322744;1,643773115;1,308046699;0
2770;15;35,54900634;92,33333333;9,633621379;3,854566813;4,61532804;7,407724857;0
2771;15;34,30595838;48,5;8,018399855;3,855986595;1,644764931;1,340450644;0
2772;10;18,27125572;45,66666667;10,05382179;3,85710454;1,161127976;0,332571149;0
2773;10;27,87342899;44,83333333;7,38541926;3,859359026;1,470585081;1,148063183;0
2774;15;46,30397813;48,16666667;8,679201928;3,859950304;2,341354028;2,578040838;0
2775;15;38,6911657;66;9,408251573;3,860375404;2,470230278;3,521345019;0
2776;15;51,28050102;71,33333333;10,18075966;3,860449314;3,425038308;5,033163071;0
2777;10;7,41279992;11,16666667;8,458010666;3,86164856;0,851595135;0,114587545;0
2778;15;41,24813707;75;9,119743507;3,862491608;3,54973567;5,150764346;0
2779;10;35,60236866;67,16666667;7,783733517;3,863028288;1,627973096;1,659118533;0
2780;15;24,23124985;71,66666667;8,447432136;3,864951134;3,316457077;4,03525424;0
2781;10;22,02924138;19,83333333;10,77678555;3,865236998;1,270109162;0,554501057;0
2782;15;51,2793841;78,83333333;9,027772909;3,865400553;4,446118362;6,691149592;1
2783;15;31,66993227;76,16666667;9,763313295;3,866014719;4,32079035;5,844574332;0
2784;10;18,71312616;26,66666667;8,655824277;3,867844343;1,194254961;0,574513078;0
2785;10;41,32486867;90,5;10,70168124;3,868450642;6,069228078;9,720302224;0
2786;10;27,50388346;70,5;8,803074814;3,868846893;1,651039776;2,074520111;0
2787;10;32,91707964;45,5;8,867073881;3,869501829;2,250198561;1,761655807;0
2788;15;29,37029704;66,5;7,790668697;3,871116638;1,619975699;1,91530478;0
2789;10;14,24131902;25,5;12,03529582;3,871673346;1,126167642;0,462673426;0
2790;10;6,90573828;6,166666667;11,01853376;3,872972488;1,043923616;0,099141002;0
2791;10;14,12952933;31;4,912539658;3,872997046;1,0039085;0,022531748;0
2792;15;52,35735048;82;9,552221455;3,873021603;4,815922784;7,461344361;1
2793;10;24,66996796;28,66666667;7,556690383;3,874217272;1,255315803;0,76303339;0
2794;10;7,835532288;10,66666667;7,519315557;3,874234438;1,136732025;0,136097789;0
2795;15;51,67735556;64,66666667;11,31984522;3,874692678;3,09979982;4,433854222;0
2796;10;36,94273452;46,16666667;7,271741903;3,875296831;1,666786876;1,283251166;0
2797;15;3,374540405;5,166666667;8,32435205;3,876442432;0,9304969;0,009570718;0
2798;15;57,38937308;66,5;10,2976114;3,876777172;4,554637554;6,814084291;0
2799;10;20,5504515;33,83333333;8,950620924;3,876915216;1,079814967;0,628962636;0
2800;15;37,47152506;82,16666667;10,21965908;3,880120039;5,124624708;7,813787103;0
2801;10;8,506831295;9,666666667;11,73880911;3,880323648;1,013996493;0,119569421;0
2802;10;8,566435883;10,66666667;10,27433279;3,881443501;0,78819899;0,110031962;0
2803;10;23,85574211;68,5;7,352922083;3,881628036;2,144623599;2,554127932;0
2804;15;3,300505176;26,83333333;11,69966613;3,88254571;0,666124718;0,274771094;0
2805;15;53,99051673;62,5;9,958998525;3,883676767;3,286564287;4,726868391;0
2806;10;19,97479022;30,66666667;12,74682894;3,883981466;1,376903784;0,729006767;0
2807;10;4,523403758;5;13,17841146;3,884615421;0,933333333;8,43E-05;0
2808;10;29,4332762;81,33333333;8,283438237;3,884810686;2,496327603;3,501183391;0
2809;15;40,99223431;61;9,11826394;3,886955261;3,678435204;4,468119979;0
2810;10;10,51602121;10;9,050457264;3,88755393;1,219679518;0,179123163;0
2811;10;43,48506777;72,66666667;9,101298981;3,887689829;2,121819266;2,705185533;0
2812;10;40,1668301;63;8,387863831;3,888509035;2,740909465;3,12088263;0
2813;10;38,86685682;29,16666667;9,417502858;3,88936615;1,631637177;1,17610395;0
2814;10;13,20131907;12,5;10,60630038;3,890900373;1,644417736;0,331264734;0
2815;15;42,65843975;74,66666667;9,340873454;3,892176628;4,656392367;6,55817306;0
2816;10;11,02325817;16,5;9,199034682;3,892368555;1,058149252;0,248520017;0
2817;10;14,14087169;21,5;8,716012627;3,893512964;1,099317281;0,380796432;0
2818;15;17,87043869;34,66666667;8,586307198;3,894427776;1,587283254;1,07884872;0
2819;10;17,45286803;25;9,026113132;3,894715071;1,320032171;0,569230676;0
2820;10;13,91982118;15,66666667;8,613606528;3,894893885;1,130365165;0,29368937;0
2821;10;14,00773366;15,83333333;7,058055238;3,895302296;1,281223027;0,392897367;0
2822;15;39,29451014;79,5;9,105192294;3,895935774;4,353808913;6,504700899;0
2823;15;38,48289632;83,5;10,18569854;3,897348404;6,06304454;9,442295671;0
2824;10;8,769266217;11,5;10,7159211;3,897356749;1,175172477;0,190012574;0
2825;10;40,42975027;35,83333333;8,222687499;3,898334026;1,610502825;1,264932632;0
2826;10;5,229968113;7,833333333;11,74469675;3,904441357;1,00188781;0,001729131;0
2827;15;38,48311309;67,16666667;9,917667892;3,90524888;3,878160572;4,961222291;0
2828;10;35,43467654;69,5;7,982767228;3,905942202;2,754087483;3,488455176;0
2829;15;35,20278502;91,16666667;10,42555354;3,905949831;6,629920509;10,71113241;0
2830;10;26,50724715;23,16666667;8,063887013;3,906141043;1,3821274;0,653120637;0
2831;10;42,00207203;60,5;9,076195383;3,906862736;1,904496541;2,113763213;0
2832;10;13,53775867;36,5;10,19979169;3,907079697;1,293448183;0,819684386;0
2833;15;20,82203435;33;8,80660387;3,907763243;1,437382649;1,030284286;0
2834;10;7,532053793;14,5;5,972214498;3,908192635;1,271040403;0,319100738;0
2835;15;32,15825588;88,33333333;8,175558628;3,909596682;3,741965918;5,883761168;0
2836;10;9,504288521;13,33333333;8,992715477;3,910144806;1,013971174;0,183964849;0
2837;15;38,61323497;43,66666667;9,49649701;3,910770416;2,323776626;2,483936787;0
2838;10;18,37329103;28,33333333;6,595647466;3,911257744;1,252563327;0,588614225;0
2839;15;37,45904127;83,66666667;8,67490598;3,911757231;1,946142888;2,932346702;0
2840;10;38,45878564;48,33333333;8,346863884;3,913184166;1,909205187;1,691178203;0
2841;10;17,36041272;38,5;7,151619783;3,913800478;1,003866133;0,031376719;0
2842;10;51,02115814;62,66666667;10,28267204;3,914456844;3,203808932;4,169342995;0
2843;10;23,87793203;61,83333333;9,187645772;3,914787769;2,349779405;2,694573283;0
2844;10;27,79973843;29,5;7,751050769;3,914866209;1,271822642;0,704552054;0
2845;10;13,83471828;13,66666667;6,874224701;3,916620016;1,059162166;0,237345934;0
2846;10;13,18375178;13,33333333;9,728091997;3,917077065;1,108493736;0,185631156;0
2847;10;33,18165033;36,33333333;8,430106471;3,917106152;1,457865157;0,779096961;0
2848;10;37,97254667;57,66666667;8,05640583;3,918568373;2,098167261;2,224747539;0
2849;10;27,09538809;39,66666667;9,841794313;3,92007637;1,483254877;1,109780192;0
2850;10;18,09079888;13,33333333;8,71367422;3,921402693;1,147111021;0,368324757;0
2851;15;34,09568395;81;8,921239063;3,923007488;4,173512305;6,24901104;0
2852;10;14,97751034;11;8,841137743;3,923224449;1,205612291;0,28020072;0
2853;15;41,16276851;66,5;8,851024765;3,923804283;3,666153943;5,04935956;0
2854;15;37,18244691;60,16666667;8,854987219;3,924426079;2,430183753;3,253059149;0
2855;10;40,85731944;46,66666667;9,653265847;3,924477339;1,931522203;1,814052224;0
2856;15;52,89136524;65,16666667;10,26107489;3,924692154;3,873236149;5,62113905;0
2857;10;4,076433555;6,166666667;9,225652272;3,924867868;0,939176773;0,004782677;0
2858;10;42,07199867;53,83333333;8,282034405;3,92592907;1,693208506;1,624307036;0
2859;10;30,81074975;48,33333333;9,063240083;3,928571701;1,642579565;1,402883172;0
2860;10;32,52261064;39,66666667;9,512795576;3,928808212;1,51736109;1,157610059;0
2861;10;14,66976792;25;7,559328679;3,929844618;1,130050074;0,449746728;0
2862;10;32,70909666;47;9,689519787;3,930024147;1,876007207;1,667343259;0
2863;15;38,52945923;65;9,808337115;3,930266857;3,136517851;4,388167858;0
2864;15;51,69800763;66,16666667;10,74088645;3,930963039;3,518175839;5,356821775;0
2865;15;25,48163248;40,16666667;7,584833854;3,933049202;1,562068802;0,9999367;0
2866;10;49,1854696;75,33333333;11,0357961;3,933251143;4,334876619;6,87001276;0
2867;10;35,28399225;32,83333333;9,155282243;3,933807611;1,838679821;1,358291984;0
2868;10;13,48478518;23,16666667;6,222801523;3,934099674;1,058649055;0,367084265;0
2869;10;51,11774284;59,33333333;9,835944472;3,934419155;2,778579232;3,642899752;0
2870;15;33,73882384;75,33333333;9,768791015;3,934457541;3,888513247;5,645488024;0
2871;15;47,81623619;34;13,62779553;3,934587479;2,570375714;3,553186774;0
2872;15;45,53877727;76,66666667;8,8681692;3,93460083;3,537537172;5,076851606;0
2873;10;33,02484647;24,83333333;8,635158978;3,937855482;1,276434542;0,829690814;0
2874;15;46,6329443;69,66666667;10,09468969;3,939124346;4,285092071;6,114425182;0
2875;10;15,41384947;9,833333333;9,782171741;3,939319134;1,848827457;0,385110974;0
2876;10;7,014512889;7;8,50686382;3,939762831;1,004849581;0,057415485;0
2877;15;46,15681968;44,33333333;8,276518965;3,940795183;2,378993184;2,549263477;0
2878;10;38,06475088;43,5;8,207115647;3,940895557;1,584825493;1,39228332;0
2879;10;36,3599987;57,66666667;9,142054888;3,941015244;1,74223106;1,829282165;0
2880;15;41,19272527;59,83333333;13,89502288;3,94115448;5,333349838;8,096953869;0
2881;15;47,22932228;68,83333333;9,063695896;3,941812754;3,440705803;4,926129818;0
2882;10;40,02472987;43;8,9624485;3,942795992;2,069010995;1,814639926;0
2883;15;45,56340987;59,33333333;8,157732655;3,943048239;3,030836564;3,804218054;0
2884;15;36,46911096;80,33333333;9,388608749;3,94340682;3,485491006;5,205737591;0
2885;10;25,24160093;33,33333333;9,668574136;3,944565296;1,231596236;0,754251719;0
2886;15;39,4078922;67,83333333;7,71686114;3,946393251;2,933798331;3,82440114;0
2887;15;40,96255538;72,16666667;9,614481327;3,947206259;4,184796148;5,765289426;0
2888;10;29,45078875;42,33333333;8,79527034;3,947335243;1,507743223;1,177580118;0
2889;10;42,90210487;56;8,859320199;3,948217869;1,787153511;1,894982219;0
2890;10;7,701002198;11,5;10,8689871;3,948497534;1,000559292;0,135572672;0
2891;15;30,81916469;75;8,807577111;3,948710203;4,027434917;5,622756004;0
2892;15;34,39952423;91,16666667;8,903719637;3,94913435;5,282838308;8,60506773;0
2893;10;19,48171359;22,66666667;10,72898584;3,950935125;1,278620814;0,519206524;0
2894;15;33,65577593;53,16666667;8,621881395;3,952179432;2,079858203;1,921137333;0
2895;15;45,19190383;58,5;9,191022196;3,956831217;2,824996666;3,67693913;0
2896;10;39,02804842;62;9,244034497;3,957296133;2,339829975;2,514751554;0
2897;10;23,60281969;36;8,755502138;3,958578825;1,420481733;0,897117972;0
2898;10;29,70099526;55,66666667;7,368797467;3,958997488;1,603475372;1,552463889;0
2899;10;7,313041575;9,166666667;9,344204768;3,959757328;1,099765402;0,10179162;0
2900;15;49,5057168;63,83333333;9,113101273;3,962585449;3,61794989;4,976881146;0
2901;10;39,39448229;45,66666667;9,903712863;3,963311911;2,101895033;1,973106742;0
2902;15;30,40998201;68,5;9,228160519;3,963446617;2,912568563;4,038793921;0
2903;10;25,62205199;25,66666667;8,933519036;3,963623524;2,051364833;0,843777895;0
2904;10;20,4475728;43,66666667;9,482054986;3,964436769;0,969079687;0,737508059;0
2905;10;32,83619614;60,5;8,976539816;3,965306759;2,493902171;2,332192421;0
2906;15;22,43956527;26,66666667;9,706090062;3,96623826;2,932899471;1,782416344;0
2907;10;48,36212797;40,16666667;8,788023829;3,966829538;1,963678244;1,831447721;0
2908;15;41,02275556;57,5;8,871055312;3,967074633;2,415660498;2,854467392;0
2909;10;12,00990706;13,83333333;8,007837038;3,967135429;1,152610084;0,258786082;0
2910;10;7,524214121;14,66666667;7,721911322;3,967440844;1,047096774;0,215697646;0
2911;10;30,11568892;51;8,960213234;3,967698097;1,445994561;1,236678481;0
2912;15;51,44844009;88;9,292060566;3,968851089;3,388692516;5,552268744;0
2913;15;38,89828619;54,83333333;8,549353964;3,968997002;2,662701193;2,197232246;0
2914;10;23,2542438;23,16666667;9,953773994;3,969976187;2,575538965;1,278678894;0
2915;10;34,00454005;43,33333333;8,714602517;3,971639633;1,772197959;1,465860128;0
2916;10;5,711519855;7,833333333;11,54416581;3,971850157;0,999872664;0,092947245;0
2917;15;26,47542141;43;6,083250788;3,973024607;1,560878536;1,296308041;0
2918;10;32,4418699;60;9,005563266;3,973078012;2,000608265;2,305516005;0
2919;10;12,59264586;22,16666667;9,913376002;3,973155975;1,064657783;0,365512371;0
2920;15;38,82069358;62,33333333;8,104081126;3,974472284;2,517064362;3,045832276;0
2921;10;4,699134352;5;14,7472934;3,975498676;0,990493904;0,002125025;0
2922;10;24,53231218;70,33333333;6,519812963;3,976722479;1,786235287;2,230851173;0
2923;15;47,37466076;77,66666667;9,259345321;3,977022171;4,300050621;6,419514656;0
2924;10;23,37092191;41,83333333;9,444156993;3,977595806;1,808736324;1,549254656;0
2925;10;16,3411184;52,33333333;8,957227443;3,977745295;2,302879614;2,327045202;0
2926;10;32,90120176;13,33333333;9,748812881;3,979546785;1,092631722;0,604211569;0
2927;10;21,23685524;43,44444444;9,912297891;3,979636192;1,222208497;0,704095483;0
2928;10;26,92221466;42,66666667;8,860662026;3,980657578;1,124687004;0,873453259;0
2929;15;49,10382031;57,83333333;10,72031653;3,980695963;2,506842999;2,55361402;0
2930;10;8,961585387;50,83333333;12,8778988;3,980754375;1,021159782;0,106444716;0
2931;15;4,840620188;7;13,86834921;3,980814457;1,052133984;0,300652623;0
2932;15;48,90619362;74,66666667;8,831220338;3,981914759;3,276138872;4,775229692;0
2933;15;35,71982748;78;10,10912795;3,982027054;4,144007943;6,264333963;0
2934;10;17,50668221;28,33333333;8,62861718;3,982311964;1,135915941;0,452920794;0
2935;10;21,16318803;33,33333333;10,42722335;3,983036518;1,205931168;0,747257113;0
2936;10;12,16637175;15,5;7,07299635;3,984714746;0,926914304;0,304985762;0
2937;10;12,72236198;27,5;8,966822815;3,985650778;1,26461344;0,609251976;0
2938;10;5,300706019;6,333333333;7,631967904;3,987875938;0,604657476;0,020113111;0
2939;15;37,69209166;76,5;9,76837478;3,988916636;3,814775669;5,721993804;0
2940;10;5,344607825;6,166666667;8,8465332;3,989270449;1;0,00066483;0
2941;10;46,58987573;66,5;7,706189951;3,989351988;2,224628884;2,736297846;0
2942;10;24,72425006;46,16666667;9,223307401;3,989785433;1,29159779;1,045001149;0
2943;15;32,28842434;50,83333333;8,691605698;3,989804983;2,320261158;2,396967053;0
2944;10;24,5806424;26,5;8,206826523;3,990106106;1,403013634;0,748439789;0
2945;10;15,43293472;27;8,984092301;3,992160797;1,214606587;0,318598747;0
2946;15;50,62616498;59;9,397348252;3,995413542;3,549934093;4,8153193;0
2947;10;17,54921664;19,66666667;9,546333593;3,99576211;1,150543705;0,416444659;0
2948;10;16,64004242;22,33333333;7,44111156;3,995816231;1,263251063;0,449039936;0
2949;10;28,65186833;32,66666667;8,657272521;3,998299122;1,533818545;1,004368305;0
2950;10;43,53290561;60,33333333;8,880663773;3,999468565;2,561384729;2,933044195;0
2951;10;40,33516379;69;8,567718362;3,999622583;1,750678756;2,144710302;0
2952;15;49,53999748;48,16666667;10,24585498;3,999654293;2,27677833;2,940231323;0
2953;10;30,3726483;57,83333333;9,639088056;4,002238274;2,242508776;2,496417403;0
2954;15;51,96810603;71,5;9,656820343;4,007795334;3,793277899;4,331891775;0
2955;10;22,29647907;31,16666667;9,762635167;4,008040905;1,320855163;0,791417003;0
2956;10;45,91771021;76,16666667;7,894025508;4,008508205;1,906960691;2,687640786;0
2957;10;27,3756621;54,5;8,957658018;4,008860111;1,743011895;1,176641345;0
2958;10;8,148467089;8,166666667;11,42677383;4,008924007;1,042182462;0,099015832;0
2959;10;14,60911742;12,33333333;9,702063292;4,00896883;1,105404862;0,249583244;0
2960;15;52,97969982;79,16666667;10,6903967;4,01026392;5,701809713;9,133520246;1
2961;15;21,02332297;54,5;10,31437925;4,011399269;2,657425481;3,116471529;0
2962;10;44,13571648;78,33333333;8,734707048;4,012637138;2,849125183;4,025952101;0
2963;15;37,77261545;59,5;8,470773776;4,012883663;2,124832557;2,360992551;0
2964;10;37,36453448;37,5;9,856099613;4,013059139;1,710660205;1,465505719;0
2965;10;32,37775941;34,83333333;7,365373867;4,013266563;1,60355776;1,086835623;0
2966;10;36,2724;43,66666667;9,968434402;4,013775826;1,958081184;1,696818352;0
2967;15;42,41005032;79,16666667;9,167332338;4,013783455;2,920037133;4,176520705;0
2968;15;26,97507693;40,5;9,984884675;4,014226437;3,175144462;2,791927934;0
2969;15;3,89277589;5;9,275718117;4,014245033;0,998577525;0,000335932;0
2970;10;46,78342376;64,5;8,46284465;4,014577866;2,124836608;2,683950305;0
2971;10;39,9326693;72,33333333;8,12812972;4,015404701;1,883933874;2,288105369;0
2972;15;44,85127387;28;8,546840859;4,015856743;1,589931116;1,143973827;0
2973;10;25,26884148;39,16666667;6,589312028;4,016083717;1,261831715;0,561782002;0
2974;10;39,4661891;70,83333333;8,100829514;4,016395092;2,096526399;2,614946246;0
2975;15;55,89831033;77,33333333;10,85720113;4,016915321;6,404705614;10,3554281;1
2976;10;36,34819066;55,33333333;8,666125292;4,017920017;1,745135536;1,638251901;0
2977;10;19,9691763;13;11,25683122;4,020980835;1,080367453;0,349343657;0
2978;10;48,11048901;44,83333333;8,994908853;4,021119118;2,233227109;2,366598845;0
2979;10;5,519033293;9,166666667;9,335725768;4,022038937;1,013445322;0,12351954;0
2980;15;5,740571549;13,5;10,06262779;4,022168159;1,000540979;0,001773596;0
2981;10;22,79610417;36,5;8,418233393;4,023224831;1,361175657;0,826556921;0
2982;10;47,24584697;71,83333333;9,192677932;4,023762226;1,963877326;2,609823585;0
2983;15;51,5871896;81,66666667;10,66735096;4,024149418;5,344440043;8,756250262;1
2984;15;35,97019149;86,33333333;9,926622943;4,024492264;5,057114315;8,247896791;0
2985;10;11,26772316;15,5;9,330204723;4,024740219;1,123838209;0,279628158;0
2986;15;41,90028282;77,5;11,54838611;4,024825573;4,581029769;7,103700399;0
2987;10;13,13246303;23,83333333;10,19982454;4,025367737;1,24087347;0,505441666;0
2988;15;52,34399878;69;8,987662607;4,025407791;3,29336972;4,943198442;0
2989;15;41,63581045;55,66666667;9,328618587;4,026387691;2,531852717;3,037397623;0
2990;15;38,05549074;64,66666667;9,899312389;4,027469158;3,465107552;4,770098567;0
2991;10;21,36242888;26,33333333;9,504316633;4,027782917;2,360273217;1,084434152;0
2992;10;28,55767879;44,66666667;8,223754449;4,029184818;2,157830837;1,374230981;0
2993;10;22,24364544;37,83333333;8,139520006;4,029378891;1,121057039;0,834080577;0
2994;15;5,802958128;7,5;9,331128499;4,030121326;1,005724924;0,026287317;0
2995;10;5,148653476;5,166666667;6,683469285;4,030509472;0,941725509;0,005574942;0
2996;15;3,19705544;5;11,86896824;4,030947685;0,99168798;0,000745296;0
2997;10;6,338016667;6,833333333;11,27629189;4,031522274;0,843366344;0,043711066;0
2998;10;16,26261251;27,66666667;10,74537411;4,032082558;0,80327978;0,376855135;0
2999;10;21,37245516;29,83333333;9,617181467;4,032094479;1,314318194;0,695760846;0
3000;10;28,64331517;33,33333333;9,386072513;4,032298088;1,460752092;1,044510603;0
3001;10;36,17372767;43,33333333;8,683497892;4,032596588;2,045408114;1,789435029;0
3002;10;29,1183117;53,5;7,953306021;4,032804489;2,116027871;1,954488635;0
3003;15;40,48340451;49,5;13,18454643;4,033411503;3,2763127;4,621529818;0
3004;10;19,54259942;53;9,715885063;4,03410244;2,363457755;2,686598182;0
3005;10;10,91200551;16,5;10,48590365;4,03430748;0,983787278;0,245192409;0
3006;10;9,44587442;10,16666667;10,07126612;4,03470993;1,011382955;0,130768895;0
3007;10;17,44011085;25;9,852890519;4,035065651;1,362345253;0,513831854;0
3008;10;14,63068677;19,33333333;7,093899878;4,035503387;1,157850626;0,415373206;0
3009;10;12,5561309;7,166666667;10,30935447;4,036486149;1,045512898;0,122848272;0
3010;15;31,56932423;38,5;9,537794104;4,036526203;2,718375139;2,333132148;0
3011;15;34,90247032;53;7,882746985;4,036626816;2,243749541;2,352191091;0
3012;10;22,28756934;36,33333333;7,605525173;4,03731823;1,345170397;0,586880445;0
3013;10;5,24261458;6,166666667;9,147989188;4,038087368;0,997691875;0,0255934;0
3014;10;37,25495132;50;8,141366947;4,040761948;1,808463708;1,699833274;0
3015;15;36,15193743;79,33333333;9,040417483;4,042562008;4,171359984;6,323232174;0
3016;10;19,47793029;65,5;9,386638753;4,042827129;2,32378856;2,919364095;0
3017;15;5,445545545;5,833333333;11,08463084;4,04370594;2,506652788;0,106796622;0
3018;15;36,85027396;55,83333333;7,426008615;4,045144081;2,756422281;3,062434912;0
3019;10;12,77921532;20;12,26271777;4,046716213;0,989749982;0,347697496;0
3020;10;46,14817884;72,33333333;7,46435806;4,047948837;2,545607787;3,405361295;0
3021;15;46,77817639;53,83333333;9,11039307;4,048231602;2,48154648;3,087140322;0
3022;15;40,49491404;80,5;10,23683743;4,049365997;3,716541988;5,962992549;0
3023;10;40,8214963;60,83333333;8,703372538;4,049965858;1,717270325;1,975940704;0
3024;10;18,24280871;17;9,252909899;4,050073624;1,120398129;0,370434165;0
3025;10;48,15984812;62,5;9,076320084;4,051120758;2,800213972;3,58345437;0
3026;10;11,75614862;17;7,905015101;4,052945614;1,044079776;0,285205603;0
3027;10;28,18427939;43,16666667;8,573572594;4,054749966;1,402834512;1,133102059;0
3028;10;13,92333378;22;7,062581824;4,055003643;0,835390043;0,297952056;0
3029;15;33,43675848;84,83333333;10,50404451;4,055602074;5,524624687;8,763967752;0
3030;10;18,54661157;18,16666667;8,872533519;4,058265209;1,30439313;0,492365718;0
3031;15;8,45037912;10,33333333;10,66390453;4,058421612;1,14114085;0,182309747;0
3032;10;45,18396458;72,83333333;9,111184079;4,059919834;1,982672755;2,651238561;0
3033;10;33,9987887;38,66666667;8,740556214;4,061900139;1,449483433;1,003404975;0
3034;10;30,91523261;70,33333333;8,65616828;4,062470913;2,455082501;3,188593626;0
3035;10;20,30478296;32,5;9,24780652;4,062961578;1,160834661;0,684179187;0
3036;10;28,04851322;37,83333333;8,219138843;4,062964916;1,519035914;1,133174062;0
3037;15;42,11302204;68,66666667;9,77661359;4,063643456;3,757677541;5,617797017;0
3038;10;17,08002376;27,16666667;8,113960519;4,064023495;1,188756921;0,579159856;0
3039;10;6,471415111;8;9,700754389;4,064145088;1,001345595;0,07607317;0
3040;10;27,8510697;57,33333333;8,463962253;4,066027164;1,873079681;1,963769555;0
3041;15;55,07664305;65,66666667;9,758633582;4,066370487;3,668906809;5,607738256;0
3042;10;24,11479241;41,5;8,648045192;4,068325996;1,12693974;0,829684377;0
3043;10;44,39866812;70,66666667;8,596375401;4,070314407;1,431388912;1,870094299;0
3044;10;45,92583835;56;10,86743498;4,071108341;2,406190345;2,97235322;0
3045;10;23,18611792;20,66666667;7,76625035;4,071388721;1,305445567;0,54325223;0
3046;10;7,738683815;5,666666667;8,074642988;4,072197914;0,932223306;0,018518925;0
3047;10;21,47047535;60,40983607;7,157167675;4,072386265;1,551127082;1,647938132;0
3048;10;20,05290026;22,83333333;9,853190976;4,072976589;1,254804663;0,523164272;0
3049;10;31,14590978;61,33333333;8,11068904;4,073966026;1,920774625;1,865798473;0
3050;10;28,3197197;33,33333333;8,778626764;4,074079514;1,469271707;0,939918399;0
3051;10;11,33390972;5,166666667;7,840307309;4,077219009;0,774897511;0,009095311;0
3052;15;33,92855774;73,66666667;9,098231583;4,077383995;3,540119274;5,072670221;0
3053;10;36,11720101;35,16666667;9,110618278;4,077904224;1,686147828;1,31081605;0
3054;15;44,08021911;52,33333333;8,136942466;4,078123569;2,230693234;2,611349702;0
3055;15;13,81307389;18,5;9,173651194;4,078673363;1,167916005;0,512636542;0
3056;15;46,7057892;57,83333333;8,95973461;4,078680992;3,623067893;4,612763524;0
3057;10;14,46521292;20,83333333;11,32912243;4,078887463;1,106830879;0,391100407;0
3058;15;32,25836209;80;9,317052152;4,080071449;6,118366725;9,379051447;0
3059;10;22,11697964;19,16666667;10,32707203;4,080168247;1,176145989;0,46330142;0
3060;10;28,88498741;31,16666667;9,639716273;4,080817223;1,635243344;1,075051665;0
3061;15;48,7932221;42,33333333;9,882335618;4,081429958;2,168383168;2,654384971;0
3062;15;48,95106983;73,66666667;9,66499807;4,082220078;4,862934856;7,443032742;0
3063;10;5,794477936;6,333333333;7,223382969;4,083001137;0,92732606;0,030159354;0
3064;10;13,78224444;7,833333333;12,68676503;4,083136082;1,006058367;0,148484349;0
3065;10;6,197154811;6,833333333;9,859588193;4,083961964;1,006359007;0,058401585;0
3066;10;23,05871476;51;6,765765857;4,084084034;1,021676141;0,92015028;0
3067;15;24,15268635;31;7,451739244;4,084741116;2,176119717;1,470571637;0
3068;10;10,7544928;13,66666667;10,09518183;4,084968567;1,054040119;0,213043809;0
3069;15;53,45784011;92,66666667;9,053354469;4,085508823;5,556627611;9,523545504;1
3070;15;32,11383519;76,16666667;8,322411828;4,085915089;3,109495764;4,52398181;0
3071;15;44,44266884;64,33333333;9,562849695;4,086054325;3,272422829;4,533658504;0
3072;10;7,077932919;8,666666667;9,522515359;4,086726665;1,013466995;0,026103854;0
3073;10;38,01382882;42,5;8,487828039;4,088636398;1,607952249;1,217548966;0
3074;10;49,52423871;46,5;9,402476813;4,089482307;1,788181615;1,91057992;0
3075;10;5,145868514;5,166666667;10,93607558;4,092030525;1,000726121;0,007383943;0
3076;10;15,36515691;19,83333333;7,670141475;4,09252882;1,105616184;0,425162315;0
3077;10;6,265323453;9,5;8,570468842;4,092633247;0,999831653;0,127493262;0
3078;15;55,14802592;79,83333333;9,821462041;4,093080521;4,802485921;7,962734818;1
3079;15;42,64445193;71,5;8,584950462;4,094473839;3,277027481;4,620886326;0
3080;10;19,07343903;27,5;8,105281437;4,094492435;1,204263824;0,59791851;0
3081;15;38,21484923;78,66666667;10,08845128;4,095265388;4,532800165;7,070973158;0
3082;10;25,20642144;28,16666667;9,252004571;4,095428944;1,390324405;0,847493649;0
3083;10;23,61608285;19,5;10,32226925;4,09566927;1,191096155;0,519309163;0
3084;10;15,96576305;21,66666667;9,895028094;4,095913887;1,129683149;0,450991154;0
3085;10;38,11386844;45;10,09592442;4,096176147;1,783535452;1,740713954;0
3086;10;30,67567536;39,16666667;8,808266302;4,096522331;1,472462525;1,118469238;0
3087;15;34,35033966;87,16666667;9,517769556;4,097689152;3,751483244;6,085410237;0
3088;15;44,18331325;83;9,670498706;4,098256588;2,420523698;3,88474071;0
3089;10;54,07372383;63,66666667;8,480945388;4,098622799;2,911662146;3,927149177;0
3090;15;47,04281884;41,33333333;9,40924861;4,098977566;2,512652515;3,098937154;0
3091;10;3,950476923;6,333333333;6,865634774;4,099007607;0,969570448;0,013389707;0
3092;15;40,95839842;84,5;10,46108291;4,101171017;5,711113556;9,569212198;0
3093;15;3,189114873;5;12,76802419;4,101237774;0,988593156;0,000488162;0
3094;15;14,5506825;37,5;11,79854109;4,101541042;1,128007626;0,731927276;0
3095;10;20,3496275;13,66666667;11,34735391;4,102725029;1,726250463;0,684288621;0
3096;10;18,03504179;22,33333333;7,977371478;4,103000641;1,020053114;0,438487411;0
3097;10;6,691078369;8,833333333;12,35753316;4,106215477;1,003716433;0,1019274;0
3098;10;11,72204909;6,333333333;7,759209021;4,107056141;1,073713956;0,108455539;0
3099;10;8,859488686;8,166666667;8,681216265;4,107120991;1,165023594;0,136953354;0
3100;15;31,44168649;72,33333333;9,782141039;4,107128143;3,543994638;3,779843688;0
3101;10;8,534567341;10,16666667;9,800151871;4,107812405;1,019573476;0,13786912;0
3102;10;50,24543005;59,66666667;8,640786528;4,108534336;2,077264211;2,607984185;0
3103;10;7,627318956;7,333333333;8,081549499;4,109532356;1,027960645;0,069611549;0
3104;10;21,61719802;40,5;7,897073806;4,109909534;1,19008957;0,351392865;0
3105;10;4,325166571;6,111111111;6,168726461;4,110051155;0,960289273;0,029276848;0
3106;10;37,60555197;64,16666667;10,40506616;4,110065937;3,672698042;4,181689978;0
3107;10;28,72646987;65,5;6,094292161;4,110121727;1,028973514;1,212379456;0
3108;10;31,99399766;52;8,992022179;4,110376358;2,161807725;2,328369141;0
3109;15;38,24594573;75,16666667;10,58207745;4,110638142;4,032673844;6,378105998;0
3110;15;3,895513151;5;12,66531508;4,111111164;1;4,41E-06;0
3111;10;5,7983375;5,5;9,137891378;4,111832142;1,125365408;0,023665547;0
3112;10;41,82324344;22,5;8,477001201;4,111934185;1,316926032;0,870489955;0
3113;15;44,35566883;60,83333333;9,799911999;4,112004757;2,992368254;4,036405683;0
3114;10;23,35979752;51,83333333;9,35039714;4,112528801;1,650909189;1,741722941;0
3115;10;38,10387274;49,33333333;8,086550978;4,113408566;1,73919283;1,713276744;0
3116;15;29,86621549;70,33333333;8,687337034;4,113676548;3,12443003;4,29068172;0
3117;10;50,96187961;71,83333333;9,427417499;4,114212513;3,132879813;4,473514676;0
3118;10;16,12892177;52,16666667;8,31803199;4,114693642;2,288690475;2,32933104;0
3119;15;49,79330296;93,83333333;9,735197356;4,114731789;6,04560613;10,53648698;0
3120;15;33,38301031;51,16666667;7,221772266;4,114741325;1,812846845;1,854245782;0
3121;15;47,85005179;71,83333333;10,10758163;4,115252018;4,813399961;7,325884342;0
3122;15;50,3726366;62,83333333;9,500397765;4,115921497;3,168069139;4,529833555;0
3123;15;10,64011629;10,5;11,53343648;4,115965843;3,284183438;0,797144651;0
3124;15;50,64523873;61,66666667;8,87405824;4,116021156;3,232381233;4,621536613;0
3125;10;11,39774238;16,16666667;8,206028646;4,116125107;1,074506478;0,263554215;0
3126;10;16,03729663;20,33333333;7,718920815;4,116451263;1,052995041;0,387219191;0
3127;10;15,1875391;32,16666667;10,0040543;4,1165452;1,062101064;0,101906061;0
3128;15;52,06414538;80,5;10,25923457;4,116859913;4,895073248;7,979728103;1
3129;15;53,41540115;87,33333333;9,636054482;4,119003296;4,408140367;7,527441859;1
3130;15;39,6346855;82,83333333;8,560899258;4,119272709;4,057119408;6,493398905;0
3131;10;28,31381821;40,5;8,23459402;4,119878769;1,738910215;1,293252468;0
3132;10;12,00079253;17,33333333;9,798266641;4,120150089;1,10269216;0,313512921;0
3133;10;54,6059545;74,33333333;9,347139408;4,122958183;2,326919735;3,533696532;0
3134;15;38,12770771;48,33333333;9,153765983;4,12308836;2,232871657;2,929218411;0
3135;10;55,09534703;67,66666667;10,48874386;4,123355389;2,862261598;4,328205943;0
3136;10;41,6109954;44,66666667;9,405115853;4,123793602;1,885205044;1,945862412;0
3137;15;38,39648521;69;9,302451429;4,124279976;3,749596921;5,164670467;0
3138;10;19,0726741;20,83333333;8,354851036;4,125109673;1,248666017;0,525893688;0
3139;15;35,05469732;67,33333333;9,530079473;4,125272274;3,416059328;4,88435173;0
3140;10;13,4713092;13,33333333;7,091938626;4,127416611;1,137804101;0,252001166;0
3141;15;41,2214048;61,33333333;8,618695271;4,127788544;2,681124767;3,503669024;0
3142;15;47,3326035;82,5;9,193294206;4,128356457;4,118209038;6,637492537;0
3143;10;17,95261017;23,5;7,458114874;4,129961014;1,223578442;0,507350683;0
3144;10;10,21448453;11,66666667;8,2829582;4,131180286;1,365639252;0,250100017;0
3145;15;45,80648109;62,83333333;8,229485588;4,13265276;2,987098261;4,003683925;0
3146;10;37,07158401;49,16666667;9,074408491;4,132916451;1,548280759;1,498563409;0
3147;15;34,03706417;45,5;9,289546425;4,13315773;1,765337393;1,793741465;0
3148;10;39,39958774;43,66666667;9,44054066;4,133653641;2,0366944;1,943412066;0
3149;10;32,96893633;39,33333333;8,659943865;4,134624481;1,433139512;1,151282787;0
3150;10;3,509276914;5;14,8541548;4,135106087;0,883211679;4,01E-05;0
3151;15;50,11032168;66,66666667;9,110688606;4,136135101;3,282421542;4,842525601;0
3152;15;21,69283439;53,33333333;10,64967472;4,136543274;1,495497032;1,530512691;0
3153;15;7,632494005;12,5;9,853640622;4,137953758;1,021403602;0,193710566;0
3154;10;7,434109154;5,384615385;10,09372314;4,138991833;1,051722911;0,02188158;0
3155;10;12,70604675;8;12,07771512;4,14020586;1,364046288;0,20140779;0
3156;10;24,28529861;51,16666667;8,403607133;4,140626431;1,799291502;1,778525829;0
3157;15;40,99100154;77,66666667;10,09331235;4,140851498;4,256213402;6,936220407;0
3158;10;24,41888607;21,33333333;8,554863495;4,141746521;1,284063442;0,545827627;0
3159;10;55,66455696;94,16666667;11,10453941;4,14195013;3,563135754;6,333164334;0
3160;10;38,6173367;58,66666667;8,813257047;4,142594814;1,925732866;2,01834774;0
3161;10;17,27954249;30,5;9,999154254;4,144266129;1,110902014;0,627311349;0
3162;10;17,5948954;24,5;9,059672808;4,144479752;3,033108381;1,265922308;0
3163;10;31,76257182;64,5;9,509268973;4,146359921;2,304272925;2,755638838;0
3164;10;46,9198347;60,83333333;7,857607645;4,147478104;2,35567932;2,903265953;0
3165;15;38,37770642;53,16666667;9,478528736;4,14865303;2,975537511;3,469220996;0
3166;15;50,48240743;65,33333333;9,936417383;4,148695469;3,481542922;5,214622498;0
3167;15;41,38017355;64,83333333;9,118886731;4,149987698;2,745351711;3,742484808;0
3168;10;28,54395572;31,5;8,26253548;4,150605679;1,390519871;0,910404563;0
3169;15;21,6992866;24,66666667;9,212251945;4,150710583;1,717525573;0,938121796;0
3170;10;13,94288793;18,16666667;9,576218438;4,151049614;1,051609714;0,304235339;0
3171;10;34,38569478;43,33333333;8,440561279;4,151978493;1,755045791;1,341661453;0
3172;10;34,58878077;55,33333333;10,23121907;4,152218819;2,603922308;3,215090036;0
3173;10;38,37775714;57,5;8,360761022;4,15350008;1,104266887;1,190568328;0
3174;10;5,360487003;5,833333333;10,21022741;4,153596878;1,000087527;0,005657554;0
3175;15;47,5826747;76,16666667;9,710510904;4,153697491;3,748212544;5,934554696;0
3176;10;8,930671501;8,833333333;9,468831607;4,154047012;1,246797535;0,141944408;0
3177;15;55,17065625;75,66666667;10,36438014;4,154072285;4,736512752;7,874292731;1
3178;10;45,10667115;82,36842105;7,824782145;4,155068398;2,407972475;3,519970536;0
3179;15;37,12545019;76,66666667;8,723084939;4,155860424;2,616065493;3,871699929;0
3180;10;30,47193806;67,66666667;9,504283919;4,156437874;2,672494311;3,490774035;0
3181;15;47,23387171;79,5;9,344029977;4,156674862;3,710664422;6,035254836;0
3182;15;34,30654321;80,24590164;9,443857326;4,157638073;4,311121475;6,739699244;0
3183;15;32,68798895;65,33333333;9,204885795;4,15848732;1,74594077;1,770592451;0
3184;10;26,41782102;40,33333333;10,89808462;4,158616543;2,119835279;1,443385959;0
3185;15;50,31554826;81,33333333;8,62450265;4,158840656;4,766672565;7,732782483;1
3186;10;30,15710279;74,33333333;8,951554577;4,160686493;2,683733873;3,792820573;0
3187;10;14,17967216;24,83333333;7,026739354;4,161568165;1,055432628;0,436823845;0
3188;15;36,58327801;75,66666667;8,80315854;4,162986755;1,755180202;2,617335081;0
3189;15;41,92360697;68,5;8,476069913;4,164203167;3,137823776;4,450376749;0
3190;10;42,82274404;50;8,141096821;4,164873123;1,733927313;1,824337959;0
3191;15;31,14656703;85,5;9,42637934;4,166018009;5,264237654;8,536565423;0
3192;15;42,20880268;65,33333333;9,001027353;4,167122364;3,134244452;4,304143071;0
3193;10;39,41222428;50,33333333;9,62585048;4,167133808;1,697317283;1,799771309;0
3194;10;52,65605412;69;9,597733668;4,167274952;3,533514447;5,189156651;0
3195;10;31,92808387;30,16666667;8,73935495;4,169551373;1,58635388;1,180745959;0
3196;10;5,239972636;5,222222222;10,12303893;4,171813488;0,95388919;0,007386208;0
3197;10;35,81640941;33,83333333;8,74839767;4,174142838;1,442356747;1,041887164;0
3198;10;37,08091059;37;7,464971601;4,174207211;1,583288098;1,271411777;0
3199;15;47,74802453;69;9,202282196;4,174383163;3,613212875;5,418922782;0
3200;10;36,32328986;35,16666667;10,62672619;4,174619198;1,639637006;1,401064515;0
3201;10;10,58411302;30,16666667;9,782654342;4,176043034;1,183907672;0,687526107;0
3202;15;38,80549731;39,33333333;9,410447933;4,176362991;1,839420509;1,825005651;0
3203;10;34,93774061;26,83333333;7,479445694;4,176866531;1,538656745;1,034917474;0
3204;15;47,71735622;59,33333333;9,65300576;4,177977562;2,677291293;2,84400332;0
3205;10;39,52008625;67,66666667;8,167945909;4,178599358;1,475367886;1,889464259;0
3206;10;37,52314952;45,5;8,893822905;4,178984165;1,788298912;1,704002738;0
3207;15;48,04558508;66,5;9,36549976;4,179171085;3,633638366;5,318237424;0
3208;10;23,90075941;29,33333333;8,333016909;4,179466248;1,56825915;0,910045743;0
3209;15;39,72376208;71,66666667;8,600870753;4,179961205;3,125201325;4,444753051;0
3210;10;55,48563826;76,5;9,034174208;4,181938171;2,364901931;3,766170025;0
3211;10;31,31108787;53,16666667;10,47555863;4,18335104;1,345332946;1,635451436;0
3212;10;37,72113613;68,16666667;8,581001338;4,183823109;2,180964644;2,511515498;0
3213;10;29,54828312;40,5;7,257639458;4,18392086;1,531470542;1,179416537;0
3214;10;31,75123067;79;7,959910624;4,184927464;2,342648121;3,40670073;0
3215;10;15,40208876;19;7,872482812;4,184968948;1,140923087;0,400962114;0
3216;15;38,16345525;56,66666667;7,47635305;4,187264919;2,747911486;3,243117929;0
3217;10;11,8396115;17,5;7,87600736;4,187792301;1,049077279;0,141471028;0
3218;10;30,80132539;31,66666667;9,649792048;4,188020229;1,397333821;1,076398015;0
3219;15;48,21244099;40,16666667;11,06189669;4,188600063;2,646243846;3,591081142;0
3220;10;13,25628552;24,33333333;10,04906367;4,188769817;1,123701855;0,214660883;0
3221;10;6,744864948;6,5;9,296819368;4,190857887;1,01654215;0,060641766;0
3222;10;45,31662939;60,16666667;9,986452867;4,193067074;2,419696993;3,033082128;0
3223;15;36,34783202;64;8,446789716;4,193540096;2,506883813;3,256550789;0
3224;15;42,4729558;76,83333333;9,298437786;4,194523811;3,309251612;5,047817945;0
3225;15;48,85267875;84,16666667;8,221592721;4,194701195;3,980648638;6,556092262;0
3226;10;13,61145572;13,5;6,023392987;4,195914745;1,075256882;0,261660457;0
3227;15;48,3332162;66,83333333;8,175697472;4,196029663;2,753894939;3,913156271;0
3228;15;56,90221149;70,5;10,48232196;4,1965065;4,445193607;7,290883541;1
3229;15;39,16157715;61;8,258629443;4,198077679;2,569446666;3,271576405;0
3230;15;43,91306274;67,5;8,941777772;4,198381424;2,292453242;3,287745595;0
3231;10;57,38357813;77,16666667;10,01977498;4,19885397;2,881329619;4,614323497;0
3232;15;40,93117731;64,66666667;8,626575553;4,199235916;2,987979712;4,359212995;0
3233;15;29,4566177;66,33333333;9,771649859;4,199565887;2,828404873;3,904393911;0
3234;10;21,04664871;30,5;7,906179576;4,200253487;1,117446771;0,648270249;0
3235;10;17,31374257;16,83333333;8,51244844;4,20064497;1,169024722;0,392199516;0
3236;15;34,76847175;57,66666667;10,13824688;4,201808453;2,896858869;4,001251459;0
3237;10;20,04804671;28,83333333;8,920417959;4,20280838;1,256844736;0,846696258;0
3238;15;45,67786342;49;9,450486527;4,203313351;2,45342013;3,106889248;0
3239;10;16,84414294;31,83333333;10,95424304;4,20348978;1,052977673;0,663505435;0
3240;10;47,91562636;70,16666667;9,721851883;4,205469608;1,959264052;2,774703026;0
3241;10;36,03316475;60,5;9,355307314;4,205484867;1,558565811;1,814914703;0
3242;10;49,4027135;46,5;11,36412332;4,20674324;2,260490181;2,754601359;0
3243;10;55,61118293;68,66666667;10,1000538;4,207163811;2,330199881;3,384693146;0
3244;10;24,08634066;61,33333333;8,532258308;4,208534718;1,822847861;2,113438845;0
3245;10;26,14407676;42,83333333;10,00423086;4,20895052;1,611562574;1,229658008;0
3246;10;40,16252486;54,66666667;8,364576758;4,210333347;1,780506031;2,028189063;0
3247;10;23,35708909;37,33333333;9,411480608;4,210872173;1,193379067;1,071201324;0
3248;15;30,58105049;53,66666667;8,574190369;4,211675167;2,610108589;3,192600131;0
3249;15;47,85487264;80;9,0976156;4,213177681;3,502448413;5,609790802;0
3250;15;33,89592963;75,66666667;9,030701699;4,214616299;3,660694721;5,601864934;0
3251;15;11,95148407;12;11,25136788;4,215605259;1,173942651;0,897511601;0
3252;10;10,39590113;11,66666667;8,69869121;4,216732502;1,096287981;0,20913136;0
3253;10;31,29863396;51,66666667;8,302517101;4,21708107;1,724762839;1,635153651;0
3254;10;38,95061958;64,5;9,349409738;4,219482899;3,062326873;4,176714659;0
3255;15;31,4438475;71,33333333;10,22219863;4,219517231;4,272414615;6,412333488;0
3256;10;8,587441863;7,833333333;11,74845165;4,219956398;0,95661869;0,094957232;0
3257;10;26,79259275;38,16666667;7,627814497;4,221474171;1,384077672;0,962240696;0
3258;10;56,05583615;87,66666667;9,056893958;4,222335815;3,569024212;6,203659058;0
3259;15;6,080266136;18,83333333;9,091860842;4,222668171;1,040304786;0,416274667;0
3260;10;37,26284401;51,83333333;7,630310252;4,222895622;2,028838888;2,093497753;0
3261;10;24,9767291;53,16666667;8,252188654;4,224797726;1,867547602;1,968030334;0
3262;10;39,48494204;53,5;8,24908637;4,225550175;1,400370703;1,086540461;0
3263;15;32,86757416;70,16666667;8,747387976;4,226026535;3,883597972;5,618342638;0
3264;10;8,754124074;9,666666667;10,16410374;4,226367474;1,019199494;0,133244872;0
3265;10;35,37443481;26,66666667;8,323774659;4,226696968;1,58791813;1,093491435;0
3266;10;5,354751723;5,333333333;7,639016133;4,227376938;0,994653911;0,016032934;0
3267;10;26,35830848;30,33333333;12,55971267;4,22815752;1,520308116;0,970930934;0
3268;10;5,373586559;5,833333333;12,23476485;4,228770256;0,958829534;0,022280216;0
3269;15;38,50568102;76,5;9,292069662;4,229413509;3,414047691;5,131728053;0
3270;10;35,55407394;54,16666667;8,966728829;4,229435444;1,290347529;1,364394188;0
3271;15;42,06516988;87,33333333;8,356815998;4,229891777;3,782227778;6,320912361;0
3272;15;52,19059223;79;9,7497976;4,230630875;4,795712575;8,093098402;1
3273;15;45,51706238;79,66666667;9,17354424;4,232384682;3,305456265;5,361796498;0
3274;15;42,89372275;67,66666667;7,998675314;4,232476234;2,858151811;4,000736237;0
3275;15;43,73873334;89,16666667;9,38506137;4,234765053;3,714755201;5,803218722;0
3276;10;5,276035867;5,166666667;10,05727072;4,23482132;0,902561879;0,02154541;0
3277;10;44,70328764;59,33333333;9,449359868;4,234834194;2,2949313;2,858841658;0
3278;15;37,78499107;48,33333333;8,441465362;4,235450745;2,139108515;1,958534002;0
3279;15;26,91905454;66,5;9,56532167;4,235521317;2,92756491;4,043100119;0
3280;10;17,54794982;28,5;7,648327109;4,236498356;1,292167673;0,633634329;0
3281;15;30,68422168;36,66666667;8,544514238;4,239242077;1,667628042;1,571755409;0
3282;10;41,61160071;45;8,914393464;4,240150452;1,621431791;1,260215998;0
3283;10;20,51368657;25,33333333;8,611683859;4,241549015;1,140929268;0,64395678;0
3284;15;54,61493327;69,33333333;8,932059416;4,242395878;3,872467072;6,118734837;0
3285;10;12,68953394;8,666666667;10,47263922;4,244330883;1,199184645;0,154484868;0
3286;10;16,70551212;33;9,837690899;4,244812965;1,031510141;0,611033678;0
3287;15;44,64839326;72,16666667;9,440405466;4,246468067;3,531837594;5,344815731;0
3288;10;37,28979275;31,33333333;8,24161835;4,246588707;1,631071368;1,212008953;0
3289;10;15,99499083;50;9,288152998;4,24679184;1,029066807;0,952389002;0
3290;10;17,86977231;22,33333333;10,03207894;4,248248577;1,318298919;0,578425407;0
3291;10;21,78662186;41;11,77640199;4,248675823;1,915084774;1,809847355;0
3292;10;7,392096623;6,833333333;8,880065328;4,248876095;1,046774641;0,070742607;0
3293;15;52,90662692;74,66666667;10,74442781;4,251519203;4,69988554;7,995478511;1
3294;10;4,751403377;5,333333333;14,18559523;4,252331257;1;0,022942066;0
3295;15;42,64727705;58,66666667;9,194717066;4,252520084;1,71724858;2,315281749;0
3296;10;15,97434543;23,66666667;9,31783843;4,252755165;1,189664468;0,515722752;0
3297;10;11,24441931;26,5;9,269419068;4,252887249;1,232851675;0,398455858;0
3298;10;23,89598076;40,16666667;8,88940078;4,253212452;1,334954709;1,024296403;0
3299;15;47,93122833;80,33333333;9,274183925;4,25383234;3,473131879;5,676029921;0
3300;15;28,44507811;47,66666667;10,82978746;4,25459528;1,954743851;1,981910586;0
3301;15;50,42186006;72,5;9,222826822;4,256495476;3,221269023;4,945011735;0
3302;10;7,499647213;9,833333333;8,327150472;4,256670952;0,872349666;0,100901365;0
3303;10;17,21258316;17,5;9,727671732;4,257350922;1,226161731;0,421111703;0
3304;15;33,85634478;69,5;7,36791373;4,257434368;2,310790799;3,162298441;0
3305;10;31,56270999;41;7,782364013;4,257834435;1,491371616;1,243417859;0
3306;15;37,11354249;86,5;9,615425175;4,258896828;5,194361609;8,71957469;0
3307;10;16,32409038;24,66666667;8,593224147;4,259354591;1,065946648;0,499180198;0
3308;10;36,43038923;48,5;7,570095859;4,260294914;1,461106316;1,452950835;0
3309;10;40,94742646;89,83333333;6,433469178;4,260704517;1,509854816;2,561290741;0
3310;10;50,40461567;56,66666667;9,733760999;4,260870934;2,173789489;2,762936354;0
3311;15;43,73691202;72,33333333;10,52558628;4,261615753;3,87870154;6,318398714;0
3312;15;49,3191425;52,33333333;9,912698704;4,263004303;2,707746073;3,764201999;0
3313;10;8,957542559;11,66666667;5,418804069;4,263726711;1,027449995;0,170385242;0
3314;10;5,5726811;10,5;7,98600818;4,26437521;0,993983112;0,132603407;0
3315;15;47,11891451;86,5;8,858582987;4,264391899;2,56262523;4,491338015;0
3316;15;37,57358268;94,5;8,55990263;4,265003681;4,547783686;8,292141438;0
3317;10;41,11754274;74,5;6,317629183;4,266582966;1,713824413;2,320441961;0
3318;15;36,64000098;67,33333333;8,523335118;4,266653061;3,236827163;4,952299714;0
3319;10;22,85263159;41,16666667;7,61995516;4,269795895;1,79370016;1,267294288;0
3320;10;35,29935581;48,83333333;7,783091543;4,270791531;1,614875372;1,596717834;0
3321;15;53,47051199;67;8,810650972;4,273130417;3,198581292;5,036740661;0
3322;10;24,52160761;34,16666667;8,187598418;4,273827553;1,302320044;0,67433238;0
3323;10;22,99092744;32,5;9,579787952;4,275156021;1,232459079;0,801574945;0
3324;15;50,16364824;75;9,994410141;4,27594471;4,134924544;6,837453127;1
3325;10;25,81485769;28,66666667;9,417949652;4,278308392;1,579307361;0,967996597;0
3326;10;45,45874559;95;10,17937363;4,278575897;4,580745956;8,397786498;0
3327;10;43,63131742;65;9,880858592;4,279696941;3,118047125;4,176002502;0
3328;15;29,07709901;60,5;8,173327962;4,279790878;1,881762507;2,466192961;0
3329;10;17,4509623;32,5;8,612729353;4,280030727;1,043770832;0,619121194;0
3330;10;16,04894321;34,33333333;2,496011118;4,28041029;0,882689432;0,560295105;0
3331;15;48,21612173;81,5;8,673315561;4,2811656;3,959390908;6,547523022;0
3332;10;23,81324257;35;9,988149696;4,281921864;1,574128284;0,823999882;0
3333;10;45,55307738;72,33333333;10,0196037;4,282967091;2,909619071;4,22493422;0
3334;15;37,92710018;75,33333333;10,02692765;4,283155918;4,005718838;6,459702253;0
3335;15;53,97550141;78,5;8,72963173;4,283225536;3,21611889;5,600324988;0
3336;15;46,56109526;60,83333333;9,00067623;4,28430748;2,48315788;3,575572491;0
3337;15;47,99790228;74,33333333;8,003205007;4,285244942;3,327046107;5,134184122;0
3338;15;39,70493759;55,33333333;8,775736272;4,285543919;2,400700052;2,995846987;0
3339;15;46,25931373;85,33333333;9,303231623;4,286534786;3,140257506;5,43006146;0
3340;10;7,11618272;10,16666667;8,189031604;4,286710262;0,600769424;0,082912803;0
3341;10;36,2349468;44,16666667;6,885023833;4,287087917;1,44159521;1,339134455;0
3342;15;37,95150556;49,66666667;8,389816016;4,288360596;2,308327114;2,627779722;0
3343;10;36,52076014;35;9,114926901;4,28899622;1,79108932;1,50631988;0
3344;15;36,43522519;67,33333333;8,815975188;4,289372444;2,043845399;2,789515495;0
3345;15;39,93797926;56,5;8,261461379;4,289572716;2,594463541;3,218123436;0
3346;10;7,468201965;15,33333333;10,56973024;4,289592266;1,059881619;0,26352489;0
3347;10;38,53257488;60,66666667;7,998867334;4,290973186;1,722684166;2,042064071;0
3348;10;16,46660817;19,16666667;10,18149053;4,292451859;1,178806933;0,299305677;0
3349;10;38,98785804;51,66666667;9,406690844;4,293101311;2,245837175;2,44558394;0
3350;15;52,49045516;73,5;10,32047956;4,293123245;3,550216501;6,159486651;0
3351;15;42,80439678;66,33333333;9,094648694;4,293141842;2,63604447;3,763851523;0
3352;10;21,67917981;27,16666667;8,429946185;4,294337273;1,278635901;0,676380277;0
3353;15;34,67328748;50,33333333;9,647126226;4,295043945;2,644018872;3,349068761;0
3354;10;13,52741806;24,16666667;6,821729149;4,297430992;1,392929395;0,571051717;0
3355;10;10,33124136;12,16666667;11,72256893;4,300286293;1,120895339;0,247623801;0
3356;15;38,74872043;60;8,584560205;4,300938129;2,539790628;3,335005403;0
3357;10;15,27829971;15,5;8,609267531;4,301046371;1,11945136;0,336272597;0
3358;15;39,48348869;77,83333333;8,877564433;4,301261425;3,604364312;5,85865581;0
3359;10;29,52141596;48,33333333;8,64501509;4,301835537;1,263512759;1,154461145;0
3360;15;31,01067148;64;8,926812693;4,304294109;2,582059399;3,591101408;0
3361;10;35,67639745;47;8,405921332;4,304339886;1,429269862;1,164794207;0
3362;15;10,91665537;11,5;10,56383726;4,305046082;1,078143323;0,261388898;0
3363;10;14,11150668;27,66666667;9,115894041;4,305593491;1,000860209;0,583454967;0
3364;10;43,04053697;67,83333333;9,577138714;4,30644989;2,206332033;1,258166671;0
3365;10;24,52392993;31,33333333;9,08489884;4,306662083;1,17094033;0,807181358;0
3366;15;41,63940565;71,66666667;9,710773492;4,307072163;3,368501097;4,993539929;0
3367;15;40,58126007;47,16666667;8,966597629;4,309356213;1,916358309;2,628311396;0
3368;10;36,3366985;50;9,083010065;4,310517788;1,553239294;1,704025984;0
3369;10;7,605573707;9,833333333;7,857974365;4,310955048;0,71139542;0,100070834;0
3370;#N/A;37,67455217;74;9,839559712;4,311521053;4,392903013;7,001878977;0
3371;15;48,39700002;73,5;8,492789491;4,312301636;3,368297466;5,395580053;0
3372;10;29,91883117;44,83333333;8,544004106;4,312889099;1,535957548;1,186507106;0
3373;10;37,03130664;57,33333333;9,566565084;4,312929153;1,711292526;1,464327693;0
3374;15;26,72957283;62,33333333;8,865741219;4,313308239;2,953250474;3,929453254;0
3375;10;13,76884149;11,83333333;8,167909336;4,314293861;1,232221196;0,251069784;0
3376;10;4,828868496;5,5;10,01087997;4,315385818;0,695539007;0,00989306;0
3377;10;43,9545898;56;9,335662354;4,315406322;2,125684503;2,419095635;0
3378;15;42,1689301;68,83333333;11,03711836;4,315430164;3,448380678;5,321382284;0
3379;10;35,7874112;50,16666667;9,943803209;4,317547798;2,117551732;2,219385982;0
3380;15;51,45417696;81,5;9,884041017;4,317623615;4,694021344;8,081452727;1
3381;15;37,41681753;73,33333333;9,193234531;4,317883968;4,084923126;6,420392632;0
3382;15;45,98345661;64,66666667;10,08844991;4,317924023;3,532862486;5,291687846;0
3383;10;43,7058722;50,16666667;10,59702685;4,31798172;2,572998158;3,111854792;0
3384;10;9,834503562;13,5;11,19158917;4,318818092;0,818289659;0,165142655;0
3385;15;50,18385931;71,16666667;8,946098443;4,319375992;3,079062309;3,508569121;0
3386;10;33,61103241;63,33333333;8,912271591;4,320769787;1,105131141;1,348445058;0
3387;15;49,08017432;75,5;9,547601974;4,322460651;3,717431313;6,094012141;0
3388;15;48,52516782;61;9,143170051;4,324553967;2,717204746;3,902679324;0
3389;10;23,51880387;14,16666667;10,07012184;4,325259686;1,147627623;0,397583127;0
3390;10;9,38374168;7,5;9,077906442;4,325404644;1,047488164;0,105524898;0
3391;15;32,14292232;35,16666667;8,737629332;4,325649261;2,692646553;2,413431525;0
3392;10;13,19434872;17,66666667;7,634991853;4,325660706;1,057749226;0,333000183;0
3393;15;39,90568109;87,33333333;8,053458375;4,325980663;2,559620779;4,36393249;0
3394;15;44,34870251;67;8,581933682;4,326245308;2,616678391;3,823325634;0
3395;10;13,61025521;17,16666667;10,5317949;4,326563358;1,134308969;0,463848472;0
3396;10;14,3876134;25,16666667;6,553896688;4,326588154;1,018617874;0,447407365;0
3397;10;33,54187651;47,5;8,103132359;4,32766819;1,779713179;1,696659327;0
3398;10;23,21164306;40;7,617326898;4,330512524;1,505107061;1,160161614;0
3399;15;35,14795052;42,66666667;9,964008195;4,331931591;2,256890336;2,594488025;0
3400;10;5,919503759;7,333333333;10,93329275;4,332112789;0,676123783;0,038792014;0
3401;10;17,78236743;18,5;10,20298431;4,3321805;1,170631501;0,441473126;0
3402;10;11,35454469;17;7,988255618;4,332553387;1,032523683;0,313716531;0
3403;10;24,64829983;16,66666667;7,550149992;4,333352089;1,12080098;0,327561259;0
3404;10;27,85672369;42,5;10,39923535;4,333462715;1,361334424;1,221263885;0
3405;10;9,356107704;25,66666667;8,218810246;4,333936691;1,408142157;0,766667843;0
3406;10;10,5925425;12,16666667;10,21865389;4,334332466;1,06615568;0,179820418;0
3407;10;4,43685474;5,333333333;10,97687024;4,337812901;0,932079544;0,02724278;0
3408;10;19,88047313;25;8,900755632;4,338127136;1,415889549;0,626344919;0
3409;15;52,76682797;83,66666667;10,67687322;4,338496208;6,214406371;11,04893982;1
3410;15;42,23495096;75,5;9,39268253;4,342908382;3,827090151;5,99611187;0
3411;15;37,97996653;70,16666667;8,878073865;4,34314537;3,214453084;4,983174682;0
3412;10;45,77441734;63,66666667;8,781879753;4,343250751;1,800218553;2,403615713;0
3413;15;31,1926395;85,83333333;9,285504826;4,343408108;3,492253421;5,910056949;0
3414;10;42,84285718;52,16666667;9,492765531;4,344628811;1,807069391;2,093643785;0
3415;15;50,60892705;88,66666667;10,53532137;4,344635487;4,400885998;7,974000573;1
3416;10;27,13079057;46,83333333;8,130196707;4,345094204;1,57642074;1,397738934;0
3417;15;44,33256068;40,83333333;13,55295337;4,345874786;2,83595258;4,221384048;0
3418;15;41,93358188;61;9,459131464;4,346599579;2,67640659;3,680584669;0
3419;10;20,75104754;19,5;7,144356272;4,348188877;1,114716467;0,481520772;0
3420;15;38,96124414;52,66666667;8,687895745;4,350656509;2,250097779;2,756961942;0
3421;15;38,51764517;67,83333333;9,866672045;4,350669861;3,799389097;5,991841316;0
3422;15;30,7160196;62,16666667;7,981166124;4,350682259;2,450395158;3,097127795;0
3423;10;44,4385331;49,83333333;7,679756132;4,350697517;1,792554122;1,928147078;0
3424;10;38,94446574;43;8,535810089;4,351485252;1,681621208;1,6631459;0
3425;15;28,66746184;81,5;8,803515177;4,352043152;1,447947818;1,070586205;0
3426;10;10,43527825;8,166666667;6,929273544;4,353013992;1,047922479;0,142090082;0
3427;10;15,7139108;16,83333333;8,577509526;4,355669498;1,133770613;0,371658921;0
3428;10;17,9156907;27,16666667;8,994717668;4,355867386;1,170145288;0,601009011;0
3429;15;43,36454276;51,33333333;8,920689036;4,355911255;1,67245947;1,70132792;0
3430;10;26,66571476;42,66666667;7,413163439;4,356189728;1,559649789;1,276316285;0
3431;10;28,29766107;37,16666667;10,58499714;4,358870029;1,445358646;1,448611736;0
3432;10;39,24928018;59;8,174716602;4,359082699;1,347848611;1,560216665;0
3433;10;18,11730141;21,83333333;7,959953835;4,359429836;1,27703092;0,536710978;0
3434;10;39,11442749;32,83333333;9,207330727;4,359884739;1,15519361;0,654898882;0
3435;10;31,54751137;38,66666667;8,794169199;4,360524178;1,465280568;1,000986934;0
3436;10;23,22316152;28;9,198055744;4,360906601;1,296745971;0,760509729;0
3437;10;23,73130842;52,83333333;7,617706111;4,361731529;1,610618524;1,725240231;0
3438;15;16,60021668;30;6,912465532;4,364300728;1,106728295;0,659487605;0
3439;10;36,1633261;68,33333333;8,975857009;4,36500597;1,177156397;1,566328764;0
3440;10;39,0484864;42,5;9,699057168;4,365271091;1,77679834;1,74119854;0
3441;10;39,00086879;72,33333333;8,658550482;4,365932465;2,245645671;2,797423124;0
3442;10;12,37459892;21,16666667;10,04629518;4,366055012;1,019055567;0,369273424;0
3443;15;34,63413199;47,5;8,313108345;4,36767149;1,834694857;2,015621662;0
3444;15;46,03304087;59,66666667;9,934346041;4,367939472;2,68157409;3,863057613;0
3445;15;47,8049578;67,83333333;9,542086421;4,368365765;3,414803578;5,283297777;0
3446;10;9,099987853;12,16666667;8,673581708;4,370404243;1,007830956;0,048008442;0
3447;15;3,858453374;5;12,67070704;4,373723984;0,998348472;0,000627756;0
3448;10;19,59652562;45,16666667;8,551885876;4,374361992;1,638009977;1,475257754;0
3449;10;47,18328027;81,83333333;8,042823197;4,376166821;1,798199419;2,887534022;0
3450;10;25,3182246;44,5;8,168103322;4,37723732;1,153525771;0,961484313;0
3451;10;21,37903151;44,5;9,695426897;4,377457619;1,612060914;1,433089256;0
3452;15;33,38511928;89;10,51138678;4,377527237;4,578850498;8,169713855;0
3453;15;49,08616172;80,16666667;11,44469841;4,3791399;6,075307771;10,63582873;0
3454;10;13,06305079;23;7,96645356;4,379878998;1,029748032;0,420084953;0
3455;10;8,990786728;14,33333333;9,722023117;4,381103039;1,008012418;0,058674216;0
3456;15;41,17582999;52,16666667;8,638306019;4,381402969;2,328015837;2,938361168;0
3457;10;5,184400238;5,666666667;11,01015956;4,381623268;0,92932377;0,023688197;0
3458;15;24,32746049;73,66666667;9,204330492;4,382277489;2,052222915;3,026465416;0
3459;10;5,550866008;6,166666667;9,731713399;4,382557869;1,175871498;0,03751862;0
3460;10;12,81191726;24,66666667;6,687451;4,383090496;1,172880851;0,606148958;0
3461;15;47,49321931;75,66666667;9,083240943;4,383208275;3,586974201;5,856232882;0
3462;15;47,4540616;44;10,08375015;4,383471012;2,36824325;3,190292954;0
3463;15;43,03324674;47,16666667;11,14497976;4,384311199;3,263673173;4,297033429;0
3464;10;32,07433868;39,83333333;8,675583379;4,384776592;1,1319083;0,982830644;0
3465;10;16,58264637;31,5;10,42793764;4,384998322;1,367219461;0,56269908;0
3466;10;21,6043586;60;11,47017654;4,385028362;1,763268573;2,111145616;0
3467;10;34,84318018;42,83333333;8,830642621;4,386187553;1,91348756;1,709140182;0
3468;10;26,64808648;52,16666667;9,714586494;4,387223244;1,415807483;0,827278376;0
3469;10;33,55168082;37;9,213196177;4,387627125;1,749997222;1,482808948;0
3470;15;3,455751261;16,5;12,19026287;4,388533592;1,060288129;0,535040021;0
3471;10;45,57464885;65,33333333;9,741025751;4,3887043;2,427388877;3,359939456;0
3472;15;44,75297588;72,5;8,666617944;4,391518116;3,26846278;5,011523128;0
3473;10;26,51199346;44,16666667;8,824840443;4,391824245;1,334046426;1,164233923;0
3474;10;35,23497438;30,83333333;9,240469007;4,392696381;1,611364795;1,264678121;0
3475;10;5,429070687;6;8,73361133;4,39283514;1,074112963;0,025713086;0
3476;10;13,01800898;14,16666667;11,09556175;4,393843174;1,153816936;0,332542896;0
3477;10;38,35903792;45,33333333;7,960590938;4,394688129;1,8302238;1,837419629;0
3478;10;10,52789471;8,833333333;11,05944181;4,394779682;1,428552846;0,195622683;0
3479;10;9,12817688;9,833333333;9,969601565;4,395857811;1,069060328;0,066015363;0
3480;15;51,25608104;66,66666667;8,996073333;4,396134853;3,437221795;5,242529869;0
3481;10;26,61056128;26,66666667;8,24209598;4,396394253;1,372256016;0,835070372;0
3482;10;26,59570482;46,16666667;9,483043285;4,397190094;1,431246362;1,323859334;0
3483;10;26,4258519;55,83333333;10,5158047;4,397906303;1,519860678;1,791959763;0
3484;10;5,698404651;6,166666667;8,647641173;4,399392128;1,005857513;0,034852743;0
3485;10;14,49327042;22,33333333;9,581205203;4,401843548;1,120613376;0,471708775;0
3486;15;40,75497252;66;8,793998046;4,402737141;2,781792837;4,403135538;0
3487;15;40,99240526;78,16666667;8,448380691;4,403231621;3,209091109;5,125949502;0
3488;10;5,012510789;5,333333333;10,80464669;4,403987885;0,927112721;0,011559367;0
3489;10;29,95261768;39,33333333;9,688472038;4,404596806;1,508192851;1,120411873;0
3490;10;17,95234085;29,5;9,799896582;4,404614925;1,40006766;0,849659443;0
3491;10;21,5344741;31,16666667;6,333783731;4,404921055;1,324105073;0,784837246;0
3492;15;34,80649228;66,16666667;10,01088407;4,404976368;3,827553278;5,726948857;0
3493;15;32,51407119;66,5;9,620713614;4,405545235;3,004894841;4,607152939;0
3494;10;15,92115234;14,16666667;13,62139922;4,406659603;1,121686391;0,304979205;0
3495;10;47,65840561;62,66666667;8,988488297;4,406681538;2,179860926;2,919573188;0
3496;10;58,22460765;72,83333333;9,86874119;4,407440662;3,228776776;5,390825391;0
3497;10;8,750778855;27,66666667;9,480271424;4,408289909;1,234632778;0,642014503;0
3498;10;22,820764;30;9,23743394;4,408292294;1,332009735;0,803321481;0
3499;10;9,551760806;11,66666667;10,35119317;4,40844059;1,028078803;0,18675971;0
3500;10;38,73424641;29,66666667;10,91074462;4,409519672;2,13484008;1,774407148;0
3501;10;32,75120206;29,66666667;8,745024503;4,409799099;1,601739757;1,177729964;0
3502;10;33,8591603;50,33333333;7,981062346;4,409845829;1,679138462;1,752481222;0
3503;10;21,68186495;24,5;8,656677981;4,409928799;1,378272266;0,689104438;0
3504;10;21,05119756;28,33333333;6,595923699;4,410833359;1,41958563;0,821498632;0
3505;10;20,97396116;23,16666667;9,03025704;4,412148952;1,286779711;0,640417933;0
3506;15;39,46541887;85,5;11,21561936;4,412196159;6,26171054;11,25490284;0
3507;15;32,32960587;80,16666667;8,351171882;4,412508011;4,118113226;6,82338953;0
3508;10;39,93174487;65,16666667;8,319865491;4,412661552;1,540846017;2,065300941;0
3509;10;11,2194077;13,33333333;8,71728055;4,415791988;1,066161808;0,26005435;0
3510;10;36,94226662;55,83333333;8,251090331;4,416741848;1,778140677;1,960102439;0
3511;10;34,46394155;42,16666667;9,299757892;4,41739893;1,913977746;1,851287365;0
3512;10;18,41721379;33;8,858293107;4,417732239;1,249009203;0,727780223;0
3513;10;43,9268408;52,16666667;8,709721651;4,419117928;2,07080804;2,451800108;0
3514;15;4,635774899;6,833333333;12,52910491;4,419446468;1,005432238;0,054313421;0
3515;10;27,90705139;21,16666667;9,579034733;4,419573784;1,382474257;0,736352563;0
3516;10;38,38112498;65,5;8,209063912;4,419765949;2,317592016;3,065595865;0
3517;10;16,27267353;16,66666667;8,435222649;4,421649456;1,105713622;0,381755233;0
3518;15;34,1007389;92,33333333;6,52132774;4,424538136;1,76728925;3,223186374;0
3519;15;42,65864058;60,5;10,04114091;4,425219059;3,222178054;4,511237025;0
3520;15;50,58912544;86,66666667;9,385385774;4,426548481;5,701245069;10,28934574;1
3521;10;33,22545917;46,16666667;7,720926561;4,428557873;1,554483875;1,486172318;0
3522;10;14,01450175;16,16666667;8,214745389;4,428704739;1,497359841;0,442245483;0
3523;10;13,88963683;17,83333333;10,14910727;4,429660797;1,327502401;0,446057439;0
3524;10;19,66556993;15,5;8,685441152;4,430212021;1,176941862;0,398079157;0
3525;10;18,80085372;25;8,337815703;4,430373669;1,230733875;0,602452278;0
3526;10;38,91740612;55;7,303931193;4,430796146;2,027285865;2,254075408;0
3527;10;24,26595436;36,66666667;9,431447176;4,431853771;1,044584968;0,779777527;0
3528;15;47,50784339;60,66666667;10,39010806;4,432901382;2,848244539;4,267972708;0
3529;10;7,002142556;9,666666667;9,332929937;4,434350491;1,004662281;0,107461452;0
3530;10;6,80931603;8,5;10,85945079;4,43500185;1,043664046;0,088066578;0
3531;10;12,01475641;15,33333333;11,52009875;4,435478687;1,04070681;0,247230411;0
3532;10;16,50168282;24,33333333;9,320670226;4,436715603;1,07673633;0,494956255;0
3533;10;27,65467572;24,83333333;9,90846055;4,43688345;1,361845145;0,891670108;0
3534;10;18,26146348;16,33333333;8,507219337;4,437193871;1,116970457;0,401222229;0
3535;15;46,9483524;62,66666667;8,396240848;4,4375453;2,679440688;3,870755196;0
3536;15;32,11844189;71,83333333;8,531389394;4,437817574;3,425593249;5,30773294;0
3537;15;45,08365511;73,33333333;11,05508553;4,437970161;4,692527473;8,409175396;0
3538;15;46,94447392;69;9,913071657;4,438223362;3,94249025;6,28270185;0
3539;15;50,88111604;77,5;10,56210841;4,440643787;4,582491277;7,99668467;1
3540;10;31,95556384;70,66666667;9,279099223;4,443435669;2,685881812;3,948754191;0
3541;10;20,9522878;31,33333333;8,028260975;4,443555355;1,283602872;0,811564922;0
3542;15;40,88375139;73,16666667;8,618298068;4,443563461;2,967683329;4,650789261;0
3543;15;47,23610293;72,08333333;9,004859369;4,443721771;2,426229736;1,479717851;0
3544;10;28,37953458;37,33333333;10,69176864;4,44469738;1,629763385;1,484404445;0
3545;15;41,33561634;71;10,21498671;4,44478178;3,865946854;6,56552422;0
3546;10;45,22399202;61,83333333;10,06852944;4,445122242;2,664056656;3,621502399;0
3547;15;39,50692641;68,66666667;9,785225136;4,445410728;3,244418192;5,262581944;0
3548;15;36,47947913;72;9,461217905;4,445820808;3,161903913;5,056261063;0
3549;10;41,81484295;52,16666667;8,921611321;4,446302414;2,065851806;2,41869545;0
3550;10;16,10817444;14,11111111;10,66834254;4,44678688;1,277907608;0,415387154;0
3551;10;32,63153585;46,66666667;8,293777876;4,447108269;1,756866854;1,683693767;0
3552;10;14,7146667;20;8,21567982;4,448259354;1,069043897;0,39130497;0
3553;10;26,21545029;49;7,646787465;4,448816299;1,342376402;1,089161277;0
3554;15;44,67098786;35;10,00626834;4,449790955;1,98073035;2,422249556;0
3555;15;25,98715157;66,33333333;7,051587694;4,449859142;1,555745215;1,630291462;0
3556;10;22,30285443;43,33333333;11,15567019;4,4498806;1,631768039;1,377398729;0
3557;10;29,92101267;28,83333333;8,796238042;4,450181007;1,517507914;0,969131708;0
3558;10;6,406957002;5,166666667;9,290158053;4,450673103;0,960184923;0,01079905;0
3559;10;10,42572354;12,5;8,08196502;4,45100975;1,188312782;0,243247986;0
3560;10;22,43279417;58,16666667;9,446044646;4,452834606;1,078234901;0,537386537;0
3561;15;33,8368147;66,83333333;9,577066116;4,45331049;1,662966374;1,635331154;0
3562;15;35,13860346;79,33333333;10,81785814;4,453774452;5,180779387;9,000738621;0
3563;10;7,605384478;10;8,421363365;4,454259396;1,000032741;0,129727006;0
3564;15;7,999414421;10,5;8,809389028;4,454418659;1,012246616;0,187763929;0
3565;10;11,62238739;15,83333333;6,941865554;4,454735756;1,06349619;0,299797177;0
3566;15;30,06873978;58,66666667;8,678487897;4,455084801;2,289856665;3,054560304;0
3567;15;15,14095387;28,83333333;9,537605254;4,456085682;1,39787809;0,836170554;0
3568;15;38,86029051;71,33333333;7,479987188;4,45624876;2,401023982;3,534058213;0
3569;10;9,284510719;9;9,550527458;4,456634045;1,109912458;0,152939796;0
3570;10;8,884256099;10,33333333;9,063366122;4,45693779;1,062704008;0,148242474;0
3571;15;26,72751941;58;8,790331571;4,458291054;2,668312529;3,374150276;0
3572;15;3,365955572;5,166666667;6,197822952;4,459096909;0,967299051;0,002059817;0
3573;10;40,36593364;46,16666667;8,245991566;4,459474564;1,866366179;1,983784318;0
3574;15;49,34263101;67,66666667;10,04698764;4,460083961;3,226645725;5,311808586;0
3575;15;47,30760309;60,5;9,871316177;4,460419178;3,073668642;4,643394947;0
3576;10;43,0051574;67,83333333;10,48813985;4,461038113;1,847436586;2,610039711;0
3577;15;15,25071253;21,5;8,333237624;4,462762833;1,108613033;0,501099825;0
3578;15;52,12098113;86,16666667;9,729160039;4,466403961;4,692668252;8,561847329;1
3579;15;25,14304632;69;9,668658291;4,466948986;3,30920342;4,848419547;0
3580;15;53,94182843;69,16666667;9,77814989;4,467060089;3,439748646;5,95875597;0
3581;15;20,90479868;53;7,417385403;4,467969418;1,080403504;1,130062342;0
3582;10;10,27503095;13;8,676745837;4,469212055;0,803437523;0,171591878;0
3583;15;8,533430847;14,33333333;10,53582126;4,469698906;1,036375054;0,28843987;0
3584;15;7,667141919;7,5;10,26658865;4,470300198;2,614663752;0,338406205;0
3585;10;35,40058056;52,5;8,799063628;4,470820904;1,520659625;1,652500868;0
3586;10;23,01296567;37;7,720792987;4,472398281;1,258687579;0,856220961;0
3587;10;5,250197853;5,833333333;8,341008996;4,472741127;1,000252461;0,002112508;0
3588;10;9,323668143;18,33333333;10,88734782;4,473328114;1,088665957;0,114582062;0
3589;15;54,33275434;75,66666667;10,19696151;4,474402428;4,976878157;8,883538604;1
3590;15;45,65075679;56,5;8,827754492;4,474484921;2,745473107;3,837158799;0
3591;10;33,52622057;61,16666667;9,551337365;4,474563599;2,657450349;3,697147965;0
3592;10;53,28061725;89,83333333;10,93227662;4,47709465;2,798900547;5,254017353;0
3593;10;17,06375449;23,83333333;7,384978488;4,477279186;1,298077635;0,561580777;0
3594;15;34,82111234;73,5;8,598046478;4,478765011;2,490749395;3,758951664;0
3595;15;44,77120616;68,66666667;9,872961366;4,478910446;3,207564097;4,957668066;0
3596;10;18,05305408;18,83333333;8,617162984;4,479462147;1,157471375;0,405017495;0
3597;10;33,52457482;47,33333333;7,894770693;4,480210781;1,637870457;1,675575137;0
3598;10;14,57608938;22,16666667;9,623684098;4,480800152;1,070502405;0,430060983;0
3599;10;24,05556287;30,5;6,168919203;4,480906963;1,304003935;0,818568945;0
3600;10;40,99474783;53,66666667;9,713032277;4,481009483;2,182584045;2,584066749;0
3601;10;43,65625445;70,83333333;8,591775999;4,481114388;2,2555975;3,200810909;0
3602;10;11,09495554;10,83333333;8,457132871;4,481389046;1,080355671;0,117931008;0
3603;10;5,553656515;6,833333333;8,971029337;4,481778622;1,025672389;0,0792979;0
3604;10;32,09891837;41,66666667;8,74669531;4,482262135;1,534640997;1,351174831;0
3605;10;32,25884621;32,33333333;8,889030674;4,484181881;1,395447289;0,944278955;0
3606;10;14,39972007;9,166666667;10,70213767;4,48515892;1,093315231;0,257480145;0
3607;15;51,63478791;84,16666667;9,516910077;4,485991955;4,251882718;7,80908668;1
3608;15;41,53207374;65;9,663472423;4,487184525;3,189968818;4,684841752;0
3609;10;6,479852872;8,5;12,98832955;4,48765707;0,793302342;0,071665168;0
3610;#N/A;27,93107356;81,83333333;8,947846975;4,488478661;2,188963617;3,776933193;0
3611;10;15,91332971;17,16666667;7,505898404;4,488868713;1,095134905;0,297474623;0
3612;10;18,87311352;30,33333333;9,768394372;4,490806103;1,271494302;0,938673735;0
3613;10;43,30104625;66,5;10,68524684;4,491289139;3,121134094;4,632446766;0
3614;15;42,76405017;65;7,362381692;4,49134922;2,419353729;3,501944661;0
3615;10;10,4043271;16;8,935700522;4,491360664;1,01489483;0,263944149;0
3616;10;19,55289821;31,66666667;7,550949669;4,491854191;1,295848632;0,815828204;0
3617;10;23,09073298;36,83333333;8,206956363;4,491982937;1,258589801;0,936696887;0
3618;15;50,04292502;82,83333333;10,49882424;4,492364407;3,720905735;6,785101771;0
3619;15;38,54230129;68,83333333;7,926199885;4,494337559;2,728430573;4,012286663;0
3620;15;32,06897047;81,83333333;10,40764385;4,497050285;4,912679603;8,523247123;0
3621;15;32,73606372;51,66666667;8,833896596;4,497292042;2,047895295;2,382550359;0
3622;10;13,73090778;30,66666667;10,2338353;4,498502254;1,345769173;0,817836881;0
3623;15;50,68952404;62;9,038886267;4,499601841;2,922628156;4,533240438;0
3624;15;44,58945049;61,5;9,680379438;4,499696255;2,971266839;4,247883439;0
3625;10;7,633146512;8;8,482763885;4,499783039;1,01700543;0,100058198;0
3626;15;37,47152701;70,83333333;9,757372077;4,500387669;3,063336563;4,937940955;0
3627;15;43,33912267;66,83333333;8,505075349;4,500694275;2,439502733;3,636709809;0
3628;10;34,75522779;62;9,0734688;4,501205444;1,866723745;2,50482142;0
3629;15;54,48630655;60,33333333;11,53094364;4,50398159;4,472699383;7,808986187;0
3630;15;43,36221983;78,83333333;8,988922207;4,505356312;3,549497626;5,880282879;0
3631;10;10,93140229;13,66666667;7,708513997;4,505632877;1,06708774;0,24491775;0
3632;10;36,09673568;51,16666667;8,212131474;4,505815506;1,587709009;1,735395908;0
3633;15;38,46384158;53,16666667;8,817098813;4,505835533;2,099887953;2,61025548;0
3634;15;38,66802959;78,5;10,72803133;4,505968094;4,817472074;8,47791934;0
3635;10;22,35140161;27;8,375668168;4,506211758;1,335241658;0,798082113;0
3636;10;8,903076056;7,5;10,23434857;4,508292198;1,133855176;0,13668859;0
3637;15;48,19713121;60,08196721;9,241596578;4,508871078;3,7554846;5,625174403;0
3638;10;40,18763251;53,83333333;8,997883621;4,509125233;1,379992577;1,085306168;0
3639;10;4,809227711;5,333333333;12,40098528;4,509868622;1;0,000163436;0
3640;10;23,27092005;34,33333333;9,09012379;4,510962486;1,23049478;0,364184737;0
3641;10;22,00686942;26,83333333;8,657323356;4,511272907;1,416982922;0,789730668;0
3642;10;11,93310272;7,5;14,37702002;4,513107777;1,080455544;0,18022716;0
3643;10;21,26975701;54,33333333;7,783782906;4,513585091;1,474595742;1,617577434;0
3644;10;14,11222036;24,33333333;8,978016433;4,513848782;1,187842001;0,561257601;0
3645;10;9,677278602;13;10,65535338;4,513938904;1,071426301;0,235833526;0
3646;15;42,06855799;86,5;8,407409794;4,514649391;3,207564297;5,707203746;0
3647;10;30,5869518;23,5;8,838724328;4,515298843;1,53763672;0,970404506;0
3648;10;12,84897852;14;7,103073429;4,515726089;1,131908425;0,305437565;0
3649;15;23,45112775;85,16666667;9,708163581;4,516448021;1,764373591;3,046097398;0
3650;15;43,98569276;80,5;8,925291286;4,516704082;3,539681019;6,009087443;0
3651;15;30,95934191;47,83333333;9,389164968;4,516810894;2,457377824;2,814670444;0
3652;15;39,95785234;61,33333333;9,467180377;4,517121315;2,560019792;3,62617588;0
3653;15;40,41876997;72,33333333;9,759019408;4,518054962;3,812993572;6,02015698;0
3654;15;46,59549145;79,66666667;9,860103076;4,518359184;3,873453791;6,856160522;0
3655;10;9,9965395;28;9,162821538;4,518648148;1,387939781;0,695646882;0
3656;10;38,18103243;50,16666667;7,622210755;4,518671989;1,854125767;1,990692735;0
3657;15;47,48471871;86,16666667;9,10062812;4,518683434;3,186191166;5,788666368;0
3658;10;30,68302276;42,83333333;9,635775823;4,518990517;1,619884186;1,399222732;0
3659;15;46,85327;55,16666667;10,05221669;4,519519806;2,630440085;3,858289838;0
3660;10;41,12294913;53,66666667;8,302891917;4,520109177;1,632728499;1,879068971;0
3661;15;27,72996873;54,5;8,355067678;4,520559311;1,798356013;1,672041655;0
3662;10;34,59317949;48;9,213442898;4,520777702;2,013748921;2,117463231;0
3663;10;14,78863549;19,66666667;8,341489492;4,520935059;1,236321201;0,431367159;0
3664;15;30,90809353;65,33333333;10,40482715;4,521053791;3,340577504;5,128213167;0
3665;15;47,8125125;71,33333333;8,698708268;4,521341801;3,608987366;5,846813679;0
3666;10;17,700162;27,5;10,28132836;4,522798061;1,274106258;0,726805925;0
3667;10;18,0944109;27,5;10,35717842;4,523893833;1,14604086;0,634659886;0
3668;15;21,30228275;43;8,045726789;4,525124073;1,441535241;1,280197382;0
3669;10;25,3053575;37,33333333;7,331391896;4,525492191;1,174546452;0,819740415;0
3670;15;21,62600396;47,5;9,205939627;4,525742531;1,956649552;2,331963062;0
3671;10;20,73656254;22,16666667;7,60380185;4,527844429;1,298713724;0,629368901;0
3672;15;21,42439091;42,66666667;8,549544581;4,530028343;1,365385045;1,023927689;0
3673;15;47,09004502;75;10,11352096;4,530546665;3,450406189;4,379551888;0
3674;10;7,771117187;16,83333333;8,800823976;4,532588959;1,344282481;0,411144853;0
3675;10;22,76622746;53,16666667;8,259084527;4,53272295;2,121009729;2,330942273;0
3676;15;35,61664875;65,33333333;9,905925145;4,533184528;2,632349587;3,311526895;0
3677;10;25,77030806;43,66666667;6,796036848;4,535690308;1,293172813;1,080151916;0
3678;15;43,09688138;72,33333333;9,557163647;4,53634882;2,899209363;4,741710782;0
3679;15;45,88040671;88,66666667;9,290524551;4,539362907;4,59468607;8,487642765;0
3680;10;14,23547118;57,16666667;9,620222805;4,539823532;2,004366459;2,441529393;0
3681;15;16,39247709;74;10,47304684;4,540653706;4,586894581;7,793662429;0
3682;10;6,276732215;6;11,42175184;4,540719032;1,028106378;0,044174075;0
3683;15;7,034123688;25,33333333;10,89649268;4,54115057;1,068484843;0,544579744;0
3684;15;50,69235864;72,33333333;9,783489864;4,542423725;3,368760014;5,847622156;0
3685;10;38,58598181;49,5;8,229005795;4,544386387;1,855285528;1,996950626;0
3686;15;33,20347968;63,16666667;9,870394629;4,545879841;3,033478863;4,478781104;0
3687;10;50,84176462;42,66666667;10,00773646;4,546284676;2,194574474;2,746619821;0
3688;10;23,515231;38,83333333;7,640072757;4,546708584;1,332767487;1,130238056;0
3689;15;45,01474444;68,5;11,3008702;4,547150135;3,739857083;6,169800997;0
3690;10;27,3970436;33,66666667;8,637004018;4,548940182;1,46629942;0,911810398;0
3691;15;38,36966691;71,66666667;9,851225025;4,549005985;3,282401151;5,596491456;0
3692;10;12,61102102;8,5;10,76950502;4,549109459;1,856446017;0,399308681;0
3693;10;41,95640401;67,33333333;9,366341783;4,549985409;2,448282682;3,437609315;0
3694;15;54,05971983;58,5;9,653791077;4,550177097;3,995662696;6,505563974;0
3695;15;54,97990789;62,5;9,044437736;4,551280022;3,305400264;5,403995514;0
3696;15;49,13861716;78,5;9,789272399;4,552131176;4,163609157;7,309648514;0
3697;10;31,33010592;44;8,904361009;4,55218029;1,459698843;1,356428027;0
3698;10;30,53637477;47;8,039537414;4,55436945;1,545309974;1,351634264;0
3699;10;41,76381934;60,16666667;9,889416474;4,555242062;2,309836136;3,06296587;0
3700;10;27,93307604;47;9,897771257;4,555608749;2,299390617;2,342000842;0
3701;10;35,87469443;45,16666667;8,028937864;4,556806564;1,715823454;1,622677088;0
3702;10;30,14906912;31;7,998318901;4,556923389;1,559010842;1,138308406;0
3703;10;4,695603557;5;10,09964767;4,557142735;0,940860215;0,000190139;0
3704;10;6,715752508;8;9,568984108;4,557470322;0,974216835;0,106459856;0
3705;15;42,39017889;56;9,183493223;4,559677601;2,283936959;3,18462193;0
3706;10;15,18972408;6;11,85731941;4,560773373;1,234068896;0,189667225;0
3707;10;31,15032649;34,16666667;8,843726568;4,561028957;1,473634386;1,171381831;0
3708;10;43,4413955;58,83333333;7,165006912;4,561073303;2,128829967;2,792663336;0
3709;15;43,72055532;68;8,631807528;4,561255455;2,829578872;4,400603414;0
3710;15;35,46691616;48,16666667;9,882950435;4,561274529;2,254070414;3,165946007;0
3711;15;29,14120556;58,66666667;9,488545508;4,56132412;2,441284835;3,024298668;0
3712;10;14,60797728;20,33333333;7,970224352;4,561727524;1,289468367;0,530955195;0
3713;10;14,84708957;25;8,877861867;4,561760426;1,190015893;0,600992322;0
3714;10;34,20783908;36,5;8,083300548;4,562971592;1,435214133;1,222342253;0
3715;10;26,75741383;41,5;6,650747666;4,563340187;1,267537664;1,080769539;0
3716;10;9,644750267;14,16666667;10,85781636;4,565529823;1,188771029;0,272522449;0
3717;10;36,77373764;50,33333333;8,260676002;4,566559315;2,050381698;2,293340921;0
3718;15;37,77337659;41,33333333;10,84598404;4,566661835;3,522801628;4,378223538;0
3719;10;21,62510046;19,83333333;7,611808423;4,566969395;1,194570831;0,685240746;0
3720;10;4,282826632;8,833333333;6,787837882;4,567679882;1;0,002095819;0
3721;10;22,37448369;37,66666667;6,297758877;4,569019318;1,267813168;0,869000077;0
3722;15;42,35347588;70,66666667;9,269976484;4,570650578;3,123676718;4,926553488;0
3723;15;47,79700052;67,83333333;9,801653366;4,571094513;3,444330565;5,53951478;0
3724;10;7,393183038;8,5;10,70506962;4,572268009;1,239561675;0,103335142;0
3725;10;21,36056019;30,83333333;8,852413755;4,572469234;1,146730982;0,72125423;0
3726;15;46,04978472;76,16666667;9,681254631;4,573750019;4,150786392;6,94074595;0
3727;10;48,64865389;62;9,860839243;4,574215412;3,278179749;4,827187538;0
3728;10;13,76414002;9,333333333;9,34070984;4,574227333;1,019303325;0,160871029;0
3729;10;18,3734402;23,5;8,138134002;4,575588226;1,440931499;0,730188131;0
3730;15;26,34191878;61,5;11,0065556;4,575605392;1,609324623;2,194726229;0
3731;10;21,59327166;22,83333333;8,904030543;4,576328278;1,262904167;0,651539087;0
3732;10;5,906984351;7,333333333;9,288685717;4,577602386;1,033874899;0,123378396;0
3733;15;46,66749446;78,33333333;9,950121775;4,577820301;3,609203828;6,368010998;0
3734;15;17,25645204;34;10,22189589;4,578447819;3,449494282;2,790272713;0
3735;10;16,67892387;19,83333333;9,580680267;4,57869482;1,200363308;0,550394773;0
3736;15;36,59705474;62,66666667;9,66312218;4,578712463;2,942796627;3,510436893;0
3737;10;28,85259917;31,83333333;9,96882038;4,579055309;1,53316987;1,057413816;0
3738;15;34,2800833;59,66666667;8,042814176;4,579143524;2,01897979;2,686852455;0
3739;10;28,59619955;26,16666667;8,520725962;4,579471588;1,358985561;0,906850934;0
3740;15;30,1410499;58,16666667;9,850286564;4,579619884;2,22349648;3,049011946;0
3741;10;15,56725619;24,66666667;8,917377524;4,580694199;1,038062673;0,503468513;0
3742;15;25,81844432;60,66666667;9,585929158;4,580815315;1,456775671;1,861954451;0
3743;10;41,70173635;65,5;8,139627303;4,581927776;1,537518751;2,122359276;0
3744;15;49,12445619;57;9,632594006;4,583192825;2,861785177;4,406918168;0
3745;15;39,77911918;56,16666667;9,649809586;4,58357048;2,15390385;3,288905859;0
3746;10;12,6230339;17;11,9325911;4,584067345;1,092418568;0,385915756;0
3747;15;36,72597415;64;8,932724724;4,586229801;2,54743841;3,657529354;0
3748;15;42,49440951;67;10,21370257;4,586370945;3,246628757;5,259229898;0
3749;10;18,66709964;22,16666667;9,579819138;4,588538647;1,204484799;0,556190372;0
3750;10;15,80603216;25;8,05669371;4,588758469;1,057079649;0,469174743;0
3751;10;42,69227666;51;8,925797908;4,588767052;1,950326585;2,341937304;0
3752;15;23,39654324;81,16666667;8,226158026;4,589592457;1,04948968;1,712571979;0
3753;15;49,44552921;78,5;8,994941113;4,589858055;3,820113219;5,044357896;0
3754;10;13,80243932;18,83333333;7,22360486;4,590481758;1,134156711;0,389049053;0
3755;10;22,27677044;38,5;11,45334297;4,591629982;1,219206903;0,957603455;0
3756;10;12,09562346;17,83333333;9,106274828;4,592882156;1,082792492;0,352595329;0
3757;15;41,25157851;68,66666667;11,0370179;4,592891216;4,261861458;7,518302202;0
3758;10;11,87965812;28;10,39504398;4,593479156;1,470384071;0,863437533;0
3759;15;26,54137708;29,66666667;10,92623918;4,593482494;1,972411715;1,838494658;0
3760;10;11,70722388;19,16666667;9,082940443;4,594938755;1,068010878;0,086258411;0
3761;10;29,57470021;61,5;9,459924054;4,596252918;1,672470275;1,683973312;0
3762;15;40,96268347;72,33333333;10,2993998;4,599623203;4,149780033;7,191323876;0
3763;10;23,59292394;38,33333333;7,730066581;4,60003233;1,077344133;0,842285633;0
3764;10;46,3485705;69,16666667;8,104730386;4,600251675;2,416961071;3,654602766;0
3765;10;24,93049635;63,5;9,090052758;4,600809574;1,034309087;0,076140404;0
3766;10;27,574012;38;6,814468402;4,605965614;1,223448149;0,961737514;0
3767;10;26,72259356;32,16666667;8,597121377;4,606143475;1,329360013;0,767791986;0
3768;15;37,78292434;58,16666667;10,91064251;4,60633564;2,770072049;4,608084202;0
3769;15;44,99044198;91,83333333;10,71096218;4,607170582;5,079469898;9,829761863;0
3770;10;33,19255191;34,16666667;9,646590256;4,60735178;1,637169492;1,461432457;0
3771;10;7,707174321;7;9,046502669;4,607624531;1,156307509;0,104228139;0
3772;10;12,87565139;19,83333333;11,38061356;4,607701302;1,127622309;0,427900195;0
3773;10;14,32107698;27,66666667;10,88575976;4,608014107;1,218801349;0,692672014;0
3774;15;43,66060918;37,5;9,556931811;4,609864712;1,875260817;2,339842439;0
3775;15;46,66460714;72,5;8,483940682;4,610464573;2,910127206;4,775182009;0
3776;15;27,83876765;84,16666667;8,353001155;4,610768318;2,734332059;4,862720132;0
3777;10;39,18497819;45,5;8,864421061;4,612213612;1,575325916;1,778645873;0
3778;10;20,01066015;38,5;7,339729984;4,614008427;1,216773533;0,912985444;0
3779;10;11,6718359;14,83333333;7,715774366;4,614766598;1,007596632;0,268153071;0
3780;10;12,67646492;14,5;8,960346542;4,614817142;1,108664615;0,296471715;0
3781;10;21,16789235;22,5;9,368457214;4,615530014;1,296237656;0,683798313;0
3782;10;24,28690589;29,66666667;8,489201759;4,616212368;1,214629851;0,68700695;0
3783;10;42,03892384;40,83333333;10,82456622;4,616659164;1,914438611;2,087973237;0
3784;15;37,25079031;79;10,20370463;4,616796494;3,970201653;7,062828779;0
3785;15;3,615723933;7;8,036708396;4,619476318;0,965753425;0,006056428;0
3786;10;9,390292413;9,333333333;9,693637607;4,620137215;1,126564788;0,180962086;0
3787;10;45,81397689;62,5;10,34260991;4,620232105;2,243195373;3,314730644;0
3788;15;19,15899424;56,66666667;8,044364729;4,622231483;1,053394707;1,189507961;0
3789;10;9,459113988;12;5,049870053;4,623001575;1,005468001;0,195279002;0
3790;15;43,29339014;54,66666667;9,789359657;4,625179768;2,621115156;3,711375475;0
3791;10;27,90219968;27,5;8,650036007;4,626939774;1,308853026;0,830709934;0
3792;10;27,8101975;38,33333333;10,53373045;4,627572536;1,479899324;1,230629921;0
3793;15;47,54966992;69,5;9,792536624;4,628396034;3,655133234;5,995818973;0
3794;10;12,46751585;12,66666667;9,651209663;4,629063606;1,323321597;0,339506269;0
3795;10;27,09615854;38,5;9,379737332;4,629662991;1,337994282;1,078807712;0
3796;10;24,80100681;25,5;9,363249479;4,629682541;1,3715935;0,80517745;0
3797;10;29,34015535;27,66666667;8,680233771;4,629724979;1,62436205;1,084697723;0
3798;10;10,47526504;7,833333333;7,907044263;4,632782459;1,068905065;0,1616292;0
3799;10;10,10082814;9,833333333;8,88502876;4,633255959;1,174466447;0,215681553;0
3800;10;27,02747125;48,16666667;7,608572305;4,634105206;1,446458569;1,30713892;0
3801;15;21,06791081;18,5;10,94088718;4,634148121;2,474224312;1,555191398;0
3802;10;29,08690867;35,16666667;7,842520482;4,634293079;1,53693757;1,219435096;0
3803;10;33,70557378;44,66666667;9,214166641;4,634719372;1,862100529;1,861271858;0
3804;10;15,81267164;26,16666667;9,774779978;4,63547945;1,137291708;0,604647517;0
3805;15;50,17267316;53;9,91760422;4,635529995;2,840724167;4,319449902;0
3806;15;24,43634402;57,33333333;7,787140563;4,636046886;2,124642866;2,712893367;0
3807;10;19,92804546;22;9,009511576;4,636304379;1,234724265;0,436538219;0
3808;15;26,19502594;52,66666667;8,495470455;4,640797138;2,225383413;2,553869963;0
3809;10;13,51661943;24,16666667;8,083356632;4,640984535;1,015633417;0,502757907;0
3810;10;21,48196931;31;10,36071993;4,644221783;1,326098435;0,834240079;0
3811;10;10,17922804;27,83333333;10,36009111;4,644635677;1,196180389;0,544637084;0
3812;15;47,47295225;48,66666667;8,954736727;4,645537853;2,206809158;3,064918041;0
3813;15;54,39775072;80,33333333;9,656044964;4,647411346;3,16633921;5,480245113;0
3814;15;45,7800226;59,5;8,579971362;4,647438526;2,803344012;4,230517983;0
3815;10;35,78825936;45,66666667;9,464954641;4,648655891;1,896405722;2,112725258;0
3816;10;21,66287022;15,66666667;8,752948744;4,648663044;1,204478886;0,617770791;0
3817;10;28,48346254;33,66666667;9,177598482;4,648750782;1,372379381;0,927157402;0
3818;15;44,74299185;70,5;9,431892908;4,650456905;3,296427327;5,412412643;0
3819;15;42,70992574;69,66666667;9,258952288;4,651073933;3,161198787;5,099581957;0
3820;10;30,0446629;52,66666667;7,581572668;4,652042389;1,34248364;1,444844723;0
3821;10;16,87987252;39,66666667;10,82497115;4,65215826;1,074990098;0,177602172;0
3822;10;23,94350075;40,33333333;8,929708622;4,65237236;1,804769557;1,574700594;0
3823;15;46,51873529;64,83333333;8,571057764;4,65280056;2,811140356;4,467872977;0
3824;15;44,72828963;46,66666667;9,651085507;4,652923584;2,461767358;3,35305202;0
3825;15;45,99489902;75;9,240414514;4,654401302;3,420129393;5,900054455;0
3826;10;5,552567264;6,333333333;7,838368933;4,655817986;1,000382764;0,047869086;0
3827;10;21,39847566;36,16666667;7,763875431;4,657124519;1,294477208;0,945390463;0
3828;15;42,4676921;85;10,59914545;4,657371998;5,190451881;9,997384667;0
3829;10;15,55002289;21,16666667;7,423188505;4,657893181;1,245396558;0,517128587;0
3830;15;30,77571791;72,16666667;9,707870189;4,658441067;3,543679449;5,765939593;0
3831;10;18,93011157;32,83333333;6,297055932;4,658634186;1,078338219;0,680438399;0
3832;15;53,24733147;70,83333333;10,54236873;4,659989834;3,994042532;7,302630544;0
3833;15;6,052633443;6;10,03144821;4,660732269;1,034211575;0,064882159;0
3834;10;45,77083316;62,83333333;9,372005115;4,661260605;2,35908055;3,351021767;0
3835;10;47,63086837;62,66666667;9,225396538;4,66194582;3,207720055;4,739913225;0
3836;15;39,40135593;76,5;9,502496154;4,662018776;3,328827479;5,611402988;0
3837;15;44,93982533;72,16666667;9,297106921;4,662531853;3,827474899;6,455430984;0
3838;10;38,00664303;44,16666667;8,886377487;4,662916183;1,622930974;1,675989032;0
3839;10;20,05586177;26,16666667;6,885734712;4,66298151;1,259381246;0,687162399;0
3840;15;35,71814151;58,16666667;9,281950502;4,663496494;2,760834006;4,092056155;0
3841;10;9,110545018;12,66666667;9,022736732;4,663684845;1,014299016;0,21074903;0
3842;15;12,13243015;61,83333333;9,159144447;4,66499424;3,280168338;4,87280488;0
3843;15;49,93721954;68,5;8,657395484;4,665353775;2,736009518;4,587069631;0
3844;10;41,48154146;57,83333333;10,04673387;4,665358543;1,99841907;2,603291154;0
3845;10;42,94397298;60,33333333;10,65648922;4,665582657;2,166961961;3,230451107;0
3846;10;29,24514685;7,833333333;13,50038042;4,666161537;1,288106224;0,456088662;0
3847;15;38,77793437;58,16666667;11,01742995;4,667402744;3,085986339;5,228006721;0
3848;10;11,16462022;14,33333333;9,868984866;4,667534828;1,02355867;0,286710978;0
3849;10;16,23301575;21,5;10,07479586;4,667922974;1,083931501;0,496026039;0
3850;15;54,078325;71;9,992624904;4,668497086;4,066412192;7,147680879;1
3851;10;28,4466778;56,5;10,54317602;4,668588161;1,514994439;1,794474602;0
3852;10;17,3532498;25;8,919411112;4,669001579;1,212266571;0,607517838;0
3853;10;40,36803647;27,33333333;10,1846581;4,669208527;1,737710028;1,610574841;0
3854;10;27,32088451;39,66666667;7,648917462;4,669474602;1,424204913;1,194418788;0
3855;15;44,88081104;41,66666667;9,133881402;4,670765877;2,298224162;3,069417834;0
3856;10;51,08563369;81,5;9,322240518;4,671355724;3,234998811;5,686941624;0
3857;10;26,28364722;39,5;7,395435281;4,671646595;1,441085292;1,19291997;0
3858;10;35,64479322;65,66666667;8,871036067;4,672068596;2,301100997;3,257689595;0
3859;10;21,26240435;31,5;8,886281572;4,672523022;1,283839342;0,777844071;0
3860;10;23,95642364;37,33333333;8,695826145;4,673335552;1,331766528;0,923389316;0
3861;15;48,60177613;52,16666667;9,978287488;4,673377991;2,988657019;4,556292534;0
3862;10;27,78687339;30,33333333;8,007998676;4,673437595;1,484295569;1,04513514;0
3863;15;37,6830436;67,33333333;8,828915828;4,673967838;2,42309794;3,651692867;0
3864;10;24,19603798;30;9,54551651;4,674025536;1,659358848;1,110494256;0
3865;15;55,29939421;86,5;10,65384147;4,674602509;4,968404652;9,874753833;1
3866;15;46,59652191;73;10,13169209;4,676040649;4,31341362;7,384187579;0
3867;15;24,4927133;51;10,01065081;4,676193714;2,720315639;3,364170432;0
3868;15;54,36098083;77,66666667;9,807125372;4,67640686;3,343612889;6,302345037;0
3869;10;18,55795353;19;9,354904416;4,677402496;1,15186595;0,491507053;0
3870;15;36,78309691;55,83333333;8,915223366;4,67838192;2,232854357;3,008836031;0
3871;10;24,32304212;32,5;7,900671342;4,681052685;1,478560808;1,023780465;0
3872;10;24,96147707;44,16666667;9,647258627;4,681754589;1,577402592;1,159678817;0
3873;10;17,9162236;11,33333333;10,20378146;4,682151794;1,26250168;0,477126241;0
3874;15;36,21000521;58,66666667;8,199753568;4,682313919;2,071293208;2,841727495;0
3875;10;10,77809185;15;7,243300063;4,682781696;1,274818596;0,235476375;0
3876;15;47,78247494;62,16666667;8,378174217;4,684648991;2,563732037;4,00510931;0
3877;10;28,84200039;45,66666667;10,88195012;4,685714722;1,670580892;1,747715831;0
3878;10;36,39064096;63,5;9,678824905;4,687289238;2,781176126;3,887784243;0
3879;10;17,84284876;32,5;6,523870712;4,688538551;1,216987633;0,765000224;0
3880;15;27,08158165;39;8,588952549;4,690689564;1,924912498;1,818707108;0
3881;15;48,25999399;72,33333333;9,853934059;4,69160223;3,335478496;4,474024415;0
3882;10;25,10129861;34,83333333;9,036409268;4,692227364;1,175010185;0,874388695;0
3883;15;37,96274482;73;10,08745883;4,693265915;3,736470396;6,4714185;0
3884;15;24,88885381;51;7,864693258;4,69410181;1,433862878;1,596658945;0
3885;10;31,06088644;39;8,58778164;4,695151806;1,454230541;1,271413445;0
3886;15;50,14746317;70,5;10,46465144;4,695314407;4,107651752;7,381184459;1
3887;10;28,76026109;34,55555556;9,074438739;4,696377277;1,408427024;1,099289179;0
3888;10;19,40236551;32,16666667;6,364168581;4,697587013;1,204686891;0,72207737;0
3889;10;21,7623176;33,33333333;7,675085688;4,698299408;1,29098399;0,912720203;0
3890;10;8,098528167;9;9,04585859;4,698740959;1,035059975;0,078068018;0
3891;15;31,85042927;65;9,140745667;4,699973583;2,240642703;3,467100501;0
3892;15;4,171959841;5,166666667;8,055398439;4,701869488;1,001177856;0,00090909;0
3893;15;43,44863546;84,33333333;10,92528717;4,702532291;5,255351943;9,822553515;0
3894;10;9,284408695;14;8,127668914;4,703271389;1,134212152;0,255241632;0
3895;15;29,95913113;38,38709677;8,457681847;4,703344822;2,010869833;1,970854044;0
3896;15;41,34061314;82,66666667;10,67839931;4,703567982;5,179475208;9,815698743;0
3897;10;18,75524539;17,66666667;9,657337087;4,703888416;1,280108148;0,474703908;0
3898;10;33,25234808;37,16666667;9,272868803;4,705670834;1,71990431;1,630139351;0
3899;15;45,58471748;89,66666667;11,271151;4,706017017;6,029717193;11,9723022;0
3900;10;40,46514017;40,5;9,601226652;4,707368374;1,977728368;2,234688163;0
3901;10;11,45140904;16,5;11,66847748;4,709585667;1,116810781;0,362707257;0
3902;10;6,882880405;5,833333333;7,871164878;4,709663391;1,011927253;0,049919486;0
3903;10;24,71704593;22,5;8,775659389;4,710057735;1,333789604;0,672406316;0
3904;10;11,58105239;11,33333333;6,520242336;4,711705208;1,111835298;0,258318424;0
3905;10;55,14117502;54,5;9,165253376;4,712104321;2,341491215;3,369501352;0
3906;10;31,38450059;39,5;8,057463482;4,713129997;1,688510698;1,521427751;0
3907;15;49,47651895;71,5;9,436006033;4,715114117;3,976860158;6,820136547;0
3908;15;8,346476674;17,66666667;9,030973703;4,716814995;1,032236353;0,336314678;0
3909;10;25,31324144;32,16666667;8,123667641;4,717143059;1,261460577;0,986437917;0
3910;10;24,35481371;22,83333333;9,289867201;4,718067169;1,304027119;0,801817536;0
3911;10;6,217709574;7;4,710165565;4,718446732;1;0,000173807;0
3912;10;26,66936006;41;8,693985309;4,719747543;1,363865847;1,027782202;0
3913;10;22,30663762;44,66666667;11,32445096;4,720045567;1,389048831;1,322650194;0
3914;15;33,14593588;54,77777778;9,362123257;4,720187187;3,496350665;3,395865798;0
3915;10;5,40351762;24,16666667;8,550256829;4,72074461;1,251234071;0,567302585;0
3916;10;38,86110261;60,5;8,904391059;4,722762108;1,606935974;2,176662803;0
3917;10;8,22683827;10,16666667;10,19451246;4,723475933;1,019657212;0,1762712;0
3918;10;21,65903556;34,66666667;7,363784915;4,723653793;1,311786803;0,940109611;0
3919;10;31,76799145;66,5;9,060545042;4,725031853;2,138555933;3,305832267;0
3920;10;13,08166244;18;8,148348163;4,726895809;1,26040306;0,444749594;0
3921;10;7,20676859;8,5;12,01174909;4,727698803;1,027001118;0,123772979;0
3922;10;16,93725366;27,83333333;7,48216056;4,728580475;1,169617558;0,658246994;0
3923;10;12,16969101;13,33333333;9,539006786;4,729764938;1,115421344;0,298339248;0
3924;10;7,481110471;37,16666667;7,965025203;4,73155117;1,603438469;1,340387106;0
3925;10;31,65478002;44,33333333;8,788170846;4,732659817;1,340734227;1,315997005;0
3926;15;52,24804562;70,83333333;9,646548307;4,733812332;3,942011151;6,966968298;0
3927;10;13,36268809;14,83333333;8,990059485;4,734852314;1,196433261;0,295705318;0
3928;10;8,094370638;16;11,72712204;4,734887123;1,160846564;0,401049972;0
3929;15;31,6242888;66;6,772676833;4,735529423;2,429232165;3,778569698;0
3930;10;10,81122116;17;7,242082775;4,736293316;1,023081931;0,323858142;0
3931;10;34,95285548;73,83333333;9,275154344;4,737197876;2,121053177;1,561082721;0
3932;10;6,460112892;15,83333333;9,739394732;4,738772392;0,697736198;0,198818564;0
3933;15;38,94088398;72,5;8,655461104;4,740497112;3,188995048;5,16689086;0
3934;15;27,95286168;55,83333333;9,278788245;4,740737915;1,379183235;1,708695769;0
3935;15;41,63612434;33,83333333;11,73351871;4,741560936;2,100781175;3,06096673;0
3936;10;41,24465466;71,16666667;9,40990507;4,742519379;1,265820659;1,917194724;0
3937;10;32,41077721;26;9,930975376;4,744331837;1,568691481;1,149773479;0
3938;10;16,47633794;25,33333333;6,897552898;4,744410515;1,225358748;0,495752692;0
3939;10;10,92884374;21,33333333;8,633893791;4,74696207;1,179720217;0,570222855;0
3940;15;44,39183172;69,16666667;10,27682762;4,747943878;3,297292973;5,354410291;0
3941;15;54,82332051;82,33333333;10,13931128;4,74814415;5,072014922;9,982959151;1
3942;10;24,08213036;29,5;7,569555135;4,749639511;1,315344071;0,84440124;0
3943;10;37,40230107;60;9,16693067;4,749653816;1,697499545;2,294950485;0
3944;10;7,237589131;5,166666667;11,06891212;4,749901772;1,006632709;0,041850805;0
3945;10;6,017939545;5,666666667;8,809554639;4,750630379;0,970309886;0,022006035;0
3946;10;10,50367625;11,16666667;9,935946331;4,750766277;1,627841359;0,320524931;0
3947;15;6,969839834;12,83333333;6,924984669;4,751060486;1,00875477;0,20093298;0
3948;10;19,97027222;20,5;8,85352972;4,752426624;1,24893089;0,575620055;0
3949;10;31,91203318;36;9,440843099;4,754353046;1,705309146;1,501456738;0
3950;15;26,39231927;32,66666667;9,548661848;4,75461483;2,739916852;2,374238253;0
3951;10;16,35925962;35,33333333;9,405415033;4,755340099;0,958109905;0,694935083;0
3952;10;21,2490729;14;9,444004766;4,755402565;1,188642814;0,467975259;0
3953;10;7,863715962;8,333333333;9,182844176;4,755424976;1,009564166;0,114532351;0
3954;10;6,472004129;7,666666667;9,253272964;4,755950451;0,973022251;0,077152729;0
3955;10;9,201840124;16,83333333;6,595846603;4,757347107;1,000310259;0,263297915;0
3956;10;25,4554645;37,5;7,895676556;4,759026527;1,156257625;0,930224657;0
3957;10;39,88886806;53,83333333;7,725051642;4,759078026;1,746147738;2,124694347;0
3958;10;44,77064172;65,33333333;10,51347871;4,759358406;2,780986924;4,220603943;0
3959;15;47,63744156;58,16666667;9,554297554;4,75941658;2,713304042;4,326833129;0
3960;10;29,72885906;29,16666667;8,04081437;4,760091305;1,436923921;1,02854836;0
3961;10;9,756278815;12;8,790383687;4,760817051;1,268355385;0,248083711;0
3962;10;36,65416046;43,5;9,903135287;4,761377811;2,035618898;2,229195833;0
3963;15;35,32247811;65,16666667;10,33842094;4,761460781;3,557727156;5,954243541;0
3964;15;47,85633503;47;10,29105067;4,761719227;2,178001351;3,410191178;0
3965;15;49,04821057;80,33333333;10,43313643;4,762496948;5,126450771;9,737586737;0
3966;15;43,74048033;71,83333333;9,799854162;4,764060974;3,390230693;5,794605136;0
3967;10;33,97626166;59,16666667;9,254625252;4,764168262;1,890836759;2,448586226;0
3968;10;41,36876264;62,66666667;8,555160561;4,767395496;1,523815826;2,113555312;0
3969;10;32,52095872;40,5;8,802009051;4,767499924;1,564775504;1,298079491;0
3970;10;15,83910248;14,16666667;9,192071249;4,767994404;1,145588439;0,408855438;0
3971;15;32,86599214;53,16666667;10,02370103;4,768747807;1,827095224;2,602917075;0
3972;10;45,5184416;84,83333333;10,8353813;4,771981716;1,538384601;2,873387218;0
3973;10;35,41197936;49,5;8,548724349;4,773222923;1,842708922;2,073916316;0
3974;15;41,02260994;77,83333333;9,934810197;4,773459435;3,770168159;6,581873178;0
3975;10;21,54822588;25;8,248832447;4,773710251;1,19665206;0,591616631;0
3976;10;30,81719865;44,66666667;10,84466754;4,774830341;2,379242101;2,809046745;0
3977;10;21,48754499;38,5;7,981193564;4,776430607;1,544118588;1,236537814;0
3978;15;41,17232619;58,33333333;8,058328103;4,777924538;2,499233966;3,661714554;0
3979;10;44,69674591;51,66666667;8,808070835;4,778474808;1,423613083;1,879113555;0
3980;15;42,99604556;77,5;8,30546571;4,778682232;2,878598575;5,063050389;0
3981;15;40,16733567;77,66666667;9,764717583;4,778850079;2,653831479;4,639943004;0
3982;10;29,62402106;32;8,974693155;4,77947855;1,548215307;1,24477756;0
3983;15;42,70064824;82,66666667;9,601724985;4,779544353;4,13165673;7,645096183;0
3984;10;25,27890375;31,33333333;11,02465253;4,780836582;1,492885955;1,191973686;0
3985;10;16,65287372;16,33333333;9,799159586;4,781988621;1,149194806;0,550238848;0
3986;15;38,25831035;35,83333333;9,952796995;4,782953262;2,283757691;2,582183361;0
3987;10;19,08858741;20;9,678237708;4,783157825;1,179323244;0,469771743;0
3988;15;5,885143307;19,33333333;10,09484215;4,783648014;1,057230114;0,422855139;0
3989;15;51,50886935;89,66666667;9,280027189;4,783860683;3,037269577;3,104080677;0
3990;10;23,17607664;24,55555556;8,071055391;4,784386158;1,244631131;0,504790664;0
3991;15;47,23494257;65,83333333;10,40340189;4,784677505;3,811521726;6,539085865;0
3992;10;45,42520565;46,33333333;9,381339728;4,78469038;1,888271317;2,214268684;0
3993;10;38,91544126;52,16666667;8,98717295;4,784958839;1,904424898;2,283700824;0
3994;10;13,33182958;14,5;9,582943475;4,785506248;1,119070849;0,399140358;0
3995;15;45,59370711;75;10,25435975;4,78597641;3,535370955;6,356885552;0
3996;10;28,2219843;37,33333333;9,746251665;4,787010193;1,794373846;1,565325022;0
3997;10;18,32316599;21,83333333;7,367829743;4,787080765;1,231107148;0,60660553;0
3998;10;32,22709444;56,5;9,525094441;4,787471771;1,578906735;1,68656826;0
3999;10;15,63115892;14,83333333;7,907580256;4,787846565;1,382394732;0,453123569;0
4000;10;6,560763919;14,5;10,26308966;4,788553715;1,076299749;0,172264695;0
4001;15;9,538104524;9,666666667;10,70694361;4,789198875;1,103723793;0,366882682;0
4002;15;35,31452591;62;8,139057408;4,790826797;2,0917177;2,983586907;0
4003;10;28,84159376;41,66666667;10,41303306;4,791239738;1,669017829;1,595577359;0
4004;10;29,24248719;35,5;9,215858757;4,792139053;1,465419843;1,188195825;0
4005;15;24,58363485;72,66666667;10,2867228;4,79283905;1,23507121;1,904819489;0
4006;15;40,04041423;71,66666667;9,03944634;4,794023991;2,940105105;4,68882215;0
4007;15;31,85154462;75,5;10,00408645;4,794916153;3,72722581;6,514182448;0
4008;10;5,38669671;6,333333333;11,38176727;4,796122551;1;0,00663507;0
4009;15;3,308951066;5,333333333;5,273188383;4,79629612;1;3,09E-05;0
4010;10;18,99159287;21,83333333;8,208450945;4,797941685;1,27607237;0,584010959;0
4011;10;20,16637194;40,83333333;10,13735161;4,798109055;1,089715523;0,203567386;0
4012;10;5,513501137;7,166666667;12,87874972;4,799015045;0,996276503;0,013010979;0
4013;10;8,73163075;50,83333333;8,855070079;4,800188541;1,765042648;1,970607042;0
4014;15;39,56878069;30,66666667;9,995728574;4,8004632;1,66998618;2,034446478;0
4015;10;30,89689861;42,16666667;8,664294646;4,801698685;1,388349179;1,335521936;0
4016;15;26,80553113;60,16666667;10,48783849;4,802423;2,681207685;4,075911164;0
4017;10;36,73529211;46,5;10,56753175;4,802855492;1,519356855;1,830569983;0
4018;10;55,25105905;67,83333333;8,847036737;4,803237438;3,285947271;5,385299563;0
4019;15;45,54552071;58,83333333;9,290120089;4,803332329;2,6789746;4,222513795;0
4020;10;39,40272878;53,33333333;6,994895212;4,805215836;1,499454295;1,831320763;0
4021;10;26,47138618;37;8,641857664;4,806223869;1,443969962;1,110299945;0
4022;10;27,48076883;42,66666667;8,906274754;4,806428909;1,529345776;1,29978466;0
4023;15;43,63684332;76;9,100300388;4,807321548;2,479074978;4,381493926;0
4024;15;48,12735859;51,33333333;10,62293633;4,807929993;2,748862957;4,421864271;0
4025;10;15,76425798;20;11,08546068;4,807976246;1,021619912;0,440651655;0
4026;15;35,96373395;48,83333333;9,651088488;4,80852747;2,1129655;2,565564871;0
4027;10;6,05042964;6,166666667;10,69867364;4,808532238;0,845500754;0,034707427;0
4028;10;7,684540967;11,5;5,685899353;4,811046124;0,91848991;0,153850555;0
4029;15;34,45357965;53,16666667;8,762997201;4,811675072;2,241804284;3,028522134;0
4030;10;14,23581405;10,66666667;7,708363755;4,813060284;1,157868929;0,257422686;0
4031;10;12,06853744;17,83333333;8,411264623;4,813128948;1,096073834;0,361558676;0
4032;10;44,18901835;53;9,234910395;4,813884735;2,055743999;2,697136283;0
4033;10;19,71876395;21,16666667;7,49599098;4,814594746;1,262337462;0,621041179;0
4034;10;4,408751937;15,83333333;8,379088273;4,814987183;1,079258673;0,578766227;0
4035;10;18,70147889;26,66666667;9,681483907;4,815374851;1,193445931;0,680957079;0
4036;10;10,25558004;14,33333333;10,27194775;4,816280842;1,038579855;0,133942962;0
4037;10;5,157555415;5,166666667;5,551148276;4,81650877;0,935892683;0,01594305;0
4038;10;12,80870391;17,16666667;6,439565407;4,816695213;1,039698442;0,337575436;0
4039;15;43,51067868;35;10,07271044;4,817492485;1,77686147;2,368085265;0
4040;10;8,859161986;55;8,838735207;4,818089962;1,836775373;2,183223963;0
4041;15;35,38461026;55;9,594272377;4,818258762;2,396961843;3,465582848;0
4042;10;40,00431543;55;9,522337196;4,818498135;2,521347366;3,251278639;0
4043;10;16,25627418;9;8,448673534;4,818915367;1,104353355;0,296352744;0
4044;10;47,77936718;80,66666667;8,399333509;4,821338654;2,610611439;4,624899983;0
4045;15;44,08000529;66,83333333;10,06905711;4,821347237;2,868844302;4,864341021;0
4046;10;26,52460184;32;10,25014042;4,821725368;1,513616287;1,134590745;0
4047;10;24,61439511;27,33333333;9,545941995;4,821858406;1,397620493;0,903940916;0
4048;15;45,21554045;77,16666667;10,01417356;4,821938515;3,49916961;6,067674279;0
4049;15;33,65875462;57,83333333;9,174845094;4,822180271;2,809406895;3,825633645;0
4050;15;40,6801541;74,33333333;9,716136957;4,822237015;3,295831359;5,649782062;0
4051;15;37,79272005;62,66666667;8,905230596;4,822571278;2,672590232;4,07331717;0
4052;10;22,07400389;35;8,301694561;4,82380724;1,462966787;1,067429781;0
4053;10;39,77256717;56,66666667;9,015658241;4,823846817;2,074630928;2,792359114;0
4054;10;7,912831116;31,33333333;12,24595788;4,824298382;1,041350321;0,669772029;0
4055;10;15,349523;20,83333333;8,850138833;4,825232029;1,128506741;0,472214341;0
4056;15;37,90660352;54,83333333;8,615560517;4,825801849;2,356127348;3,175788283;0
4057;10;47,80784832;50,66666667;8,386684888;4,826076031;2,066746843;2,610121369;0
4058;10;38,59944004;59;8,72980211;4,827840328;2,568991319;3,464906454;0
4059;10;15,81041716;21,66666667;7,697485683;4,827980042;1,238829226;0,464005589;0
4060;10;30,29045671;48,5;7,678441177;4,828431606;1,54291069;1,454749107;0
4061;10;7,570045313;8,333333333;9,813631774;4,829210758;1,01235128;0,120746851;0
4062;10;20,02744966;39;8,29133104;4,829834461;1,654901834;1,538022757;0
4063;15;28,21409206;27,33333333;8,606320276;4,830361366;1,512068734;1,198851109;0
4064;15;27,29512642;44;9,051347022;4,830391884;2,399916555;2,871696591;0
4065;15;39,68339034;53,83333333;9,205900309;4,833050728;2,194153413;3,169440389;0
4066;10;9,731419996;16,16666667;7,964749403;4,835622787;1,103216723;0,386209607;0
4067;10;23,35569873;52,16666667;10,9194615;4,836290836;2,102170894;2,622519135;0
4068;15;3,650867352;7;9,327164586;4,837185383;0,830871931;0,062871933;0
4069;10;8,510820838;27,33333333;10,44781947;4,837380886;0,978279946;0,52844727;0
4070;10;15,47430107;17;8,346110871;4,837734222;1,207640324;0,460147738;0
4071;10;26,86216624;28,33333333;8,904550638;4,837839603;1,322197809;0,954712033;0
4072;10;33,22243183;32,33333333;13,82455559;4,83921957;2,870680226;2,944940209;0
4073;15;36,03605147;78,5;8,83107058;4,840846539;2,46057677;4,285135269;0
4074;15;34,35121526;54,83333333;9,570941863;4,840952873;2,40639443;3,306068897;0
4075;15;32,97506576;69;11,1845576;4,84125185;4,139105727;7,119940877;0
4076;10;19,36547414;49,33333333;11,41984384;4,842398167;1,096239511;1,166161537;0
4077;10;29,40874754;27,33333333;10,01347421;4,843907356;1,539955926;1,158509612;0
4078;10;16,77760766;34,5;8,349147388;4,844929218;1,487828193;1,184783459;0
4079;10;12,02159437;9,333333333;10,40508359;4,845885754;1,099501044;0,284507632;0
4080;10;12,74513549;16,33333333;11,28330166;4,846090317;1,293954271;0,419325113;0
4081;15;47,1361656;65,66666667;9,981964648;4,847557068;3,670155431;6,255082726;0
4082;10;8,108562062;28,66666667;6,159049409;4,847906113;0,998604964;0,524142146;0
4083;10;41,09250516;40,5;7,952102048;4,847907066;1,600641027;1,657201767;0
4084;10;35,36636062;32,16666667;8,637956953;4,84863615;1,532939855;1,35800004;0
4085;10;32,79984238;56,83333333;8,365137802;4,849807262;1,506110789;1,707496405;0
4086;15;27,85597249;72,16666667;9,160453858;4,850658894;3,642102907;6,021708488;0
4087;15;18,88033379;20,83333333;9,854780724;4,852845669;2,000419159;1,187180996;0
4088;15;14,41819853;28;8,70962064;4,853621006;1,188134784;0,715503693;0
4089;10;15,23835755;21,83333333;9,126043123;4,853856087;1,106622424;0,565788507;0
4090;10;24,24120299;32,16666667;7,898881581;4,854759693;1,556389819;1,152012706;0
4091;15;36,34026392;50,33333333;9,347925446;4,855827808;1,949964476;2,460903764;0
4092;15;41,18345005;65;8,402247421;4,855938911;2,131049315;3,359410286;0
4093;10;17,86363821;23,16666667;7,330612024;4,856624603;1,256921281;0,618930459;0
4094;10;29,74650983;21,33333333;8,851048923;4,857544422;1,162322815;0,647904158;0
4095;10;32,1782442;45,5;10,22924284;4,857617378;1,543600648;1,612179518;0
4096;10;25,46809086;40,16666667;9,299369663;4,857711315;1,530001083;1,202391028;0
4097;10;5,777569765;5,833333333;8,90453889;4,857889652;1,008488728;0,033574224;0
4098;10;29,12510032;38,83333333;7,692068911;4,859068394;1,547228081;1,397888184;0
4099;10;30,91384756;38,83333333;8,969191953;4,86011982;1,606377591;1,141141415;0
4100;15;36,73851798;76;9,191456081;4,861032009;2,916585414;5,087456107;0
4101;10;31,98041257;58,33333333;9,61338726;4,862672329;2,171500177;2,785547018;0
4102;10;18,34316696;33,66666667;10,7096634;4,863263607;1,355436463;0,991508007;0
4103;15;48,42448821;71,66666667;10,11578882;4,863346577;4,031487219;7,595306873;0
4104;10;34,95085218;44,5;8,370076221;4,863441944;1,713310299;1,796819329;0
4105;15;42,09210861;75;9,538966084;4,865078926;3,684669042;6,43435967;0
4106;10;30,10203369;37,5;9,02189026;4,865201473;1,747635253;1,559228778;0
4107;15;27,69096329;50,5;9,319057791;4,865476608;1,742532309;1,883813977;0
4108;10;48,02453429;75,33333333;11,76432097;4,86781311;4,206643887;7,630412579;0
4109;15;33,87062363;53,5;8,769531752;4,869888306;2,746815714;3,618758082;0
4110;15;26,39084419;75,33333333;9,906902274;4,870392799;3,924670733;6,858426571;0
4111;15;41,31886288;76;10,36007877;4,872282505;3,032725771;5,314218044;0
4112;10;42,94055877;66,16666667;8,63083734;4,87253952;2,011875176;2,928497195;0
4113;10;26,07320443;29,33333333;8,865409092;4,872654915;1,501037953;0,962662935;0
4114;15;29,29748301;52,33333333;8,761218585;4,872774601;2,085381871;2,910809875;0
4115;15;5,032861138;5,333333333;6,770200701;4,873104095;1,015899857;0,025128245;0
4116;15;43,77502808;50,83333333;10,19779896;4,874453545;2,443774859;3,55556941;0
4117;10;12,20474612;13,83333333;7,337818657;4,876788616;1,057839359;0,280201435;0
4118;15;3,202962365;5;14,25066091;4,877213478;0,958677686;6,19E-05;0
4119;10;34,6281773;35,16666667;10,36220352;4,877700329;1,598001645;1,580171943;0
4120;15;38,99044901;72,66666667;9,665522868;4,878255367;1,962799176;3,313887596;0
4121;10;45,09082851;62,16666667;8,430507356;4,879027843;2,099089225;3,043312669;0
4122;10;14,77044866;19,66666667;7,832200246;4,880357265;1,125249485;0,459857702;0
4123;10;25,69699298;55,83333333;8,371427326;4,880579948;1,414425987;1,796364188;0
4124;15;39,49223111;52,33333333;9,783762166;4,881224632;2,292418271;3,283039689;0
4125;10;20,19688729;30,16666667;8,284946666;4,881362438;1,288929644;0,860050797;0
4126;10;8,13159272;9,833333333;9,680459457;4,882240295;1,005696976;0,105311513;0
4127;10;34,46381919;51,16666667;9,346773314;4,88267374;1,574574573;1,704645038;0
4128;15;33,13135966;61,5;8,012095046;4,882716179;2,186906613;3,172051668;0
4129;15;30,4849831;70,83333333;10,11265081;4,882938862;2,298163851;3,458832383;0
4130;15;41,54131046;57,83333333;8,966185271;4,883997917;2,603855247;3,947903872;0
4131;10;25,50440347;54,83333333;11,67151044;4,884377003;1,479450632;2,057265997;0
4132;10;41,45500111;42,83333333;9,476019413;4,884590626;2,045410563;2,300545335;0
4133;10;9,929016667;13,33333333;11,38089805;4,885048866;1,039950964;0,22724545;0
4134;15;45,49760184;48;9,31495862;4,886635303;2,438783568;3,594514489;0
4135;10;41,34964624;60,16666667;10,27684117;4,887243748;2,874845993;4,196575522;0
4136;10;29,5324016;37,5;9,67028589;4,887429237;1,590882993;1,360924006;0
4137;15;22,07553949;40,83333333;6,476520739;4,888572693;1,505928487;1,423188686;0
4138;10;29,89851438;43,16666667;7,447169796;4,890272141;1,745559466;1,672424078;0
4139;10;24,55615923;38,5;7,633391082;4,890398502;1,8843849;1,505373836;0
4140;10;5,983631365;8,166666667;12,95784888;4,890948772;0,524557957;0,040008068;0
4141;10;30,98256113;24,66666667;9,026954323;4,893030167;1,385819564;1,035887599;0
4142;10;35,92275139;62,66666667;10,32586634;4,893316746;2,100948333;2,724454761;0
4143;10;44,12539147;48,16666667;9,298383348;4,893848419;2,033929505;2,674474597;0
4144;10;5,982463889;7;10,13975504;4,894098282;0,768264607;0,050424576;0
4145;10;11,04383622;13,16666667;8,584522301;4,894804478;1,019537049;0,237146258;0
4146;15;9,344707486;16;9,580205958;4,895046711;1,025331085;0,333913922;0
4147;10;14,43377109;17,83333333;11,10164874;4,89572525;1,047828343;0,454833508;0
4148;10;12,04160317;12,83333333;9,073504826;4,895809174;1,090680426;0,345439434;0
4149;10;9,010962056;31,33333333;8,268018152;4,897499561;1,411794906;1,118996978;0
4150;10;7,122174073;7,833333333;9,334707238;4,898131371;1,099653459;0,083749175;0
4151;10;27,11754931;56,66666667;9,579100613;4,899013042;1,363833979;1,753998756;0
4152;15;39,50738178;66,33333333;9,468964848;4,899059772;3,065758713;4,896100521;0
4153;10;41,01032995;44,83333333;9,953745721;4,90020895;1,823857156;2,141848326;0
4154;10;25,22875332;39,5;9,902853152;4,900274754;1,295918927;1,160164595;0
4155;10;9,314068582;11,83333333;8,391402799;4,902565479;1,024528418;0,106749892;0
4156;15;5,927046819;8,5;11,08851545;4,903345585;1,0181977;0,040881634;0
4157;10;12,21484859;19,5;8,686618608;4,903445244;1,049395765;0,170043349;0
4158;15;8,847333326;8,333333333;9,292840113;4,903513908;1,045987774;0,167827964;0
4159;10;8,567666188;10;7,525455109;4,903667927;1,027474677;0,14432621;0
4160;15;33,21760707;64,16666667;9,927268987;4,903992653;2,105648886;2,909769773;0
4161;15;35,75469565;27,16666667;9,133834739;4,904164791;1,444176399;1,397249579;0
4162;15;45,28767311;79;8,728564331;4,906144142;3,262610572;6,06332767;0
4163;10;12,13227851;19,33333333;8,547917019;4,906966686;1,063300911;0,245744109;0
4164;15;44,12942076;57,83333333;9,817608843;4,907629013;2,691307632;4,250070572;0
4165;15;19,17512778;51,5;8,406225448;4,907747746;1,162983881;1,292433739;0
4166;10;15,99916677;18,66666667;10,32657727;4,907801628;1,987296274;0,8753227;0
4167;15;4,89114631;8;9,700877472;4,908403397;1,00047081;0,002098083;0
4168;10;44,71797458;72,33333333;8,803025897;4,908750534;2,189986812;3,537919164;0
4169;10;28,7159105;27,5;9,432946561;4,909080982;1,250874259;0,837490678;0
4170;10;46,04528131;88,5;7,248028231;4,909881115;1,532227497;3,020059943;0
4171;10;26,31064937;33,33333333;8,279305474;4,910114288;1,278663809;1,020647883;0
4172;10;26,1190039;34,16666667;9,142088223;4,910981178;1,467766848;1,152132273;0
4173;10;38,94711377;82;11,22294094;4,911491394;1,477797665;2,709097147;0
4174;15;30,46389381;57,5;9,756026521;4,912994385;2,200749622;3,51073122;0
4175;15;45,03434127;56;9,440104479;4,915512085;2,858262143;4,389077306;0
4176;15;34,48598753;53,83333333;9,155046323;4,917049408;2,418953641;3,392090917;0
4177;10;38,12090719;53,16666667;10,43770112;4,9174757;2,712190372;3,293008447;0
4178;10;34,24634002;43,16666667;8,964874722;4,917779922;1,683607499;1,700414896;0
4179;10;29,69530814;36,33333333;8,306264584;4,91866684;1,198595095;0,939460635;0
4180;10;39,04611639;48,33333333;9,876845732;4,919179916;1,697810643;1,973673105;0
4181;15;44,41084126;67;9,557956233;4,921249866;2,903622541;4,900572538;0
4182;15;46,50246121;56,66666667;10,20661549;4,921828747;2,924413793;4,623360753;0
4183;10;15,89228754;22,83333333;8,223280188;4,922065735;1,254330278;0,549064517;0
4184;10;15,7135087;32,33333333;9,768234868;4,92222023;1,514328592;1,327465534;0
4185;10;14,48234783;20,5;11,28625234;4,922535896;1,076476766;0,467939138;0
4186;10;20,33508114;37,83333333;6,218151748;4,924324989;1,063585026;0,834402442;0
4187;10;5,070268479;5,833333333;10,92525615;4,925479412;1,000548246;0,001071572;0
4188;10;30,84507945;51;8,09532724;4,925781727;1,745723824;1,859512329;0
4189;10;10,54257728;29,22222222;10,0127574;4,928340435;1,227547724;0,555500269;0
4190;10;28,27044705;37,16666667;10,38587768;4,928832531;1,354388825;1,190964818;0
4191;10;18,60269846;25,16666667;8,971904398;4,929542065;1,321926723;0,695946455;0
4192;10;5,087544936;5,5;10,37282669;4,930253983;0,995407577;0,003596783;0
4193;10;10,27661632;11,5;11,24994311;4,931552887;1,124705802;0,251716137;0
4194;10;4,948896398;5,166666667;8,760300403;4,932056427;0,961787404;0,004543066;0
4195;10;17,61179662;20,33333333;9,969914465;4,932349682;1,17854645;0,396322727;0
4196;10;6,636889814;6,555555556;12,35775649;4,933556557;1,002381652;0,118318558;0
4197;10;32,12822;45,5;10,53822924;4,935604095;2,012794583;2,225051761;0
4198;10;29,67326727;46,16666667;8,959286981;4,936510563;1,334101034;1,515567183;0
4199;10;10,10466738;5,833333333;9,830104575;4,937535763;1,001735471;0,196713686;0
4200;10;34,78679269;45,16666667;8,127292855;4,938564777;1,575351233;1,638917208;0
4201;15;7,098074808;9,5;11,18217868;4,938694954;1,058951718;0,242602587;0
4202;10;13,54881373;21;9,46632115;4,940651894;1,232912917;0,511313915;0
4203;15;34,08935808;73,66666667;10,34083836;4,942111969;3,800398438;6,887145996;0
4204;10;19,5811746;22;7,489319565;4,942195415;1,400331354;0,70136261;0
4205;15;43,85478512;56,33333333;9,121415313;4,942243099;2,625518209;4,062582374;0
4206;15;44,40925036;38,5;9,864526808;4,942526817;2,386662117;3,326813459;0
4207;10;18,76117246;33;8,568405158;4,943762302;1,202581563;0,831569791;0
4208;10;27,93453513;36;8,533017263;4,943985939;1,405512229;1,123777032;0
4209;10;22,8400889;27,16666667;8,249538287;4,944121361;1,368044135;0,867843747;0
4210;10;25,5123027;14,16666667;9,415570477;4,945664406;1,310659414;0,624752283;0
4211;10;35,15131923;74,83333333;7,545062539;4,946582794;1,087530826;1,701716304;0
4212;15;54,4938303;58,33333333;9,732876252;4,946861267;2,882207845;5,164533377;0
4213;10;39,02480617;48;8,595442333;4,947171688;1,800706687;2,073175907;0
4214;15;40,62369943;64,33333333;9,287422674;4,9476161;2,653615781;4,398992658;0
4215;10;18,82195918;26,16666667;9,292795708;4,947653294;1,643220773;0,907153249;0
4216;10;34,64358434;70;10,70505677;4,948296547;2,554400663;3,964573622;0
4217;10;23,98066436;13,16666667;9,019171942;4,948476315;1,30188578;0,586565495;0
4218;15;46,21751363;61,83333333;9,382626682;4,950444698;2,856409048;4,723295927;0
4219;15;47,84005439;59,5;9,360384182;4,951014042;2,846138492;5,007251382;0
4220;10;49,95508527;83,66666667;10,02148922;4,952623367;2,609841565;4,979808092;0
4221;10;7,047535031;9,333333333;8,239785142;4,952674389;0,908574696;0,106938839;0
4222;10;18,47396813;24,5;9,290848272;4,954202175;1,182543897;0,719491363;0
4223;10;7,262540762;9,333333333;9,011313626;4,954538345;1,003638251;0,131320596;0
4224;15;37,25156443;43;9,578117837;4,955055237;2,578625315;3,229028344;0
4225;15;42,81880377;64,33333333;8,817693963;4,955183029;2,699967681;4,352520227;0
4226;10;18,08198135;34,33333333;13,75474225;4,957871914;1,16984098;0,872192979;0
4227;15;41,50831166;75,5;10,1137976;4,958351135;4,596182984;8,343002677;0
4228;15;3,885832948;6;9,573637518;4,958838463;1,006568779;0,047737479;0
4229;10;20,7181373;22;9,331741095;4,958996296;1,207991268;0,618902087;0
4230;10;15,70897566;24,5;7,933408118;4,962901592;1,195543975;0,589053392;0
4231;10;10,76537205;14,66666667;10,25788995;4,9631567;1,045440303;0,292157173;0
4232;10;17,08435084;63,83333333;8,906355253;4,963847637;2,599093607;3,911833286;0
4233;15;27,40967628;53,66666667;9,190477218;4,964726448;2,314972251;3,206404328;0
4234;10;36,19894861;58,33333333;10,71912733;4,965429783;2,659649018;4,011141777;0
4235;10;30,36077293;46,16666667;7,625243245;4,966650486;1,372017112;1,314981699;0
4236;10;9,257625254;68,66666667;8,711574637;4,966797352;2,415351028;3,719448805;0
4237;10;18,18383592;20,16666667;10,05464898;4,966927052;1,130359808;0,571321011;0
4238;10;35,36462998;53,66666667;8,402239428;4,967460632;1,591972783;1,948818922;0
4239;10;11,03987814;25,83333333;7,293164795;4,967488289;1,24524147;0,734678984;0
4240;10;4,912929712;5,333333333;11,25744125;4,968175411;0,879763571;0,013352752;0
4241;15;24,56880991;44,66666667;7,826446814;4,969944;2,043094917;1,665996075;0
4242;15;41,06334928;63,83333333;8,915111876;4,971050262;2,799793471;4,492323399;0
4243;10;30,73481061;29,5;8,968310467;4,97227478;1,422018272;1,11025846;0
4244;15;38,48680656;44,66666667;8,931796846;4,972620487;2,168789208;2,793684125;0
4245;15;62,62158116;90,33333333;8,786509587;4,972682476;3,651354268;7,467037559;0
4246;10;36,82629224;48,83333333;8,756196664;4,975410461;1,507616715;1,659896135;0
4247;10;33,63237981;45,66666667;8,320016673;4,97726202;1,684335595;1,815125942;0
4248;15;5,209066519;7,666666667;11,07941681;4,977931976;1,021666424;0,083386779;0
4249;10;34,69948508;63,5;8,486731475;4,978046894;1,38729576;1,969220877;0
4250;15;44,25975577;68,16666667;9,823890412;4,978663921;3,777647043;6,680710793;0
4251;10;45,21615833;51,5;10,97703858;4,978742599;2,827586663;4,18724215;0
4252;15;39,76147418;56,5;8,346486395;4,979100227;2,346386136;3,395174503;0
4253;10;6,097709722;7,5;10,32833113;4,980229855;1,071335998;0,070178866;0
4254;10;21,89187194;38,83333333;9,011803548;4,980253696;1,263852739;0,686113834;0
4255;10;51,56063194;85,5;8,696639635;4,98043251;1,507921272;3,207492709;0
4256;10;22,05790438;47,33333333;9,291129902;4,980592251;2,352467781;2,734039545;0
4257;10;8,709964858;41,33333333;8,002370307;4,981235504;1,441143691;1,362170577;0
4258;10;6,34367986;8;11,11400732;4,981412888;1,00234121;0,090253949;0
4259;15;41,84998149;59,5;9,741680275;4,982169628;2,678546859;4,178578734;0
4260;15;30,88383511;73,83333333;8,204465892;4,983109474;2,353107121;4,034837484;0
4261;10;30,78658966;23;10,41486298;4,98327589;1,290941056;0,983211398;0
4262;10;17,55493608;30,83333333;8,172473254;4,983358383;1,196659433;0,524139643;0
4263;10;25,82439331;55,66666667;5,890417525;4,983664036;1,070541085;1,276692748;0
4264;10;32,57262241;50,5;9,663391313;4,984953403;2,26977801;2,709252954;0
4265;10;4,529076412;5,666666667;10,74268497;4,986698627;0,971240106;0,025854945;0
4266;10;11,83020658;12;9,44419283;4,987370491;1,06361822;0,304809809;0
4267;10;8,425794903;8,833333333;13,44689039;4,987681866;1,009754196;0,392755032;0
4268;10;16,73732246;20;8,136203422;4,987785339;1,182232045;0,57918632;0
4269;15;44,23060571;63,33333333;10,21642942;4,987862587;3,600935683;6,042003036;0
4270;10;30,97188394;36,33333333;9,83042238;4,990916252;1,662221186;1,518838525;0
4271;10;25,57850603;39,66666667;7,487211964;4,991162777;1,279759963;1,139205694;0
4272;15;36,79465827;54,83333333;8,70846446;4,991598129;2,059415462;2,909302235;0
4273;10;8,782894682;8;8,000071086;4,992042542;1,056022395;0,122350335;0
4274;15;34,58399423;40,33333333;11,1901391;4,99250412;2,105332283;2,546296716;0
4275;10;20,34922813;13,66666667;8,9942029;4,992832661;1,246314628;0,481313944;0
4276;10;34,55973278;45,66666667;9,514221353;4,993631363;1,538006698;1,703392506;0
4277;15;36,70245981;62;8,033123446;4,99701786;2,488335192;3,669351459;0
4278;10;4,634945603;5,166666667;10,75186519;4,997133732;0,798561151;0,003561616;0
4279;15;39,25878057;85,5;8,017497395;4,997536182;1,818445481;3,595597625;0
4280;10;31,73212044;59,5;8,544515084;4,998021603;1,317189071;1,766149521;0
4281;15;37,11478224;70,83333333;9,763585312;4,999965668;3,316707074;5,63449502;0
4282;15;46,8274939;94,33333333;9,676971043;5,000981331;3,513014704;7,532279968;0
4283;15;25,62892236;52,66666667;8,195525154;5,001358509;2,088013272;2,800398707;0
4284;10;9,502117011;12,66666667;9,697068017;5,001614094;1,01956457;0,244875908;0
4285;10;18,91663704;27,66666667;8,14306013;5,002240658;1,130990404;0,589969397;0
4286;10;45,40109929;69;8,465658214;5,002727032;1,731164531;2,796555996;0
4287;20;45,94912829;69,16666667;9,626779203;5,004071712;3,452395446;6,232007623;0
4288;15;20,19664003;41,16666667;7,462670808;5,004150867;1,268326056;1,178342581;0
4289;10;40,55911945;40,66666667;8,416055324;5,006273746;1,822279871;2,003422379;0
4290;10;18,10046924;18,5;8,913587826;5,006370544;1,177085022;0,420268893;0
4291;15;37,01794976;71,5;8,578231276;5,007051945;2,204785245;2,526982427;0
4292;10;13,82769477;31,39344262;9,042939535;5,008690357;1,325204254;0,963339329;0
4293;15;41,32169202;45,66666667;9,567389867;5,008744717;2,081042919;3,445241094;0
4294;15;56,71678716;72,83333333;9,608693254;5,011287689;3,872945738;7,527187228;0
4295;10;31,78984809;34,33333333;9,713846084;5,011513233;1,504308563;1,339325428;0
4296;10;18,08149626;23;9,476914302;5,011716843;2,65585823;1,333129406;0
4297;10;28,86407641;42,16666667;8,35555727;5,013275146;1,451310253;1,26207459;0
4298;15;18,14955022;36,83333333;9,236891978;5,013967514;1,252610739;1,279742122;0
4299;10;32,78980042;54,66666667;8,656288971;5,014767647;1,747313485;2,199620843;0
4300;15;50,1720087;49,33333333;10,64234941;5,01502943;3,652123734;6,214618683;0
4301;15;38,31030137;76,16666667;9,167299798;5,015611649;3,477491291;6,117140889;0
4302;15;48,0907774;89,66666667;10,34249812;5,015622139;3,344244399;7,048270226;0
4303;15;47,95052534;62,33333333;10,32133722;5,016009808;2,867116139;3,63869381;0
4304;10;33,03760729;34,16666667;8,22681592;5,016181946;1,093682839;0,905911326;0
4305;15;42,66438713;60,83333333;10,02748548;5,016542912;3,160245488;5,20756197;0
4306;10;26,00227257;27;9,597730666;5,018710613;1,811482926;1,291809678;0
4307;10;6,502951475;5,333333333;12,40002405;5,018747807;1,002588486;0,085971832;0
4308;10;25,10658995;54,33333333;8,497690217;5,019163609;2,138091247;2,637238145;0
4309;10;6,916247913;8,555555556;7,051501683;5,019862652;1,005455546;0,076609373;0
4310;15;28,74717315;41,33333333;9,761856647;5,020418167;2,465349856;2,568744183;0
4311;10;8,549171753;45,83333333;7,439566045;5,02097559;1,272920143;1,304325938;0
4312;10;23,76251707;31,16666667;8,7468809;5,021743774;1,314799968;1,135884881;0
4313;15;36,2143221;46,83333333;9,241625882;5,024488926;2,072276134;2,637807488;0
4314;10;26,89112699;52;9,471125401;5,024507046;2,249700909;2,938588619;0
4315;15;24,70898219;63,5;8,970752265;5,030893326;2,352401272;3,671815872;0
4316;15;40,38611367;51,16666667;10,07523678;5,031074524;2,616594842;3,928812861;0
4317;10;12,79685353;16,66666667;7,925649619;5,032007694;1,112898465;0,357319832;0
4318;10;24,14831261;34;8,94095743;5,032059669;1,420670023;1,089423776;0
4319;10;36,0312875;49,83333333;9,852839666;5,033123493;2,554693966;2,776096106;0
4320;10;12,69054835;12;9,759486342;5,033150673;1,122739333;0,332102656;0
4321;10;34,75897816;44;9,670190352;5,033343315;1,64023779;1,773084402;0
4322;10;36,60981759;44,33333333;8,832780096;5,034162045;1,76970247;1,935593486;0
4323;15;42,56717341;45,33333333;11,26332262;5,034350872;2,460990148;3,681749105;0
4324;15;40,60562697;54;9,524430823;5,036624432;2,313460545;3,555381894;0
4325;15;19,22795051;23,66666667;8,01432133;5,036745548;1,286177679;0,795407057;0
4326;15;46,14117865;73,5;9,711900043;5,037042141;3,363805912;6,242453575;0
4327;10;29,86675892;43,16666667;9,882699211;5,037265778;1,590016244;1,636968136;0
4328;10;37,41994674;44,33333333;8,471998987;5,037547112;1,656099283;1,823948503;0
4329;10;21,16446473;28,5;7,488537548;5,037709236;1,231157333;0,743563175;0
4330;15;45,94281401;66,5;9,607961594;5,037986279;2,855696517;4,889868975;0
4331;15;38,4814005;90,16666667;9,188005229;5,040650845;2,284729791;4,719979167;0
4332;10;7,55353676;7,833333333;8,749904987;5,042243481;1,025205106;0,08945787;0
4333;15;31,04625417;52,16666667;9,991709501;5,042316437;1,941813658;2,539751649;0
4334;10;11,90031012;15,16666667;7,601248055;5,043187141;1,024364715;0,28829813;0
4335;10;4,177171852;5,166666667;11,71498153;5,043807507;1,010916209;0,032295346;0
4336;10;29,62181475;54,66666667;8,487258336;5,044615269;1,570779914;1,586904764;0
4337;15;36,99840482;56,83333333;8,339996724;5,044719219;2,942562256;4,328888893;0
4338;10;28,83638181;51,33333333;9,238268834;5,045886517;1,78126747;2,273091435;0
4339;15;36,15508738;76,16666667;9,874997233;5,046092033;2,905370768;5,289794207;0
4340;10;19,4771869;24;9,445311299;5,047281742;1,290101521;0,750535607;0
4341;15;35,5291848;55,5;9,324052962;5,04779768;2,246162883;3,610382199;0
4342;15;40,25586301;38,83333333;8,868434014;5,048372746;1,955596812;2,562337756;0
4343;10;17,09459786;28,33333333;8,97266929;5,0487113;1,097242337;0,686705589;0
4344;10;16,7434474;26,16666667;9,136865612;5,051122189;1,051190408;0,54068017;0
4345;15;40,25561423;62,5;10,20791903;5,051616192;3,065638151;5,01064086;0
4346;15;40,57437601;68;11,18246679;5,052124977;1,724570069;3,516477466;0
4347;15;36,34355528;55,83333333;10,40035272;5,052652359;2,587830857;3,836567521;0
4348;15;30,20100898;67,83333333;9,943715611;5,052808285;2,557793691;4,326024532;0
4349;15;42,98565832;52,83333333;10,63264025;5,053246021;3,294275817;5,861329794;0
4350;10;20,82146664;64,50819672;10,97767107;5,055392742;1,269585877;0,709775567;0
4351;10;11,27639207;12,16666667;7,811484505;5,05558157;1,082366036;0,262552977;0
4352;15;49,4115774;72,5;9,369545985;5,056457043;4,108298057;7,748277664;0
4353;10;19,07838229;29,5;8,464784937;5,058697701;1,229436298;0,810070515;0
4354;15;44,2529801;72,5;9,734522875;5,058816433;4,310248411;7,979073048;0
4355;15;42,20569967;43,66666667;9,542099404;5,060114384;2,022261902;2,70465529;0
4356;15;41,73093505;64,33333333;8,907182602;5,060165405;2,844571806;4,693280339;0
4357;10;15,65489683;32,33333333;11,76054411;5,060506821;1,150866845;0,808366418;0
4358;10;23,41073691;53,33333333;8,533702867;5,060626507;1,968714071;2,419274092;0
4359;10;20,83845294;47,83333333;14,6350446;5,060692787;1,835865502;2,623024821;0
4360;15;35,38256989;70,83333333;8,007703525;5,060914516;2,409040987;3,972604752;0
4361;15;45,17279764;63,66666667;10,0267603;5,062821388;3,566363914;6,191672921;0
4362;10;7,812609814;16,16666667;10,06078524;5,064867496;0,997307164;0,046511531;0
4363;10;49,17498399;75,5;8,536714496;5,065942287;1,638695555;2,881118298;0
4364;15;14,2381196;84,66666667;9,703444511;5,066058636;3,869128171;7,613579631;0
4365;10;38,86243367;57,66666667;10,03408157;5,066184998;2,323363105;3,291001678;0
4366;15;27,21565215;60,16666667;8,876813978;5,066568851;1,556449202;2,182086468;0
4367;10;8,90429188;9,166666667;12,85323656;5,06670332;1,008656809;0,017593861;0
4368;10;17,1007548;15;10,49787976;5,069080353;1,091572302;0,434473157;0
4369;10;17,94349147;16;7,653463065;5,069563389;1,507333667;0,605727196;0
4370;15;43,79530327;75,33333333;9,537342293;5,070039749;2,564912616;4,791644812;0
4371;15;3,284492735;5,166666667;11,64928933;5,070768356;0,275411997;0,002229691;0
4372;15;32,73297796;54,16666667;7,914462345;5,071273327;2,083415405;2,777727008;0
4373;10;32,12088046;44;9,60606297;5,071983814;1,591566978;1,627344847;0
4374;15;40,23413899;65,33333333;8,407093416;5,074111938;2,247646003;3,721320868;0
4375;10;37,16820791;47,16666667;8,281729312;5,074449539;1,598019936;1,674737334;0
4376;10;18,90109064;26,5;8,633541478;5,077263832;1,618898134;0,981978655;0
4377;10;29,15216283;35,33333333;8,655056462;5,077311993;1,418007104;1,21291995;0
4378;15;36,16960649;57,33333333;8,816714845;5,077691555;2,323296044;3,504207253;0
4379;15;32,12063445;95;9,419772203;5,079057693;1,256411933;2,734773874;0
4380;15;45,33246535;69,66666667;9,966710337;5,079823971;3,626066547;6,562690496;0
4381;10;35,61000082;58,5;8,67621925;5,080080509;1,560227369;1,475312948;0
4382;10;23,45240278;35;8,881420376;5,081481457;1,633459144;1,287219524;0
4383;10;9,935731727;6,166666667;12,10131414;5,081526756;1,83670004;0,22736609;0
4384;15;38,21740053;48,83333333;9,265176849;5,08181715;2,284911794;3,077476025;0
4385;10;39,82551589;85,83333333;8,670966555;5,084625244;2,070224632;4,105443954;0
4386;10;19,10264924;15,66666667;10,03017549;5,085438728;1,130844027;0,520753145;0
4387;15;35,09195544;62;8,448183202;5,086210251;2,659014074;3,954822779;0
4388;10;15,13430817;25,66666667;8,729051081;5,086243629;1,08735946;0,603694201;0
4389;15;28,08667184;35,5;8,505650145;5,086716175;3,129061836;2,983978987;0
4390;10;8,501509488;8,833333333;9,305167768;5,086798191;1,036106404;0,130873084;0
4391;15;31,87158412;44,33333333;8,358811151;5,086933613;1,798272867;2,18422246;0
4392;15;29,28358574;63,83333333;8,688189836;5,087225437;2,351690169;3,344540238;0
4393;10;6,909343151;8,666666667;11,35633226;5,087405682;1,000869986;0,006279349;0
4394;10;18,2485651;26,66666667;6,905559552;5,088303566;1,242587077;0,75238049;0
4395;10;26,03799233;38,83333333;9,075216647;5,09009552;1,326071055;1,190223575;0
4396;10;40,07368421;57,33333333;9,029236188;5,090362549;2,309522574;3,320962429;0
4397;15;50,72943623;40,66666667;11,06386643;5,090917587;2,76018702;4,770788312;0
4398;10;14,02914426;20,5;10,07635221;5,091955662;1,23488236;0,531103492;0
4399;10;35,54458446;37;8,858022703;5,092041492;1,783566916;1,691700339;0
4400;10;5,564063517;20;6,538203068;5,092415333;1,131000155;0,474778056;0
4401;15;44,49721353;73;8,34490363;5,092699051;3,176740392;5,750444889;0
4402;10;17,84474722;22,33333333;9,514430738;5,092831135;1,279883124;0,68584621;0
4403;10;9,941588847;9,666666667;9,110179549;5,094065666;1,086890275;0,223955035;0
4404;15;28,33518823;58,66666667;10,84321303;5,094795704;1,782344623;2,113613605;0
4405;10;19,24525777;25,33333333;7,229812381;5,095801353;1,266293641;0,747319102;0
4406;10;9,790777693;13,33333333;9,945093266;5,09630394;1,076213999;0,288541198;0
4407;10;17,70864336;17,66666667;9,6920866;5,096645832;1,157303132;0,496430039;0
4408;10;33,24516781;34,16666667;9,913267254;5,096675396;1,712997102;1,703827858;0
4409;10;31,34695408;23,66666667;8,705903888;5,096810818;1,380665187;1,03776741;0
4410;15;41,87800392;57;9,904246662;5,097093582;1,886125684;3,027148604;0
4411;10;34,26915918;62,5;7,515417828;5,097878933;1,452305163;2,054290891;0
4412;15;41,41167763;66;9,67604036;5,098432541;2,722692883;4,707799077;0
4413;10;19,27388409;25,5;7,691629838;5,098907471;1,331183357;0,821445704;0
4414;15;42,43634531;64,16666667;9,175626258;5,099610329;3,40456309;3,932069302;0
4415;10;30,8767138;41,66666667;8,311529563;5,1005826;1,437844957;1,342288733;0
4416;10;10,86082614;25,5;7,593335676;5,100980282;1,255950313;0,674961329;0
4417;10;12,40357053;15,5;7,993065738;5,101885319;1,11393908;0,374310613;0
4418;10;25,60274596;42,83333333;9,153024356;5,102998257;1,502025254;1,21813941;0
4419;10;18,6647734;23,66666667;9,242825876;5,104106426;1,47609974;0,842779756;0
4420;10;22,25390885;42,83333333;5,984574298;5,105133533;1,330460507;1,265294909;0
4421;15;3,849077907;5;9,819147056;5,105263233;1;2,31E-05;0
4422;10;23,84406217;18,66666667;10,09558272;5,10571003;1,253287126;0,723737359;0
4423;10;34,24143918;36,33333333;8,759474277;5,108985901;1,770091224;1,710481167;0
4424;15;10,69109632;19,16666667;8,875915963;5,109117508;1,01377387;0,434150934;0
4425;15;38,49895107;67,33333333;9,070029472;5,109174728;2,908040711;4,797982454;0
4426;10;34,2849855;40;9,719578239;5,109347343;1,508357173;1,535077095;0
4427;10;27,07809133;36,33333333;8,464142764;5,110302925;1,58334086;1,335011959;0
4428;10;9,057247947;15,66666667;12,18688644;5,110387325;1,150275934;0,333445668;0
4429;10;20,9004153;34;9,727181424;5,111549854;1,18224137;0,913824439;0
4430;15;46,6682982;44,33333333;9,237384958;5,112290859;2,0647241;3,198319793;0
4431;15;34,49984944;55,83333333;8,548202402;5,11230278;1,8828652;2,3805089;0
4432;10;36,62706956;42,5;13,86542447;5,112742424;2,686070967;3,839104056;0
4433;10;28,04063071;55,83333333;9,878587937;5,112966537;2,220159232;3,21641624;0
4434;10;17,33332384;28,5;8,62716665;5,113032341;1,154720712;0,687715173;0
4435;10;27,82954952;22,16666667;8,672492948;5,113379002;1,361674747;0,867500424;0
4436;10;53,75662313;69;9,154921887;5,113830566;1,247245811;2,19349134;0
4437;10;51,76874663;94;8,854718694;5,114994526;1,808259351;3,945464134;0
4438;15;24,81378405;17,33333333;8,998144222;5,11499691;1,383169968;0,894768715;0
4439;10;14,26061146;19,66666667;8,257034141;5,115689278;1,08345885;0,190385222;0
4440;10;16,6189274;15,66666667;8,961748737;5,115972042;1,104193354;0,405846238;0
4441;10;31,85562323;55,5;7,491033839;5,116150856;1,227311151;1,590348363;0
4442;15;48,03338256;68,16666667;10,32950851;5,116493702;4,073194868;7,709885597;0
4443;15;37,08719155;65;10,44926504;5,11692524;2,558053273;4,085947275;0
4444;15;34,95405936;49,16666667;9,303721791;5,117128849;1,941170011;2,58794117;0
4445;10;12,62330843;18,83333333;9,354661218;5,118047714;1,090509263;0,434926271;0
4446;10;5,456432823;6,166666667;10,94941848;5,121511936;0,992444121;0,038331628;0
4447;15;50,06477804;64,16666667;9,499680022;5,122099876;3,507718627;6,342383981;0
4448;15;39,3262032;48,66666667;9,401477704;5,122667789;2,076198398;2,79095602;0
4449;15;48,41223848;88,66666667;8,859579043;5,124197006;3,908545773;8,253780127;0
4450;15;32,46271906;45,83333333;9,376321431;5,124950409;2,05025462;2,58048892;0
4451;10;21,92083611;39,66666667;7,949445169;5,124964237;1,312393886;1,166454554;0
4452;10;34,97716041;48;8,55505473;5,125116825;1,667579531;1,963551521;0
4453;15;26,13120856;55,66666667;9,843026658;5,125339031;2,658450028;4,082132101;0
4454;10;13,94721439;15,33333333;11,14865828;5,126060963;1,13308326;0,575537682;0
4455;10;28,04534899;57,16666667;9,291345168;5,126299858;1,432474388;1,855249882;0
4456;15;49,30845996;67,83333333;9,972487166;5,12637043;3,938209181;7,439001083;0
4457;10;15,12659292;18,83333333;7,473636282;5,127066612;1,054067403;0,417399645;0
4458;15;30,95568327;65,33333333;9,667803053;5,127812386;2,674889691;4,511746407;0
4459;10;39,26845129;40,5;10,09544026;5,128178596;1,71841133;2,043451905;0
4460;10;32,03174819;43,83333333;9,828283136;5,128424644;1,410593067;1,470349908;0
4461;15;35,33954878;56,66666667;8,87909309;5,128877163;2,351721949;3,434195995;0
4462;10;11,59478751;11,5;10,4796084;5,129653454;1,097275151;0,276609421;0
4463;10;11,65485246;26,16666667;8,46641529;5,130121708;1,113757197;0,669893503;0
4464;15;36,00113394;53,33333333;8,909891605;5,131001949;2,542372047;3,632798791;0
4465;10;12,35636561;14,83333333;9,352226751;5,132335186;1,101004197;0,336541891;0
4466;10;30,62391959;27,5;9,968647125;5,132810116;1,502229535;1,164756417;0
4467;10;17,7364543;27,66666667;8,165524674;5,132917881;1,126160636;0,710752368;0
4468;15;41,49584403;26;10,10435515;5,133982182;1,655395198;1,813393235;0
4469;10;35,71488226;32,16666667;9,123682074;5,13466835;1,5811056;1,447666407;0
4470;15;33,26713126;54,33333333;9,940626459;5,136482716;2,702541661;4,301063299;0
4471;10;6,323230871;8,333333333;7,598329338;5,137076855;1,00752864;0,100392938;0
4472;15;30,47845578;63,66666667;9,699064751;5,138432503;1,936638738;2,559001446;0
4473;10;10,81293598;15,66666667;11,06483734;5,138684273;1,078963318;0,362059236;0
4474;10;42,27932877;60,33333333;9,026615246;5,13891983;2,017381773;3,060188651;0
4475;10;5,594085865;5,166666667;10,35762777;5,139701843;0,992255413;0,015348434;0
4476;10;29,78073107;58;8,208204368;5,140019894;1,511679667;1,844055057;0
4477;10;33,1280046;38,66666667;9,506457222;5,140046597;1,810223262;1,89564693;0
4478;15;42,86979756;58,66666667;9,325422255;5,140078545;2,383250342;3,787262321;0
4479;15;4,607266512;6,666666667;8,85852065;5,140660763;0,968593335;0,004025578;0
4480;15;4,216240643;5,666666667;10,54672341;5,14106369;1,002572899;0,04441905;0
4481;10;39,42229634;62,5;9,23208145;5,141580582;1,836290607;2,798219562;0
4482;10;23,49762853;32,83333333;7,700863367;5,141928196;1,32026545;0,96765697;0
4483;10;23,01235978;30,66666667;8,08406723;5,142138958;1,356133404;0,932921648;0
4484;10;34,28049915;35,66666667;8,748816474;5,142416954;1,721698885;1,837824106;0
4485;15;50,08953337;65,33333333;9,761466222;5,144110203;3,93278825;7,510625243;0
4486;10;21,5668403;19,5;8,80404886;5,146481991;1,215869098;0,484098077;0
4487;10;38,23790833;49,16666667;8,511615174;5,146968365;1,554573252;1,874494553;0
4488;10;24,01726511;37;7,639204962;5,147150517;1,348415675;1,304279804;0
4489;15;34,428292;45,66666667;10,12575979;5,148531914;2,374337292;3,599395156;0
4490;10;44,34698313;68,16666667;9,299934035;5,148726463;2,088180007;3,50800693;0
4491;10;18,01042234;29,22222222;7,155080105;5,148748875;1,36355864;0,707743287;0
4492;10;42,39193033;44,5;7,927812456;5,148813725;1,63059695;1,95935905;0
4493;10;7,723451448;7,888888889;12,66646204;5,15039444;1,012176085;0,075639248;0
4494;15;19,69514085;43,33333333;9,037610229;5,150602818;1,223027958;1,237270832;0
4495;10;15,44057613;34,33333333;8,087885021;5,151663303;1,406453127;1,152085304;0
4496;10;9,37930829;16,16666667;9,477746839;5,153140545;0,99312605;0,276996255;0
4497;10;22,0701022;60,66666667;10,59584686;5,153813362;2,952336359;4,873272657;0
4498;15;38,4641224;51;9,248730096;5,154564857;1,976229662;2,848753929;0
4499;15;23,02691413;66;9,060697138;5,158829689;2,404159221;3,791029096;0
4500;10;14,03424156;7,5;10,79089062;5,158866405;1,553996997;0,291535378;0
4501;10;4,745839197;10,16666667;11,42424899;5,159091473;0,930731843;0,135789037;0
4502;10;34,70100681;39,66666667;9,814716728;5,159564018;1,594727999;1,666057944;0
4503;15;29,1695654;55,16666667;9,413910031;5,160231113;2,296435313;3,142968774;0
4504;10;28,3608534;20,16666667;9,289625382;5,16071701;1,167803369;0,853777766;0
4505;10;40,85128876;61,5;9,545466371;5,161811352;1,69475815;2,115353703;0
4506;15;42,92929484;61;9,282147785;5,163412094;3,574629081;5,825196266;0
4507;10;12,04128877;22,16666667;9,814943324;5,16341877;1,012263992;0,451253057;0
4508;15;40,30274462;73,33333333;9,036803663;5,163536549;1,709527032;3,21733892;0
4509;10;14,72730694;22,66666667;10,25847551;5,163810253;1,101150646;0,486238956;0
4510;10;15,23012182;25,16666667;9,189350453;5,164167404;1,286455018;0,655701995;0
4511;10;5,612108514;5,5;9,446850524;5,165220261;0,942518083;0,028804421;0
4512;10;18,2745686;37,33333333;8,28908977;5,16622448;1,167293973;0,764953494;0
4513;10;31,68931209;45,5;7,478780984;5,166227341;1,429188276;1,396736264;0
4514;10;31,03293505;46,16666667;7,637660656;5,16678381;1,887285962;1,980263591;0
4515;15;11,90059524;38,66666667;8,596394802;5,167413235;1,744991685;1,571930528;0
4516;15;41,85305956;65;8,858494462;5,168330669;2,674133828;4,550077081;0
4517;10;12,02805253;17,83333333;8,227566961;5,168581486;1,018534293;0,39710474;0
4518;15;40,92444658;69,5;9,74769014;5,168726921;3,728749309;6,711151481;0
4519;15;53,36265433;58,33333333;9,760967697;5,169285297;3,376999962;6,123842001;0
4520;10;9,477886534;7,333333333;11,06463899;5,169351578;1,410622492;0,158789515;0
4521;10;21,80519339;23,66666667;9,360120833;5,169482708;1,407906157;0,864708304;0
4522;15;40,23894699;71,16666667;8,666525786;5,173134327;2,468049914;3,94845283;0
4523;10;10,4288125;11,83333333;9,229320639;5,173223495;1,035908681;0,204806685;0
4524;10;16,09427832;24,33333333;9,564606275;5,173351288;1,27375497;0,844071507;0
4525;15;42,60436372;70,16666667;9,825958751;5,174627781;2,306505316;4,193281651;0
4526;15;16,04956343;35,66666667;9,318026892;5,175421238;1,333500855;1,129553199;0
4527;10;14,84347219;15;8,308942053;5,176203728;1,308697186;0,235829711;0
4528;10;17,19955824;27,83333333;8,202123796;5,176321507;0,997121278;0,590382338;0
4529;15;46,36785778;75;9,820141743;5,177105427;2,745285034;5,535099864;0
4530;10;27,40990462;44;8,968606223;5,177205563;1,783659545;1,825752258;0
4531;10;15,58906889;22;8,097035464;5,177680492;1,230115042;0,598341703;0
4532;10;39,7609956;58;7,735961986;5,177841663;2,221962879;3,163027763;0
4533;10;17,09077992;32,33333333;10,99786921;5,177994251;1,130256299;0,826641321;0
4534;15;31,0888109;44,5;9,611777718;5,179945946;2,300166562;2,965847611;0
4535;15;16,42349143;27,66666667;10,31950009;5,182044029;1,236111966;1,066917181;0
4536;10;36,48697354;53,33333333;10,11260124;5,182963371;1,312211547;1,708623171;0
4537;10;41,756675;70;6,60212045;5,183845997;1,623030562;2,682125092;0
4538;15;50,49455255;69,83333333;10,50426721;5,183886051;3,005509796;6,276311994;0
4539;15;5,138687415;6,166666667;12,76907428;5,184515953;1,013148039;0,054339528;0
4540;10;33,10274161;33,5;9,195949405;5,184714794;1,587235066;1,415283799;0
4541;10;26,76858582;42,66666667;11,00067728;5,185240746;1,751486465;1,801718354;0
4542;10;25,92202474;34,16666667;9,591322734;5,186955929;1,410148492;0,946150184;0
4543;10;10,78366943;12,33333333;9,692196849;5,187592983;1,037482119;0,271803856;0
4544;15;12,51325887;59,5;8,55866862;5,188151836;2,901495479;4,707417488;0
4545;15;42,26711494;42,66666667;9,89944587;5,188340187;2,358541081;3,540480137;0
4546;15;54,44474067;66;10,99752423;5,188460827;2,698407273;5,659643054;0
4547;15;38,7633036;72;9,818981016;5,192890644;2,927619823;5,233243823;0
4548;10;38,97161075;60,16666667;8,761699955;5,192965984;1,865141007;2,713622689;0
4549;10;44,52024111;52,33333333;9,5887796;5,194554806;1,912015544;2,75129652;0
4550;15;39,58885474;64,16666667;8,44583448;5,194795132;2,4712789;4,052723289;0
4551;15;37,1982389;49,5;9,373507935;5,195011616;2,503114614;3,576517344;0
4552;15;7,290983998;12,83333333;13,14500236;5,195508003;1,025748039;0,337931275;0
4553;15;34,77452912;63,83333333;10,25574874;5,195858479;2,635970639;4,71459198;0
4554;10;13,18296252;9,333333333;8,950297882;5,196709156;1,094853589;0,275683165;0
4555;10;46,84759268;79,66666667;9,097973635;5,196751595;2,387419298;4,455259442;0
4556;10;26,24360058;37,83333333;8,703038467;5,198777676;1,338641874;1,075355649;0
4557;10;51,12618104;82,5;8,231781592;5,199422836;1,421581723;2,904986739;0
4558;10;8,37984806;10;7,84719464;5,199426174;0,977465304;0,165452242;0
4559;10;16,23808466;20,66666667;10,83603486;5,202039242;1,267802659;0,619970798;0
4560;10;12,94100755;20,16666667;8,676270314;5,202190399;1,343096111;0,339187622;0
4561;10;31,53272044;44,66666667;10,52757934;5,202475548;1,945088503;2,293884873;0
4562;15;29,62222631;55,33333333;9,646987999;5,202675343;2,226127485;3,155173302;0
4563;10;25,22125356;37,33333333;8,838355879;5,203054905;1,258534709;1,075855255;0
4564;15;38,84583199;71,83333333;9,796665397;5,205374241;2,357350432;4,142696738;0
4565;10;27,41614443;34;10,18642939;5,205504417;1,4733126;1,434586525;0
4566;15;37,02558913;58,66666667;9,30060174;5,206041336;2,171198707;3,379185796;0
4567;15;20,84382063;37,16666667;9,811103493;5,207684517;1,257865517;1,230898023;0
4568;10;53,69137;88,16666667;8,739574742;5,208984375;1,737775422;3,636386991;0
4569;10;32,34352195;34,83333333;9,503333112;5,209599018;1,67361813;1,618586063;0
4570;10;22,6102061;38;10,05173682;5,210544109;1,120032292;1,000516534;0
4571;10;25,73559617;29;10,00271384;5,210968018;1,34740911;1,018582225;0
4572;10;24,09332222;33,16666667;11,17775398;5,213456631;1,62744237;1,375097394;0
4573;10;12,56034587;14,66666667;8,375315634;5,214167118;1,021396854;0,096936822;0
4574;15;50,09965366;59,16666667;9,208664397;5,214959621;3,133788045;5,514080763;0
4575;15;42,42328934;72;8,994226353;5,215190411;3,624784465;6,747719646;0
4576;10;5,441750027;5,666666667;8,6716026;5,215507984;1,000769016;0,008900166;0
4577;15;42,30380819;83,16666667;9,151507908;5,216108322;3,698844325;7,423278332;0
4578;10;5,74013825;7,166666667;8,843557763;5,216992855;1,005688961;0,077618599;0
4579;15;36,8856523;39,33333333;13,47942265;5,217061043;2,799398588;4,506149888;0
4580;15;27,40688108;54,5;10,10332074;5,217381477;2,652530414;4,048606634;0
4581;10;11,42237867;15,33333333;11,78669443;5,220647335;1,248778337;0,396647692;0
4582;15;16,79093786;33,16666667;7,161949315;5,220668793;1,471920437;1,156420708;0
4583;15;27,23249966;34,16666667;9,275543485;5,221207619;1,506939548;1,44742012;0
4584;10;15,15777218;17,66666667;8,029354982;5,221970081;1,276469816;0,514467478;0
4585;10;5,75062988;6,5;9,641238096;5,222321033;1,119961942;0,060823679;0
4586;10;15,69832877;24,16666667;11,23639683;5,222357273;1,557113981;1,00519979;0
4587;15;40,31350792;46,5;9,21127864;5,222813606;2,086652904;2,96049273;0
4588;15;47,82385922;69;9,816122384;5,226530075;3,267510785;6,089415193;0
4589;10;18,65239312;36;11,04724619;5,228049755;1,398046347;1,185170531;0
4590;10;14,25461406;20,83333333;9,960545104;5,228324413;1,077368857;0,285852313;0
4591;15;47,58960993;58,5;8,928532492;5,229271889;2,848257557;4,962809682;0
4592;10;34,87845203;57,45901639;8,284171529;5,2297225;1,815642957;2,459381819;0
4593;10;11,27885256;14,5;8,298622936;5,229939461;1,185816136;0,371960282;0
4594;10;7,533300953;8,5;10,64297735;5,231711388;0,944932753;0,11230588;0
4595;15;46,50903939;74,33333333;10,24276434;5,232685566;3,683774157;7,389179587;0
4596;10;6,304026893;15,16666667;8,41390305;5,232804298;0,778263808;0,215533733;0
4597;15;35,53827;48,5;9,319434502;5,233486176;2,330117802;3,397165895;0
4598;10;9,635406438;12,5;10,23697378;5,234051704;1,007071479;0,069042921;0
4599;10;16,70915259;23,16666667;8,286357012;5,234187126;1,319429762;0,654188514;0
4600;10;22,67036018;32;8,802280612;5,23445034;1,066809336;0,826179504;0
4601;10;28,96939103;37,16666667;9,2984594;5,234706879;1,586690472;1,345932961;0
4602;10;13,74047814;19,83333333;8,058501412;5,235303879;1,054786329;0,264198303;0
4603;15;40,21996235;58,5;9,977862195;5,235765934;2,688818003;4,387760043;0
4604;10;5,564384702;7;8,651891572;5,236269951;0,991921124;0,042075634;0
4605;10;11,93870928;29,83333333;8,850229696;5,237067223;1,134285334;0,793485522;0
4606;15;45,13510686;60,55555556;9,667663459;5,237337112;2,954311405;3,816952109;0
4607;10;25,81464513;39,33333333;8,875866969;5,237428665;1,509945307;1,418939948;0
4608;10;29,57627644;22,33333333;9,981149888;5,238580227;1,299627515;0,812287688;0
4609;10;31,42550051;25,83333333;9,681346012;5,238636971;1,492951301;1,161274433;0
4610;10;29,40345452;43,16666667;9,949531255;5,239269257;1,4788485;1,110510707;0
4611;15;23,85620145;43,16666667;9,605720141;5,239573956;1,855370498;2,465521097;0
4612;10;12,77501512;18,66666667;5,860344997;5,240591049;1,084285981;0,42817235;0
4613;15;34,64237261;61,5;9,016772274;5,242146969;2,303444608;3,596615076;0
4614;10;26,25915127;49,5;8,403626016;5,242199898;1,391622531;1,578945756;0
4615;10;37,33622102;44,66666667;10,25636783;5,242309093;1,7319393;2,052419066;0
4616;10;10,97718687;69;8,521264432;5,243254185;1,956231934;3,182708263;0
4617;10;28,62600471;44,66666667;10,35952768;5,243402958;1,539153625;1,715699315;0
4618;15;22,24990923;45,16666667;11,15306239;5,243806839;1,690318165;1,991106153;0
4619;15;32,9114449;88,83333333;10,63002028;5,24439621;4,712255695;10,12767196;0
4620;10;12,41444804;16;9,048327976;5,244639397;1,040640985;0,320137024;0
4621;10;27,19536184;45,66666667;9,116635566;5,245036602;1,456169131;1,519638538;0
4622;15;39,6143301;76,5;9,933780748;5,247032642;3,150350191;5,999232292;0
4623;15;48,96440153;92,55555556;9,300432854;5,247164249;3,024205031;5,024802923;0
4624;10;31,08829101;34;8,680814126;5,247668266;1,447552946;1,32204318;0
4625;15;19,31036916;35,5;8,849367267;5,247940063;1,306077841;1,184241891;0
4626;15;48,25378911;92,66666667;9,423263025;5,248232365;4,117733006;9,147468805;0
4627;15;43,17444856;47,83333333;9,831354693;5,250761032;2,506955432;3,831391215;0
4628;10;9,124123608;10,5;10,17624535;5,250972271;1,079386568;0,217600346;0
4629;10;21,53718015;19,83333333;8,530669076;5,251599789;1,292225964;0,594060779;0
4630;15;48,49851689;60,33333333;9,629626517;5,252491474;2,865684265;5,185251117;0
4631;15;16,09626934;23,66666667;6,214431265;5,252594948;1,274254539;0,746310353;0
4632;10;19,06428077;25,16666667;8,779591251;5,253897667;1,32701891;0,791718364;0
4633;10;6,263983862;8,166666667;10,03295363;5,25477314;1,067016791;0,183903098;0
4634;10;30,30825679;44,66666667;10,58074017;5,254784584;1,389731932;1,575110197;0
4635;10;31,36318774;52,33333333;10,3298245;5,254918575;1,66303525;1,859274507;0
4636;15;45,17236391;75,16666667;9,363937154;5,25618124;2,958206411;5,682771802;0
4637;10;16,64454828;14,33333333;9,920113179;5,262360573;1,156404893;0,441126108;0
4638;10;8,791324079;11,83333333;9,726302141;5,263630867;1,02416443;0,059624434;0
4639;10;26,35334604;29,16666667;9,101460005;5,263940334;1,360574416;1,041444778;0
4640;15;33,82584743;71,83333333;9,778356144;5,264022827;2,638473522;4,376739621;0
4641;15;42,03005201;49,83333333;8,718559781;5,265666962;2,226384288;3,376714468;0
4642;15;41,63809531;55,66666667;10,69360839;5,267063618;2,077707081;3,487801671;0
4643;15;35,96286469;56,83333333;9,198189471;5,26758194;2,161540308;3,325740814;0
4644;15;32,02861062;58,33333333;7,935506526;5,26776123;2,299564241;3,96372056;0
4645;10;11,04248562;18,33333333;7,266536262;5,267795086;1,026479762;0,359595776;0
4646;10;18,83878203;27,5;9,787314945;5,269721508;1,205364838;0,706364751;0
4647;10;20,21656484;16,66666667;8,523612157;5,27064991;1,440849463;0,660924792;0
4648;10;34,69843913;49,66666667;8,540832935;5,272243977;1,63061536;1,941463709;0
4649;10;14,1573127;19,83333333;10,02928125;5,273523808;1,033998609;0,514822841;0
4650;10;41,59627838;63,16666667;10,76939844;5,275010109;2,893059814;4,873502135;0
4651;15;45,55358759;52,5;9,394022232;5,276082039;2,635540714;4,303725481;0
4652;15;34,52634837;56,66666667;7,2948117;5,27678299;2,072694089;3,043237567;0
4653;10;10,35084532;13,66666667;9,91482615;5,277460575;1,096053718;0,289902091;0
4654;10;27,86843472;32;8,502812364;5,278819561;1,300373288;1,091253281;0
4655;10;28,3403956;31,16666667;10,5575645;5,282207012;2,521043225;2,039255738;0
4656;15;32,21544558;46;11,26643519;5,282375336;2,292230574;3,450588107;0
4657;10;15,56663411;11,66666667;11,49499723;5,283536434;1,176093771;0,476887107;0
4658;10;16,88311181;16,5;9,928510347;5,28493309;1,045990117;0,353959322;0
4659;10;30,29831173;47,5;10,526837;5,285108089;1,690373363;1,978934288;0
4660;10;25,62440901;47,33333333;8,15527463;5,286980629;1,335640938;1,47935605;0
4661;10;5,013701724;5,5;8,601308818;5,288081646;1,000834405;0,018146992;0
4662;10;35,82112454;55,83333333;8,259585334;5,288845062;2,096472434;2,867512584;0
4663;10;6,945405122;8,166666667;7,484470167;5,289032459;1,004979063;0,104863167;0
4664;15;22,51871593;60,33333333;8,175327677;5,289060593;2,018588659;2,980554342;0
4665;10;16,99970277;44;8,780036591;5,290045738;1,787937781;2,214912176;0
4666;10;16,66824659;27;7,124434158;5,290563583;1,11221965;0,686916113;0
4667;10;36,15659865;63,66666667;10,5937227;5,290913582;2,511752126;4,424587369;0
4668;10;10,82514793;15,33333333;12,62070874;5,291628361;1,08994413;0,613216043;0
4669;10;17,60950988;23,33333333;10,58939604;5,29527092;1,804665295;0,957930803;0
4670;10;32,24032293;36,66666667;10,79512728;5,295683861;1,561703833;1,554997563;0
4671;15;41,14935062;51,33333333;9,404894148;5,295795441;2,180255623;3,235358953;0
4672;10;33,81956916;33,33333333;9,483733073;5,29632473;1,602738879;1,472913623;0
4673;10;5,541440283;5,5;11,95865652;5,296864986;0,986134882;0,028742313;0
4674;10;23,43116467;37;7,455599153;5,29703474;1,171213441;1,001078963;0
4675;10;15,30415049;27,5;10,63123953;5,29718399;1,043666261;0,148453116;0
4676;15;14,91506107;59,83333333;8,97378717;5,298285961;2,687432814;4,418053031;0
4677;10;22,29666803;21,66666667;8,641508441;5,299313545;1,282144211;0,792479277;0
4678;15;31,96518967;71,83333333;9,862383908;5,300686359;3,583157861;6,897863626;0
4679;10;15,77469217;14,33333333;8,527044571;5,30109024;1,175045861;0,414501548;0
4680;10;6,005545572;5,333333333;14,11160966;5,301105022;1,009183748;0,158121109;0
4681;15;35,26565714;65;9,308877325;5,301156998;2,488499257;4,102306604;0
4682;15;20,77412797;46,83333333;9,776313612;5,301226139;2,028363956;2,476453662;0
4683;15;40,32082134;56;9,586496201;5,30196619;2,510551772;3,983046532;0
4684;10;15,28238765;30,16666667;9,477240333;5,302235126;1,345364764;1,028265119;0
4685;15;32,67385574;42;8,672093302;5,303593159;1,964470273;2,403676867;0
4686;10;7,955342457;6,5;9,969497467;5,303936958;1,036279963;0,096850991;0
4687;10;15,86794479;15,6;8,624132853;5,304203033;1,13528656;0,357598662;0
4688;15;36,58726046;67,16666667;9,727734266;5,304299831;2,361862697;4,050484657;0
4689;10;17,61595054;19,5;8,251046174;5,304388523;1,398253214;0,65538156;0
4690;15;11,46011886;8,5;8,818220256;5,304587364;1,036672875;0,37063086;0
4691;15;29,33404025;55;9,55811257;5,304824829;2,58390364;4,15687263;0
4692;10;7,009724181;8;9,413380219;5,304982662;1,025535321;0,091560602;0
4693;15;4,490281364;6;10,03143851;5,306602955;1,000679017;0,036358476;0
4694;10;29,04096715;35,33333333;9,458707184;5,306619644;1,516490685;1,380905867;0
4695;10;14,78432156;19;7,978835428;5,307948589;1,109812744;0,458533525;0
4696;10;30,39746254;62,16666667;8,059367213;5,309232712;2,274847801;3,363429308;0
4697;10;24,12525182;30,33333333;9,387936064;5,309459209;1,520270489;1,130824566;0
4698;10;12,4025785;63;9,157172714;5,309931278;2,186995194;3,365993261;0
4699;10;6,57618714;7,5;12,75950608;5,3103652;0,640295637;0,053745508;0
4700;10;10,46263122;13,33333333;8,740869749;5,311251163;1,206244619;0,327331185;0
4701;15;40,37851203;75,83333333;8,252020415;5,31139183;3,224102033;6,177894473;0
4702;15;35,33605897;57,33333333;8,827841145;5,312435627;2,396005942;3,595439911;0
4703;10;22,53323133;29,16666667;9,966523215;5,314544201;2,142602808;1,563794613;0
4704;10;24,25258853;31;9,684761555;5,314555168;1,600223365;1,096579075;0
4705;10;28,73279328;38,83333333;10,48514297;5,314605713;1,503292765;1,501954198;0
4706;15;14,10698928;67,83333333;9,01271125;5,314937592;2,722360805;4,578205347;0
4707;10;26,34737876;29,83333333;9,416342435;5,318735123;1,440531236;1,132060885;0
4708;10;29,08315363;48,83333333;8,78788908;5,320193291;1,175344635;1,712340117;0
4709;10;7,305599793;6,166666667;10,63390585;5,32057476;1,047708501;0,107892394;0
4710;10;22,99864386;57;8,074767164;5,320653915;1,856089453;2,576981068;0
4711;15;31,80033865;58,66666667;10,55357148;5,320892334;2,921268775;4,900042057;0
4712;10;6,404217774;7,166666667;7,340980606;5,321852684;1,220163206;0,098749757;0
4713;10;9,574525267;7,5;11,54245099;5,322359562;1,057609498;0,234680772;0
4714;15;46,01745371;74,83333333;9,861729342;5,322667122;4,064163866;8,083774924;0
4715;10;5,349740256;5,333333333;10,89651712;5,322724342;0,63533503;0,02376461;0
4716;15;42,7702661;62,33333333;9,791015091;5,323901653;2,633297044;4,682108283;0
4717;15;39,08155636;42,5;9,138992113;5,325178146;2,082914188;2,755850315;0
4718;10;10,54920811;15,83333333;8,956997887;5,325597286;1,007926593;0,089123011;0
4719;15;29,40618966;55,33333333;8,421466672;5,327165127;2,244698422;3,175141215;0
4720;15;10,48977724;14,33333333;10,00998405;5,327332973;2,471259849;0,794369817;0
4721;10;9,492154513;11,33333333;10,32811137;5,327831268;1,052277838;0,271664143;0
4722;10;20,30712103;35,83333333;9,678940742;5,332035542;1,347538063;1,129021168;0
4723;10;16,89921736;30,16666667;9,220466556;5,333433628;1,496253717;1,25761044;0
4724;10;7,691625624;5,166666667;10,30149431;5,334051132;0,609091876;0,010922313;0
4725;10;5,026369929;5,5;11,30164614;5,334329605;1,000126289;0,015107751;0
4726;15;31,28007234;55,16666667;9,807723906;5,33447361;2,766144211;4,551562786;0
4727;10;11,48986928;17,33333333;7,657967749;5,334535599;1,039697945;0,36922574;0
4728;10;24,05483217;33,66666667;10,18620883;5,334728718;1,313967004;1,099235654;0
4729;15;42,56575051;56,11111111;10,45759489;5,335538387;2,851513908;3,624012947;0
4730;15;39,01069341;68,5;8,944028385;5,335866451;2,262762413;4,075344205;0
4731;15;29,85847345;74,16666667;8,390063827;5,336146355;3,169888042;5,899172187;0
4732;15;32,4868955;46,66666667;10,64479272;5,336192131;3,291493696;4,646261334;0
4733;10;9,939257864;12,5;7,912351388;5,33634901;1,089799258;0,283879161;0
4734;10;41,50433704;55,33333333;8,458682293;5,336646557;1,818125662;2,623310566;0
4735;15;32,10179065;53,66666667;9,088908604;5,33716917;1,757557619;2,555609941;0
4736;15;29,98012594;34,16666667;10,91931758;5,339677811;3,844317875;4,3745929;0
4737;15;52,09299859;71,33333333;8,972370838;5,339915752;3,058768128;6,142164469;0
4738;15;32,39617307;59,33333333;10,48308091;5,33993578;2,861245041;5,093795061;0
4739;15;30,63044595;70,33333333;10,18278161;5,340310574;3,122890547;5,770690322;0
4740;10;20,11229709;42,5;8,357082074;5,340493679;1,600160036;0,760047793;0
4741;10;6,121998611;5,666666667;9,567371202;5,340549946;1,285194335;0,018283725;0
4742;10;27,13043461;35,88888889;8,991368648;5,342156887;1,360103963;0,983628511;0
4743;10;17,99466166;36,66666667;8,710152453;5,343915462;1,130041022;0,45872736;0
4744;15;43,5195163;65,66666667;10,18160415;5,344157219;2,822562902;5,234100223;0
4745;15;17,80033884;40,83333333;5,746358224;5,344745636;1,156851168;1,12477529;0
4746;10;4,639687013;5;13,92793065;5,345029354;1;0,000108957;0
4747;15;26,56217047;51,5;9,934912493;5,345600128;1,384880838;1,825680137;0
4748;15;45,25773283;70,66666667;9,621515266;5,345602036;3,273690702;6,126315475;0
4749;10;6,570355221;7,833333333;10,06780328;5,34621191;1,010665936;0,091732383;0
4750;10;24,04833219;26,33333333;8,420405469;5,346611977;1,363375485;0,877246737;0
4751;15;38,59260699;77,5;9,869816123;5,346633434;3,385772181;6,580418468;0
4752;15;34,01696438;62,16666667;9,273618627;5,347520828;2,123630394;3,393279433;0
4753;10;10,25892392;9;8,536203279;5,347999573;1,106688403;0,198223114;0
4754;10;14,99470196;23,66666667;10,10415276;5,34816885;1,111484067;0,367128253;0
4755;15;34,406732;63,66666667;10,7369075;5,351541042;3,273758628;6,177204132;0
4756;15;43,36999029;77,33333333;9,041791592;5,351655006;4,210168324;8,392106175;0
4757;10;19,34737827;33;8,255505316;5,351708412;1,191529154;0,788517237;0
4758;10;21,74376584;24,16666667;9,081305632;5,353001595;1,294800373;0,787852049;0
4759;10;5,050509428;5,5;8,08305844;5,353261948;0,848722912;0,01427114;0
4760;10;10,86866008;50,33333333;8,256981731;5,353601456;1,644784299;2,129537344;0
4761;15;38,81866482;52,83333333;9,248460098;5,353824615;2,198506625;3,454267979;0
4762;15;34,69013726;58,83333333;9,029686872;5,354650974;2,175911388;3,443850636;0
4763;10;15,88076387;21,83333333;9,602823796;5,355596542;1,154850678;0,581875801;0
4764;15;46,56519633;48,5;10,18450843;5,356483459;2,477587526;4,202297926;0
4765;10;16,06241182;15,33333333;11,14520862;5,356575012;1,472071205;0,669358134;0
4766;10;12,12239058;12,33333333;11,46327268;5,357646465;1,065715255;0,35513103;0
4767;10;16,81750957;23,16666667;8,773637689;5,357803345;1,168161839;0,630082607;0
4768;10;7,946161496;11,5;9,342093073;5,358103275;1,069230661;0,24248004;0
4769;10;14,95340964;23,16666667;9,871152715;5,360013008;0,575247543;0,285164237;0
4770;10;5,461321565;5,833333333;9,30483389;5,360224247;0,926449281;0,036364198;0
4771;10;12,27736014;16,33333333;7,128641096;5,361703873;1,074870736;0,198377609;0
4772;15;34,20766467;64;9,806034565;5,361902237;2,866040023;4,765943766;0
4773;15;48,36743189;71;9,766182123;5,363280773;3,526930335;6,979591608;0
4774;15;38,07156143;60,16666667;10,14157502;5,363905907;2,264054242;3,821774483;0
4775;15;25,27211068;20,5;9,209841673;5,365511417;1,35485765;1,090686321;0
4776;15;4,740518847;7,666666667;10,84105361;5,366997719;0,909793879;0,069856882;0
4777;10;5,492151685;6,666666667;12,49481096;5,36790514;0,97585245;0,044996142;0
4778;10;16,77338449;25,33333333;8,040551394;5,369033337;1,441148591;0,755104184;0
4779;10;21,27691837;41,33333333;9,120519274;5,369662762;1,620499684;1,780061483;0
4780;10;41,46206626;69,83333333;10,86098134;5,369764805;2,467621113;4,637357593;0
4781;10;25,38271755;34,83333333;7,564760787;5,370459557;1,481816014;0,994010329;0
4782;10;23,37465026;30,16666667;7,42649952;5,370504856;1,050973861;0,850784302;0
4783;15;28,10447171;43,66666667;9,311327149;5,370697975;1,651770658;1,629237533;0
4784;10;13,83129696;11,66666667;9,745204349;5,372596264;1,042728034;0,34855938;0
4785;15;29,02575686;50;7,620859736;5,374219894;1,720704716;2,237564087;0
4786;15;42,29736498;79,16666667;8,25077437;5,374905586;1,866200792;3,733478427;0
4787;10;22,05662427;36,16666667;11,20413772;5,375837803;1,086186864;0,989104867;0
4788;15;38,96946308;63,83333333;9,123453614;5,37600565;2,374742357;4,041138053;0
4789;10;43,2467231;55;10,05675314;5,377541065;1,829713744;2,293886304;0
4790;10;14,57036206;9,833333333;10,18517958;5,378124714;1,105931123;0,272634745;0
4791;10;14,42293173;19;10,40358654;5,378484726;1,087570774;0,219097733;0
4792;10;25,89277996;39,66666667;8,253844216;5,379963398;1,391608563;1,277338266;0
4793;10;31,47631268;46,66666667;7,434868585;5,379968643;1,657728783;1,865114331;0
4794;10;38,98025475;50,66666667;8,962454218;5,380164146;1,693198341;1,872141361;0
4795;15;35,42987947;46,16666667;9,343884996;5,381677628;1,760583707;2,51307404;0
4796;10;33,73810696;41,5;9,790583805;5,381914139;1,774745601;2,062542319;0
4797;15;44,09802861;90,5;8,262161118;5,38225317;1,919127911;4,278245687;0
4798;15;5,914580045;6,5;10,17114867;5,382372379;0,912634812;0,06634891;0
4799;15;31,86549944;43,66666667;9,58893115;5,383301258;2,336303037;3,644616365;0
4800;15;49,13134834;65;9,18715842;5,383836746;2,796009977;5,147546291;0
4801;10;29,99436227;40,33333333;9,370743183;5,384284019;1,525211057;1,644661427;0
4802;15;40,70543241;69,83333333;8,972547865;5,385133743;2,993283676;5,550403714;0
4803;15;35,99797409;76,66666667;9,418738972;5,385929585;3,092876658;5,893078685;0
4804;10;31,59522946;30,5;9,583629433;5,386464596;1,641099714;1,409133315;0
4805;10;32,64677352;48;10,41178399;5,386723518;1,749074659;2,548339725;0
4806;10;30,21744303;39;9,568801826;5,387181759;1,486774864;1,512843847;0
4807;15;11,17076647;64,66666667;8,398670181;5,38791275;2,636908208;4,210194468;0
4808;10;32,28033733;53,66666667;8,695758247;5,387990475;1,884434257;2,323424935;0
4809;10;9,878018511;10;10,09748399;5,389005661;1,071459436;0,211864829;0
4810;15;41,94749982;74,5;9,152259517;5,389554501;3,289975893;6,555074215;0
4811;15;27,95717347;62,33333333;8,892655363;5,390054703;2,171920485;3,365892172;0
4812;10;11,85366829;12,77777778;9,475067302;5,391211987;1,096617025;0,235946536;0
4813;10;40,99942235;60,5;9,825251277;5,392883301;2,021908903;3,182741284;0
4814;10;40,14906158;47,16666667;8,674963637;5,394370079;1,990805724;2,461474419;0
4815;15;31,10676176;68,33333333;8,723335563;5,395213127;2,050371373;3,450611353;0
4816;10;10,60047787;19,16666667;7,209290951;5,395393372;0,974831188;0,373921633;0
4817;10;39,35316464;54,66666667;8,448120614;5,395467281;1,961185727;2,752220154;0
4818;15;23,01662297;59,66666667;8,814515126;5,395881176;2,187040675;3,535156727;0
4819;10;25,24717707;44,83333333;8,183045593;5,398384571;1,419545215;1,522842884;0
4820;10;4,854822428;5,166666667;9,942386569;5,398675442;0,998962185;0,009911656;0
4821;10;39,0092236;69,83333333;9,873961103;5,398982525;2,262657428;4,014779449;0
4822;10;9,842587032;12,66666667;10,9590423;5,39900589;0,764285625;0,197329402;0
4823;10;28,97953697;34,16666667;9,424370791;5,399596214;1,48214948;1,41222167;0
4824;10;23,44134174;29,66666667;10,28994605;5,399999142;1,423722019;1,115692377;0
4825;10;27,86703239;43;8,66716795;5,400334835;1,935015088;2,007047176;0
4826;10;9,360697424;12,16666667;9,682188294;5,400769234;1,441755114;0,157459021;0
4827;15;6,346081195;10,33333333;10,74736868;5,403356552;1,008227665;0,058488965;0
4828;15;30,46041502;46,33333333;9,117569855;5,40364933;1,801746434;2,35588932;0
4829;10;43,16250731;51,66666667;8,664132178;5,404565334;1,680840842;2,373502254;0
4830;15;8,538485591;44,83333333;8,379998933;5,404759407;1,670094091;1,886730552;0
4831;15;20,46659957;57,16666667;8,327047314;5,405540943;2,488067351;4,198153853;0
4832;10;24,76494702;34,33333333;7,950135325;5,406518936;1,054834039;0,447516203;0
4833;15;50,91507692;88,33333333;8,409955391;5,407384872;2,666479765;6,167795897;0
4834;10;5,713894235;5;12,95427511;5,408078671;0,708078606;0,034124255;0
4835;10;30,55576544;38,33333333;7,937689308;5,409282207;1,475724489;1,491620779;0
4836;15;35,47791056;60,66666667;10,1048022;5,410512924;2,89311075;5,369407415;0
4837;10;12,16910086;11;9,489009947;5,411625385;1,094341003;0,299082875;0
4838;15;11,51644843;21,16666667;8,284623129;5,412199974;1,032690754;0,501295447;0
4839;15;42,54258767;77,33333333;9,963193056;5,412474155;3,765370613;7,587441921;0
4840;10;35,9876952;70;7,494674422;5,412992001;1,325960788;2,253230214;0
4841;10;34,03299777;61,16666667;9,628084949;5,41353941;2,256697192;3,120008111;0
4842;15;47,73230299;65,33333333;9,216216122;5,413946629;2,865790395;5,474912882;0
4843;10;6,726700983;7,5;8,164639318;5,414139271;1,033590205;0,10163331;0
4844;10;37,18968228;56,5;10,21517198;5,414464474;1,959522001;2,862648606;0
4845;15;13,0676375;9,833333333;11,62074346;5,415698528;1,127168915;0,510694742;0
4846;10;38,13926365;54,5;8,240603402;5,415791988;1,433974817;2,010769248;0
4847;10;17,33213615;22;9,071189348;5,415821552;1,368843389;0,748351216;0
4848;10;14,29611226;15,33333333;8,987589352;5,415897846;1,028519794;0,473258853;0
4849;10;35,50215646;40,33333333;9,89059152;5,416136265;1,849301616;2,082723379;0
4850;10;19,9759436;32;11,23898678;5,416174889;1,567615261;1,32378304;0
4851;15;30,64852517;82,5;9,750401143;5,416953564;4,354895506;9,076883912;0
4852;10;21,42731058;39,5;10,47152512;5,417721272;1,347396045;1,308171868;0
4853;10;20,23045086;26,5;12,34124514;5,418093204;1,081970658;0,478861928;0
4854;10;31,48397171;59;7,856697253;5,41909647;1,766667801;2,481462717;0
4855;10;29,81279279;33,83333333;10,0115627;5,420165062;1,514977001;1,44410181;0
4856;10;18,59783807;32,33333333;8,631564067;5,421323299;1,678768359;1,444413662;0
4857;15;36,23524973;53,83333333;10,20722361;5,422544479;2,525895498;4,29484117;0
4858;15;36,38193626;43,83333333;10,39193291;5,422561646;2,227447893;3,129213929;0
4859;15;9,79649513;23,66666667;9,668585863;5,424298286;2,430740727;1,449011683;0
4860;10;6,436493183;7,5;11,49628464;5,425776958;0,840981716;0,090558887;0
4861;15;29,96139437;64,5;8,24376475;5,427189827;1,996987681;3,145148873;0
4862;15;34,67449446;63,66666667;9,350831508;5,427251816;2,616994141;4,376999974;0
4863;10;28,54289703;22,83333333;12,96239102;5,427949429;1,261343628;0,845028043;0
4864;10;34,45341703;59,5;7,913642629;5,42880106;1,651287839;2,205244064;0
4865;10;28,78195295;37,66666667;7,653726937;5,430007935;1,570713988;1,553736448;0
4866;10;8,242630008;8;7,57812435;5,430046558;1,030739731;0,145793438;0
4867;10;7,156808522;7,666666667;8,619012993;5,430539131;1,015420323;0,099410892;0
4868;15;43,13933948;68,66666667;9,726456424;5,430641174;2,675384856;5,052909374;0
4869;10;6,800225671;23,16666667;9,252040189;5,431732655;1,175825759;0,713570952;0
4870;10;19,01233542;26,66666667;7,149481507;5,433523655;1,233377829;0,831877708;0
4871;15;46,17321074;92,16666667;9,769673875;5,433825016;3,928745892;8,948045611;0
4872;15;41,13607549;70,16666667;8,422409872;5,433925629;2,580515697;4,833934784;0
4873;15;29,88577589;49;8,642583753;5,434152603;1,903494599;2,633073926;0
4874;10;19,65397554;22,5;9,700174822;5,435374737;1,195888153;0,599266887;0
4875;10;12,38725733;14,5;9,423225029;5,436089993;1,066448055;0,230984688;0
4876;10;22,34229027;38,33333333;7,511739255;5,436686993;1,485575512;0,865856051;0
4877;10;21,81651516;35;10,19541074;5,439000607;1,226575911;1,238844872;0
4878;#N/A;6,17822877;18,66666667;12,18411141;5,43983078;0,570540449;0,203534007;0
4879;10;10,54323973;10,83333333;8,588622993;5,441930771;1,044169378;0,146937847;0
4880;10;23,62255312;36,16666667;9,622292565;5,442945957;1,014279857;1,054607868;0
4881;10;7,924399536;12;9,083421432;5,444841862;1,012560287;0,050965428;0
4882;10;22,65140564;62,66666667;8,534291204;5,445558548;2,045990309;3,263990641;0
4883;10;31,52455116;57,33333333;8,745843241;5,446184158;1,426716335;1,913658738;0
4884;10;18,34336223;23;9,571619411;5,447266579;1,259674283;0,754359245;0
4885;15;32,84695321;70,16666667;8,969754912;5,447332859;2,859003716;5,081232786;0
4886;10;17,0685861;18,83333333;8,928104132;5,447402477;1,259000356;0,576478243;0
4887;15;36,37412715;70;9,05154755;5,448597431;2,133336964;3,791446805;0
4888;10;47,41404134;69,83333333;9,297293041;5,44901228;2,022006299;3,630145907;0
4889;15;34,85533637;60,83333333;8,364004186;5,449569225;1,819369594;2,929158568;0
4890;15;19,22092849;23;11,25496529;5,450549126;1,383092427;1,52305162;0
4891;10;36,37978931;51,83333333;10,39341475;5,451907635;2,014855665;2,844699025;0
4892;10;41,07273594;83;8,531742287;5,452889442;2,230090855;4,502332568;0
4893;15;3,289395319;5,166666667;13,05461019;5,453548431;0,918979465;0,004800439;0
4894;10;9,345804861;9;10,39451227;5,455727577;1,093235711;0,193249345;0
4895;10;26,77856587;34,66666667;11,72390468;5,455965042;1,391887265;1,324664116;0
4896;15;24,25015271;86,33333333;9,118139659;5,457221031;2,113252742;4,526684761;0
4897;15;33,10127666;62,83333333;9,053134552;5,457254887;2,379744523;3,711053491;0
4898;10;32,93950507;58,5;9,404743768;5,457550526;1,656688739;2,234163761;0
4899;15;36,75064385;87,16666667;9,598447113;5,458510876;3,798525087;8,227374554;0
4900;10;26,6212129;20,83333333;11,31732639;5,46049118;1,343485554;1,001512885;0
4901;10;9,737060643;13,16666667;11,2106344;5,460562229;1,07484174;0,373244166;0
4902;15;40,65924874;71,83333333;11,03048423;5,460692883;3,191986084;6,210398316;0
4903;10;27,32832685;38,66666667;9,421893306;5,460747242;1,449388614;1,224787831;0
4904;15;30,70550311;69,16666667;7,588721143;5,460977077;1,673567119;2,734863997;0
4905;15;31,62880362;55,83333333;8,534674176;5,461271763;2,092713826;3,137923717;0
4906;10;28,02055089;38,16666667;9,138641155;5,46262598;1,475004504;1,386275291;0
4907;10;38,21580203;41,33333333;8,621870198;5,463548183;1,693992085;1,878237367;0
4908;10;37,00276263;51,83333333;9,002640755;5,463624001;1,751682926;2,287825704;0
4909;10;27,08200413;49,5;8,457610574;5,463698387;1,164824037;1,37176764;0
4910;15;21,2212212;38;9,40584204;5,464447975;1,474771543;0,763226032;0
4911;10;23,70080541;38,5;9,818965603;5,46491003;1,313958749;1,074734688;0
4912;10;10,78461289;10,33333333;9,054465241;5,466281891;1,035027853;0,204371214;0
4913;15;17,56059074;19,16666667;10,24912604;5,466470718;1,215654144;0,982354164;0
4914;15;47,15145941;52,83333333;11,04940333;5,467783928;2,90423936;5,474047899;0
4915;10;21,67598827;24,83333333;9,324381702;5,469266891;1,286377471;0,884536982;0
4916;15;33,51375036;68,83333333;9,32160223;5,469317913;2,44531219;4,300964952;0
4917;15;36,62857909;48,16666667;10,51202424;5,469445705;1,364061389;2,090633392;0
4918;15;30,55188664;74,5;10,70106437;5,469625473;3,275237153;6,547513008;0
4919;15;40,21399666;56,33333333;9,241754068;5,470950603;2,358546292;3,827985644;0
4920;15;44,41930304;81,83333333;11,24460054;5,471231937;4,420566941;9,218719125;0
4921;10;21,88952176;24,66666667;8,1055766;5,473041534;1,5841416;1,018719673;0
4922;10;32,11511089;62,5;11,39661244;5,473941803;1,845615475;2,91810286;0
4923;10;24,52261654;32,16666667;9,147253692;5,474703789;1,309547306;1,150129199;0
4924;10;26,52939715;42,16666667;10,32028117;5,474933147;1,871470238;2,002620339;0
4925;10;16,12887992;22,5;9,429758393;5,475824833;1,135556987;0,574207783;0
4926;10;29,34233415;53,16666667;10,2040972;5,476691723;2,058300113;2,489750266;0
4927;15;33,12545713;72,66666667;11,37157115;5,477014065;3,681807396;7,324638247;0
4928;10;24,36422789;39,33333333;9,170844482;5,477148533;1,431666895;1,551020861;0
4929;10;31,41128721;42,83333333;8,205883542;5,479544163;1,653775881;1,782625556;0
4930;10;15,32451765;27;9,709148117;5,479706287;1,205793476;0,4798733;0
4931;15;31,92800926;27,33333333;8,401417456;5,480808258;1,46484072;1,432331681;0
4932;15;40,82645447;65,5;9,205636014;5,482571125;1,720797935;3,170299053;0
4933;10;27,92142772;35,83333333;7,781828149;5,483348846;1,422245226;1,303142905;0
4934;15;29,57832427;94,5;9,991791312;5,483469009;4,01300193;9,359271407;0
4935;15;42,71219041;44,33333333;8,674414632;5,483778477;2,046988746;3,05635941;0
4936;15;44,16962325;59,33333333;9,501616466;5,48461628;2,511451401;4,598484278;0
4937;10;7,166523145;20,5;8,880407889;5,484740734;1,036749037;0,108792424;0
4938;10;15,64582257;20;9,245739666;5,486436844;1,120793592;0,306186795;0
4939;15;5,053075203;6,5;10,70208566;5,488678932;1,001505293;0,013494968;0
4940;10;5,266524571;7,166666667;7,600831454;5,488937378;1,049178974;0,108032227;0
4941;10;44,75552867;59,16666667;10,01363142;5,489203453;2,265948704;3,819706917;0
4942;10;5,621034448;6;13,16947842;5,489315033;1,029993146;0,060966372;0
4943;10;19,63359743;21,66666667;8,264473947;5,489684105;1,26757316;0,73683393;0
4944;10;23,51067363;44,66666667;7,933514433;5,49136591;1,309776876;0,614532113;0
4945;15;37,42919937;66;10,77956548;5,493057728;2,927815083;6,135717988;0
4946;10;25,7320495;26,66666667;10,0298509;5,494359016;1,365013579;1,099612236;0
4947;15;26,54844349;66,33333333;9,058797986;5,494447708;3,127202484;5,461355686;0
4948;15;19,83282201;53,66666667;10,26030554;5,495835781;2,680277931;4,57557404;0
4949;10;14,85273929;13,5;9,845353376;5,495899677;1,095566766;0,478371978;0
4950;15;13,76907222;24,16666667;7,925991832;5,497393608;1,173179669;0,345362425;0
4951;10;13,428535;12;8,928476456;5,497862339;1,047179728;0,204354525;0
4952;10;32,82496992;43,83333333;8,907412586;5,498261929;1,674510521;1,771677971;0
4953;10;8,133178353;8;7,156752474;5,49856472;1,023723825;0,155483127;0
4954;10;15,34748359;21,83333333;9,078526083;5,501088142;1,162921991;0,506286383;0
4955;15;39,50890833;58,5;9,291300277;5,501160622;2,188750719;3,626932621;0
4956;15;41,68985142;69,16666667;10,16600709;5,501541615;3,873266603;7,639808178;0
4957;15;32,81512247;39,33333333;10,23301645;5,501945496;1,841378574;2,454716325;0
4958;10;23,40358919;25,5;9,9927714;5,502095699;1,343308522;0,973362207;0
4959;15;22,43437709;23,66666667;10,41194888;5,502794743;1,448050008;1,154130816;0
4960;10;5,806108412;5,666666667;10,21561578;5,502819061;0,99866018;0,041072011;0
4961;10;13,38657729;19,66666667;7,650061704;5,503116131;1,046895091;0,466287732;0
4962;10;15,85024143;18,66666667;8,226826485;5,503845215;1,096358109;0,513679266;0
4963;10;22,45844283;42,66666667;8,614560226;5,503878117;1,391856552;1,081130505;0
4964;15;46,28468679;74,83333333;9,688760055;5,503952026;3,796398099;7,81342876;0
4965;15;43,83595072;52,5;8,800036637;5,504072189;2,201095854;3,520621181;0
4966;15;41,7639786;45,83333333;10,59780449;5,504776955;2,522709113;4,112588763;0
4967;10;24,19782905;28;9,765081037;5,505974293;1,38980253;1,102998853;0
4968;15;36,26409112;66,5;8,867984834;5,506763458;2,756864723;4,841611385;0
4969;10;4,829469521;5,166666667;9,312103774;5,507401943;0,973821734;0,01308167;0
4970;15;46,72764806;68,83333333;9,132071919;5,508477688;3,331594228;6,465093255;0
4971;10;23,35299179;36,16666667;9,009679071;5,509195328;1,217134825;1,013860345;0
4972;15;42,23418032;58;9,238047159;5,510903358;2,337235517;4,046995163;0
4973;15;27,50012917;52,5;8,714904678;5,512315273;2,014827972;2,788600326;0
4974;10;34,02839797;35;9,706826059;5,512897968;1,572234024;1,524113178;0
4975;15;33,03402825;60,16666667;8,977344129;5,51318264;3,015183689;5,351104498;0
4976;10;50,98043524;71,83333333;7,123191024;5,513990879;1,462948239;2,787680507;0
4977;10;29,20116792;12,66666667;10,42246547;5,514104843;1,119507847;0,501923323;0
4978;10;34,26018645;39,16666667;8,905915703;5,515395164;1,56666275;1,788360238;0
4979;15;34,3768058;51,66666667;8,624381038;5,515747547;2,030313265;2,727425694;0
4980;15;45,52149766;64;9,391674885;5,516004562;2,774372758;5,189723849;0
4981;15;37,17600256;62,16666667;10,94428683;5,516196251;2,32963862;3,97793138;0
4982;10;25,12071062;40,33333333;8,214648878;5,517290592;1,313975021;1,299713135;0
4983;15;46,52508011;74;10,70112471;5,517342567;2,416544437;5,169948101;0
4984;10;20,01510613;26,5;9,145143151;5,517630577;1,259834263;0,851872802;0
4985;10;28,99485021;35,16666667;9,632394354;5,517953873;1,467310928;1,335529566;0
4986;10;7,425626703;26,33333333;8,738615617;5,51803875;1,374601888;1,026040077;0
4987;10;29,81521161;37,16666667;7,853200466;5,518266678;1,521243755;1,497348905;0
4988;15;29,99835341;34,83333333;9,245664584;5,518710613;1,587291478;1,66912055;0
4989;10;10,87908888;34;9,567237396;5,519213676;1,590032922;1,479857922;0
4990;10;12,36272606;19,33333333;9,308294198;5,519319534;1,2481138;0,66960454;0
4991;10;12,67989611;45,5;7,979409792;5,521615505;1,705704672;1,894542336;0
4992;15;26,26636406;47,83333333;9,512766445;5,522684097;1,936831725;2,542282224;0
4993;15;13,62089983;14,83333333;13,20890634;5,52273798;2,22339441;1,292204022;0
4994;15;5,164118904;8,5;9,150731197;5,523357868;1,000117096;0,005623698;0
4995;10;18,76157823;25,33333333;7,553735903;5,524682999;1,222519187;0,736553907;0
4996;15;47,18780105;77,83333333;9,031677301;5,524706841;3,552590048;7,291217566;0
4997;10;14,47762106;21,16666667;9,772028858;5,525034428;1,144639235;0,529588342;0
4998;10;25,56726102;52,33333333;9,842774279;5,52560091;2,170621927;3,323075414;0
4999;10;12,1711581;14,83333333;8,132166812;5,526366234;1,128918638;0,360224724;0
5000;15;6,142750176;11,33333333;9,244290152;5,526510239;0,999523639;0,005529404;0
5001;15;36,6879599;54,16666667;9,152139126;5,527092457;2,347970896;3,785119176;0
5002;15;42,13008587;78;9,617079688;5,527679443;3,260475475;6,880120397;0
5003;10;15,98604147;13;9,747837222;5,528869152;1,070832957;0,398399711;0
5004;15;31,69726609;67,66666667;10,40888128;5,529052734;3,812292018;7,37650311;0
5005;10;7,918924508;5,333333333;12,78974786;5,530519009;1,174299103;0,06757319;0
5006;10;20,35956195;31,66666667;8,874495967;5,531867981;1,176784188;0,907009602;0
5007;10;10,23871524;14,83333333;7,153333803;5,535743713;1,056554341;0,320147753;0
5008;15;39,97778069;71,66666667;8,492777572;5,535943508;2,140199909;4,043410778;0
5009;10;4,534080467;5;11,09359124;5,53608036;0,987628866;0,000281572;0
5010;10;11,17592821;9,333333333;10,09115303;5,536203861;1,108324716;0,351559758;0
5011;10;41,08646242;61,16666667;9,875405138;5,536312103;2,238626283;3,722257733;0
5012;15;9,780774734;30,66666667;8,952502459;5,537267685;1,104101994;1,0954566;0
5013;10;24,61041265;31;7,014030249;5,538011551;1,25496839;0,987486362;0
5014;10;25,78481512;32,16666667;9,973966317;5,538123131;1,444978289;1,26259923;0
5015;15;26,22646806;71,16666667;9,533637022;5,539395809;3,053916676;5,637344718;0
5016;10;10,09106853;13,66666667;7,27062505;5,540834427;1,041032016;0,081367612;0
5017;10;47,05730538;78,33333333;9,15688837;5,541117191;2,266104329;4,563800573;0
5018;15;46,9419277;53;9,105642867;5,542191029;2,357738011;4,187909961;0
5019;15;34,98298882;73,33333333;9,302591789;5,542878151;3,040472523;5,986060619;0
5020;10;4,096793948;6,666666667;8,129021339;5,543664932;0,945458872;0,060395002;0
5021;15;44,29703813;79,33333333;9,78999452;5,543851376;4,551132571;9,675567508;0
5022;10;10,07736679;12,5;9,791624488;5,544145584;1,046918378;0,294844151;0
5023;10;18,35822247;20,16666667;8,930268561;5,544299126;1,153823249;0,614656806;0
5024;10;9,234145987;14,5;11,61820973;5,548666;1,015957553;0,067632198;0
5025;10;15,42670653;19,83333333;9,963053708;5,548830986;1,187540334;0,558708549;0
5026;15;47,19282693;78,66666667;9,778599708;5,549590111;4,942496368;10,77068484;0
5027;10;35,81684065;39,66666667;9,826875521;5,549610138;1,728456925;2,106284261;0
5028;15;38,38091204;67,5;9,536608332;5,550456524;2,538591519;4,726738811;0
5029;10;5,23734524;5,666666667;10,556865;5,551991463;0,995456273;0,036395073;0
5030;15;31,05006141;58,16666667;10,14948466;5,552101612;2,095600282;3,208585024;0
5031;15;47,00009403;56,33333333;10,76163527;5,552117825;3,138743578;5,849615812;0
5032;10;27,51362531;26,33333333;8,501328647;5,552321911;1,368417566;1,025425911;0
5033;10;7,627252641;8,5;7,563695145;5,553238869;1,04080548;0,140012503;0
5034;15;21,07084264;27,5;12,94626462;5,553640366;1,374409828;1,241140723;0
5035;15;46,59298619;48,16666667;9,96960542;5,553790569;2,39292286;4,262683392;0
5036;15;34,1087042;58,16666667;10,42440821;5,55490303;1,93958997;2,750835896;0
5037;10;15,6770397;21,66666667;8,248912976;5,556250095;1,18534258;0,557200909;0
5038;10;28,58462342;42;8,99136104;5,557625771;1,453508907;1,452068329;0
5039;10;12,01001207;17,5;8,982719975;5,558770657;1,139261877;0,440451622;0
5040;10;4,728017114;5,166666667;7,625999888;5,560288906;0,891635881;0,006239295;0
5041;10;21,97961267;33;7,17686261;5,561100006;1,377637011;1,173592091;0
5042;15;5,963774227;7,333333333;10,06340615;5,561358929;1,103448501;0,335555434;0
5043;15;42,97242055;61;9,045630218;5,562017441;2,381644249;4,356273651;0
5044;15;49,89979911;60,16666667;9,316477123;5,562362671;3,205459635;6,087025523;0
5045;15;37,10502959;61,55737705;9,093433341;5,562862873;2,801543712;4,784323335;0
5046;15;31,96296075;54;8,707962333;5,563004017;2,083262276;3,096217394;0
5047;10;17,71661906;21,33333333;12,2883473;5,56360817;1,214991504;0,971696496;0
5048;15;52,40591841;60,66666667;11,85989802;5,563699245;4,208312704;9,155053854;0
5049;10;8,917243764;10,66666667;8,772114332;5,564279556;1,008771156;0,197127581;0
5050;15;10,32840691;33,33333333;8,682809399;5,565002441;1,572079534;1,526130438;0
5051;10;25,63985569;29,5;9,283068504;5,566287994;1,450118567;1,19135344;0
5052;10;5,72261149;14,5;9,162063889;5,566343784;1,034538222;0,079384327;0
5053;10;41,55257045;41,83333333;11,14444284;5,566851139;1,916543498;2,732987404;0
5054;10;7,251528588;7,666666667;9,211920703;5,567278862;0,956053739;0,126146674;0
5055;10;27,29658087;38;8,764119516;5,568284988;1,459844858;1,24597013;0
5056;15;35,14602995;84,33333333;11,46201494;5,568439484;4,465535542;10,39973593;0
5057;15;31,08305763;50;9,15001734;5,568470478;1,913165787;2,684345841;0
5058;15;9,520035573;9;8,348273918;5,569416046;1,085810106;0,218394518;0
5059;10;31,15251412;46,5;8,040091867;5,569631577;1,520677649;1,52295804;0
5060;10;8,490088407;9,333333333;9,799648714;5,571380615;1,025660633;0,072774291;0
5061;15;40,07869341;76;10,15635127;5,572201729;3,810452864;7,64819777;0
5062;10;38,80701518;94;8,831640478;5,572527409;1,866041425;4,322203994;0
5063;15;19,35679098;48,16666667;9,440321209;5,572733879;2,268066383;3,431510329;0
5064;10;20,75514258;27,83333333;10,21269804;5,572944641;1,287227419;0,70322299;0
5065;10;22,02225041;47,33333333;9,251165243;5,573777199;1,077650179;1,175456166;0
5066;15;45,80320819;65,44444444;10,03165587;5,574170113;3,344189617;4,89560914;0
5067;15;46,32097048;70,5;10,19331589;5,57517004;3,547591911;7,147320628;0
5068;10;17,94116667;34,5;6,069264959;5,576390266;0,99932021;0,808162332;0
5069;15;16,50240594;67;10,11923993;5,576422691;3,436382209;6,420384288;0
5070;10;8,134429397;7,5;7,654088123;5,576614857;1,050214972;0,152480245;0
5071;15;39,55638249;61,5;9,903858533;5,57752037;2,329350095;4,27586472;0
5072;10;17,77133815;28,16666667;9,303087957;5,578564644;1,274022914;0,865077734;0
5073;15;34,01126377;54,66666667;8,330704215;5,578689575;2,422013533;3,715904713;0
5074;15;37,02483223;64,5;10,61794744;5,578937054;3,566976395;6,978258133;0
5075;15;37,97375024;72,5;9,817014835;5,579409122;2,933904261;5,705661774;0
5076;10;34,38581127;54;9,902811294;5,579796791;1,815899681;2,393317819;0
5077;10;33,74112867;31,66666667;9,91282638;5,580073357;1,513998402;1,39399457;0
5078;15;22,86452707;25,83333333;11,39167428;5,580341339;1,408053123;0,921173215;0
5079;10;31,64091602;37,5;11,3832824;5,581000328;1,735748741;2,063415289;0
5080;10;18,3637364;26;8,96574309;5,582489967;1,290189337;0,843105197;0
5081;10;8,123352192;26,33333333;10,00753336;5,582799435;2,169568719;1,534753203;0
5082;15;31,04564493;65,66666667;8,269500767;5,582865238;2,042728206;3,467288971;0
5083;10;9,027934805;24,66666667;10,20583941;5,584935188;1,491813846;1,134425282;0
5084;15;27,20856733;56,83333333;8,336297787;5,585365772;1,585211001;2,337394118;0
5085;15;30,49873857;44;8,612618747;5,585408211;2,209527361;2,746069193;0
5086;10;21,69627502;36;7,54110331;5,586065769;1,194812964;1,038787127;0
5087;10;29,49505015;28,33333333;9,805627179;5,586253643;1,47911983;1,320085645;0
5088;10;11,04227184;15,33333333;8,71392744;5,586828709;1,068600284;0,339794159;0
5089;10;12,96543612;21,33333333;9,927063804;5,587305069;1,16132934;0,576198697;0
5090;10;23,94708779;58,66666667;8,908665174;5,587859154;2,063141821;3,190487623;0
5091;10;20,20457001;31,5;9,747803764;5,588850498;1,131422746;0,901417971;0
5092;10;5,811351107;5,833333333;12,48957376;5,58982563;1,101675825;0,04823041;0
5093;10;31,64099344;36,16666667;11,09679773;5,590482712;1,758545038;1,950869799;0
5094;10;43,27853907;61;9,181547177;5,591153622;2,386604391;3,938044906;0
5095;15;39,71836546;37;9,915200721;5,592395306;1,911590193;2,934767365;0
5096;10;27,73749707;25,66666667;9,688021461;5,593289852;1,328637699;0,884961247;0
5097;15;3,453336809;5,166666667;9,867536811;5,594802856;0,960984782;0,010908008;0
5098;10;10,00001875;9,5;10,45091902;5,596962452;1,354974151;0,181513786;0
5099;15;29,36615719;85,5;10,484935;5,597502232;2,548354197;5,725451231;0
5100;10;32,8988103;43,83333333;8,300805692;5,597510338;1,435655305;1,677126884;0
5101;10;33,59624178;29,83333333;8,864062308;5,598707676;1,470025433;1,092780828;0
5102;15;34,57826773;70,33333333;9,764853154;5,599656582;3,075206246;5,692950845;0
5103;15;40,48323358;52,5;8,53142066;5,599779606;2,231522521;3,52591002;0
5104;15;21,08894248;50;9,255478896;5,600732327;2,468637128;3,51964891;0
5105;10;19,70490062;25,83333333;9,057137384;5,600811958;1,405713126;0,966194868;0
5106;15;35,61350352;57,5;10,21280661;5,601112366;1,985903345;3,306842446;0
5107;10;30,10320321;30,66666667;8,95781464;5,601582527;1,571857508;1,359154701;0
5108;10;22,84065545;45,66666667;9,270967145;5,601690292;1,336584924;1,48911953;0
5109;15;47,69294655;68;9,516401211;5,60201025;3,214603546;6,398789048;0
5110;10;9,483678222;18,16666667;11,93186124;5,602287769;1,103544841;0,298179984;0
5111;15;38,50019473;56,33333333;9,336221715;5,602982998;2,362313789;3,870474339;0
5112;10;8,749496167;9,833333333;9,12745892;5,604883671;0,936936412;0,161200881;0
5113;15;29,65581379;72,5;11,47626766;5,605836391;4,991566603;10,07743907;0
5114;15;15,65352524;14,16666667;10,59461577;5,60606575;1,097375298;0,527332306;0
5115;10;24,99796938;34,66666667;9,265764859;5,607652187;1,636217524;1,336575389;0
5116;15;34,51837672;60,66666667;10,41819566;5,607692242;3,118366495;4,821335793;0
5117;10;14,14615909;13,5;9,757574923;5,60929966;1,161784062;0,429088354;0
5118;15;23,66813838;31,16666667;8,079819938;5,610192776;1,141465525;0,638690352;0
5119;10;46,00389846;80,16666667;9,124474708;5,610599041;1,669362447;3,426344872;0
5120;10;13,65287081;21,66666667;10,33035946;5,611283779;1,153274176;0,576738358;0
5121;15;45,9319031;72,66666667;9,504890046;5,611406326;3,773597116;7,766395807;0
5122;15;38,745519;61,5;10,29265889;5,61174202;2,808604968;5,074494958;0
5123;15;37,79862845;68;10,40296416;5,611889362;2,87882921;5,42502141;0
5124;15;48,08200525;76;10,63177622;5,612221241;4,37715305;9,680939913;0
5125;10;25,78401289;27,66666667;8,571001499;5,613259315;1,255644542;0,832061887;0
5126;10;18,27547814;25,66666667;10,12199919;5,613556862;1,182618282;0,778166771;0
5127;15;37,85611488;54;11,86637792;5,613606453;2,403432079;4,286618948;0
5128;15;45,04623446;94;9,570502918;5,613667011;3,945534502;9,494289875;0
5129;10;8,737784247;6,666666667;6,783509021;5,614484787;1,025557613;0,120481133;0
5130;10;6,355452009;7,666666667;10,39643046;5,615857124;0,853297854;0,087804675;0
5131;15;29,42351102;40,33333333;8,165813749;5,616027355;1,896025308;2,264227748;0
5132;10;11,65122727;16,66666667;7,866045279;5,616978168;1,031848482;0,20231843;0
5133;10;9,519906596;10;8,835600192;5,617296219;1,049416178;0,232306719;0
5134;10;11,56491483;24,33333333;9,142443062;5,619125843;1,394451395;0,842192888;0
5135;10;14,26800123;20,33333333;9,581853603;5,619599342;1,175978479;0,576026797;0
5136;10;19,04380746;21,33333333;8,465207664;5,619820595;1,235708666;0,709162831;0
5137;10;5,626775216;5,833333333;8,990206062;5,620129585;0,848395299;0,0330832;0
5138;10;23,71504369;27,5;9,254562349;5,622268677;1,290565444;0,923247933;0
5139;15;38,35757379;59,5;10,18588232;5,62248373;2,067474116;3,496889234;0
5140;10;10,16660381;8,833333333;9,647657113;5,622542381;1,08780147;0,191001773;0
5141;15;40,69044788;82,5;9,210359211;5,622666359;3,500033247;7,479683399;0
5142;10;12,28475836;17,5;10,1583617;5,623049736;1,047961178;0,41690135;0
5143;15;5,220792224;10,5;11,48976311;5,623764515;1,061532124;0,267778516;0
5144;15;37,62906443;74,5;8,89387343;5,624237537;2,517159996;4,935467839;0
5145;15;15,01442615;18,66666667;10,2696909;5,624501705;1,208013374;0,955941796;0
5146;15;38,10929172;75;9,320306872;5,626502514;2,145204341;4,219348431;0
5147;15;15,71102715;48,66666667;9,91201814;5,627880096;1,840964007;2,419282317;0
5148;10;17,57249511;14,16666667;10,13525825;5,628360748;1,148750428;0,450276494;0
5149;10;5,467325719;5,166666667;9,760103674;5,628419876;0,895254756;0,021975279;0
5150;15;33,90725137;65,83333333;8,764468782;5,62845993;2,618183134;4,540936947;0
5151;15;26,70342642;75;9,436536298;5,628745556;2,891566356;5,675491452;0
5152;15;48,01335077;72,83333333;9,831918196;5,62921381;3,016573867;6,241211057;0
5153;10;18,27765228;20;11,27936148;5,629789829;1,130892594;0,356503367;0
5154;10;26,18772836;33,66666667;7,658614779;5,629832745;1,270222737;1,017413139;0
5155;15;33,57409301;51,83333333;8,723982301;5,630626202;2,180444203;3,219620347;0
5156;10;18,59829702;11;10,03014695;5,630681992;1,150014014;0,534311533;0
5157;10;12,98043674;17,83333333;10,4549914;5,63147974;1,147434146;0,462266803;0
5158;10;10,42038079;13,66666667;9,211876151;5,631755352;1,043650375;0,285848618;0
5159;10;3,640324877;5,333333333;8,018299073;5,63396883;0,914950404;0,015425801;0
5160;10;17,5889354;23,5;8,968900144;5,634123802;1,271515649;0,620387077;0
5161;10;21,40263481;29,33333333;8,635360047;5,635424614;1,237443548;0,691385865;0
5162;10;41,97206824;81;9,101589721;5,636782169;1,31880486;2,68085897;0
5163;15;25,92612853;27,5;9,760325952;5,637199402;1,624196869;1,631842852;0
5164;15;14,18960917;21;8,191968531;5,638279915;1,409681163;0,746142149;0
5165;10;21,68548122;29,5;9,285390539;5,639163494;1,323508795;0,981133938;0
5166;10;18,72487223;28;8,101286746;5,640632629;1,072200161;0,752717018;0
5167;10;24,04818362;35,16666667;10,35702804;5,641048431;1,398687504;1,33349812;0
5168;15;35,4363931;44,83333333;10,62162546;5,642109394;2,439819507;3,567242861;0
5169;10;13,26276617;32;9,87260202;5,642272472;1,54546906;1,792020917;0
5170;15;5,389066961;10,33333333;13,20860794;5,642383099;1,142646235;0,483536959;0
5171;10;26,75928164;50,83333333;7,8102668;5,6433568;1,04126274;1,302764773;0
5172;10;30,28278736;30,5;9,938417005;5,644443035;1,408449557;1,429275274;0
5173;10;17,82769675;27,88888889;9,155332406;5,644928932;0,880372223;0,49294734;0
5174;15;39,67721126;60,33333333;8,956737083;5,64591217;2,3340561;4,010810733;0
5175;10;34,1820633;67;8,006964897;5,646231651;1,187421491;1,95522809;0
5176;10;19,93566271;33,83333333;9,756725783;5,647142887;1,189531309;0,56624794;0
5177;10;17,67447012;21,5;9,36354843;5,647873402;1,162438968;0,602545619;0
5178;15;27,41776445;61;11,33673055;5,647874832;2,403014241;4,257469893;0
5179;15;44,96724498;49,5;9,938549879;5,648485184;2,089801517;3,404937983;0
5180;10;31,76039268;45;9,018800399;5,649376392;1,640168181;2,014488339;0
5181;10;16,74249571;24,5;6,935097525;5,650539398;1,171356894;0,704197645;0
5182;10;24,67116068;25,83333333;10,42439356;5,650594234;1,362297491;1,032818437;0
5183;10;8,596713323;9,5;8,543239979;5,65167141;1,18641042;0,205959797;0
5184;10;5,264005945;5,166666667;9,102109804;5,652278423;0,832831906;0,007274389;0
5185;15;15,72911852;52,5;9,865327863;5,653818607;2,280531382;3,760316253;0
5186;10;20,47622963;40,33333333;10,23939848;5,654889107;1,126505635;1,152229548;0
5187;15;35,39665931;53;9,740512197;5,655767918;1,970246175;2,886789203;0
5188;10;15,33048803;27;9,108004669;5,657169342;1,466328681;0,909334183;0
5189;10;24,24594173;57,83333333;8,891712886;5,657193184;2,050307804;2,990663886;0
5190;15;35,35511703;74;10,54468934;5,658070087;3,034435998;6,016149998;0
5191;15;31,89716625;35,33333333;9,462894903;5,658084869;1,594111849;1,990790606;0
5192;10;44,7829972;90,83333333;8,946307687;5,658690929;2,560850123;6,039329648;0
5193;10;20,97217878;22,33333333;9,86283648;5,658836365;1,263716818;0,717338443;0
5194;10;33,27233569;52,66666667;9,511761905;5,658921719;1,547226177;2,010707021;0
5195;10;22,03284468;39,83333333;10,04384759;5,660407543;1,382612164;0,938077092;0
5196;10;37,32450217;69,83333333;8,047285301;5,660500526;1,329635753;2,36842382;0
5197;15;46,42850724;70,16666667;8,890896379;5,661229134;3,066138408;6,19415772;0
5198;15;12,66215649;28,16666667;5,813811831;5,662858963;1,23457426;0,855921507;0
5199;15;23,55161716;26,16666667;9,149160628;5,663242817;1,32675639;1,172270417;0
5200;10;16,69224831;54,83333333;8,421188365;5,663329124;1,970865471;2,830534339;0
5201;10;41,18973073;48,83333333;10,57221829;5,664140701;2,324647961;3,421624184;0
5202;15;31,41174257;53;7,388510021;5,66420269;2,294030298;3,339078903;0
5203;15;27,66207298;24,16666667;11,16445732;5,664925575;1,37439735;1,624045134;0
5204;15;39,5334219;85,66666667;8,129419828;5,666041851;1,596628618;3,559230804;0
5205;15;24,43162559;44,83333333;8,184994534;5,666215897;1,890154596;2,24135828;0
5206;15;15,29483422;38,33333333;8,98733921;5,666920185;1,095054053;1,029382825;0
5207;15;27,98572846;61,16666667;10,82244085;5,66762495;1,699694388;2,813696265;0
5208;15;30,66438523;61,16666667;11,07050897;5,667729378;3,478389947;6,722464204;0
5209;10;20,52070659;28,5;8,08699385;5,668363571;1,161217032;0,473490953;0
5210;10;12,65292158;17,5;9,06237762;5,66867733;1,546321708;0,437090397;0
5211;10;7,790669573;7,666666667;11,66832804;5,669117928;0,946436389;0,100807428;0
5212;15;38,37504886;57,16666667;9,522107847;5,669671535;2,244613139;3,882222891;0
5213;10;39,59789363;56,5;9,839835876;5,670639992;2,010400323;3,273167968;0
5214;15;21,9001889;67,83333333;8,1433224;5,671587944;1,857458449;3,349442601;0
5215;15;48,37851299;84;9,549800615;5,673013687;3,347695194;7,638948202;0
5216;15;50,30970873;94,33333333;9,280185286;5,674906254;3,976343413;9,679379463;0
5217;10;3,928251778;9,5;8,431675309;5,675801754;1,017426357;0,222008705;0
5218;10;8,698950126;54,83333333;10,15001397;5,67618227;2,169255285;3,173215985;0
5219;15;40,05798643;59,5;8,889449578;5,676251888;2,279995379;3,966612577;0
5220;10;37,00454885;61,33333333;10,63377184;5,677181721;2,225439155;3,71680975;0
5221;10;19,89164168;27,5;9,807566985;5,677434921;1,281679215;0,818506598;0
5222;15;37,81972265;80;9,628963372;5,677661419;2,215373996;4,585605145;0
5223;15;46,2390396;63,5;8,862446234;5,677696705;2,963908353;5,849366188;0
5224;10;7,029731224;7;8,234436647;5,678176403;1,018156227;0,107232451;0
5225;15;5,260116659;5,833333333;12,3215685;5,680056095;1,091804125;0,08212781;0
5226;10;11,12872852;21,33333333;12,95005478;5,681645393;0,970704864;0,490934968;0
5227;15;39,64332661;69,83333333;9,882420207;5,682247639;2,920265558;5,7597965;0
5228;10;4,967193287;5,222222222;9,991498931;5,682754517;0,997431436;0,008154988;0
5229;10;6,027455424;5,666666667;11,28684076;5,683348179;1,012428086;0,064739943;0
5230;10;31,39748454;53,33333333;8,468998617;5,683922768;1,60576575;2,187965393;0
5231;10;32,99331804;30,83333333;10,73904993;5,683996677;1,584673265;1,647904158;0
5232;10;28,51915087;31,66666667;8,616215842;5,685288906;1,456406349;1,292788982;0
5233;15;45,63203752;82,83333333;9,442251366;5,686009884;3,963779543;8,866606832;0
5234;10;36,03554853;42,83333333;10,39682875;5,687397957;1,918447208;2,409135461;0
5235;10;16,21499554;13,33333333;9,157097243;5,688917637;1,145653218;0,512871504;0
5236;10;25,54988794;29,5;8,382779099;5,689153194;1,519199091;1,236577511;0
5237;10;10,07434676;23,33333333;8,93230183;5,689918995;1,304668869;0,716202259;0
5238;15;31,86096985;58,83333333;9,953836831;5,692477226;2,105063516;3,38632524;0
5239;10;18,45254101;29;9,755928915;5,692617416;1,235415113;0,904019594;0
5240;15;37,45604404;63,83333333;9,023480999;5,693139553;1,873599503;3,324758291;0
5241;15;49,44863513;77;10,28814528;5,6949687;3,438520901;7,560198903;0
5242;10;38,03724167;46,33333333;9,699904241;5,695661545;1,602946922;2,242595077;0
5243;15;41,58526326;71,33333333;8,794985591;5,696561337;2,589719022;5,056755662;0
5244;10;51,57504679;90,33333333;8,733544347;5,69767952;1,316798167;3,102362752;0
5245;15;38,91823731;58,33333333;9,744580192;5,697867393;2,344929144;4,037107825;0
5246;15;18,9705464;28,5;8,645369416;5,698961258;1,81802688;1,426920414;0
5247;10;9,14081971;14,16666667;8,799069891;5,699812889;0,873037297;0,257544518;0
5248;10;18,40483553;20,5;9,852850438;5,701472759;1,171912664;0,525719523;0
5249;10;16,0208906;17,5;8,913014575;5,701547623;1,219829519;0,560341716;0
5250;15;29,38333558;48,83333333;9,184863882;5,703731537;1,920641307;2,629154801;0
5251;10;19,82820641;23,83333333;11,83872604;5,704414368;1,262728122;1,03127563;0
5252;15;40,13163297;64,16666667;9,301147951;5,70474577;2,835508083;5,241327286;0
5253;15;19,91065141;16,16666667;9,286151792;5,705974579;1,261430695;0,945391297;0
5254;15;14,90046791;12,33333333;9,508010329;5,706703663;1,36182849;0,566720724;0
5255;10;15,61513212;36,33333333;10,38567587;5,707407475;1,553604795;1,686924934;0
5256;10;10,55524606;9;9,722567256;5,70968008;1,073133605;0,183780789;0
5257;15;47,49391919;75,33333333;9,930220925;5,709970474;3,800721346;8,094652534;0
5258;10;16,79801788;30;10,29229972;5,710557938;1,118675766;0,831910372;0
5259;15;13,01717447;19,16666667;9,037761531;5,711663246;1,119945984;0,582757115;0
5260;10;13,85243955;16;11,3047183;5,713132381;1,091703824;0,300312042;0
5261;10;20,74406083;36,16666667;8,482618666;5,713262081;1,063586847;0,997164369;0
5262;15;28,68531736;35;9,939002169;5,713872433;1,803016157;2,156596899;0
5263;15;21,11059396;42,5;9,358054593;5,714245796;1,334364335;1,518452168;0
5264;15;50,21840458;61,83333333;9,535766893;5,714301109;3,292343247;6,575616956;0
5265;15;26,78619109;47,83333333;7,582792544;5,714659691;1,614920312;2,087496638;0
5266;10;6,754668919;9,666666667;8,144232604;5,716626167;1,029582518;0,134135008;0
5267;15;36,35687134;65,66666667;10,18488298;5,716626644;3,039472795;5,608552814;0
5268;15;4,641765847;5,5;11,8148409;5,716704369;0,931117472;0,044558167;0
5269;15;38,59138312;55,16666667;9,487108692;5,717517376;2,348169169;3,949612498;0
5270;15;38,00658229;62,16666667;7,985966756;5,717781067;2,22506233;3,798848748;0
5271;10;32,0643019;57,66666667;8,298364943;5,718427658;2,01402237;2,835685968;0
5272;15;39,22486419;64,83333333;9,364850322;5,719323635;2,842304049;5,327825308;0
5273;10;6,462418269;12,5;11,26196575;5,719484329;1,015451;0,046691418;0
5274;15;4,098588122;8,666666667;10,38717086;5,719790459;1,010082084;0,030876994;0
5275;10;26,26942471;39,16666667;8,113744037;5,720391273;1,595585608;1,571026206;0
5276;15;40,0104391;52,83333333;9,78707238;5,721160412;2,468538346;4,004048109;0
5277;15;28,95769124;65,5;10,97136436;5,721953392;3,238743792;6,242151618;0
5278;15;42,32509899;77,16666667;9,858869418;5,722064972;3,610880072;7,679325938;0
5279;10;20,2641205;25,33333333;10,21772947;5,724593163;1,404701278;1,030768394;0
5280;15;31,5403504;69,33333333;8,875658756;5,725286961;1,620647786;2,888703585;0
5281;15;22,20451075;29,16666667;8,442123431;5,725458622;1,292049598;1,079974055;0
5282;10;30,74993035;47,5;9,744319991;5,726304054;1,519101729;1,956787825;0
5283;10;39,27007104;48,5;7,774640117;5,727065563;1,522462061;1,953003526;0
5284;10;13,13088891;40;10,37143765;5,72952795;1,423060261;1,588480473;0
5285;10;13,33568829;11,5;9,908171718;5,729991913;1,180430809;0,387277842;0
5286;10;37,3984882;37,5;9,779905946;5,731171131;1,735492763;2,231505632;0
5287;15;46,14247517;56,83333333;8,985019859;5,733267307;2,656609806;4,70708406;0
5288;15;22,61582073;52,16666667;8,791252032;5,733348846;1,306542141;1,765515804;0
5289;15;48,3858414;67,33333333;9,547258081;5,733639717;3,04166571;6,068505883;0
5290;10;7,082767463;7,833333333;11,67763982;5,734710217;0,940123134;0,126624823;0
5291;15;24,22988491;51,33333333;9,888058895;5,735833168;1,078736817;1,966677904;0
5292;10;22,64794236;29,16666667;8,934075944;5,736397743;1,34386379;0,929002047;0
5293;15;29,8481227;50,5;9,675503578;5,73640728;1,958486798;2,819525599;0
5294;10;7,265706187;6,333333333;7,671405073;5,736680984;1,004626617;0,077068925;0
5295;10;7,573751459;40,83333333;9,711347918;5,737803459;1,713785459;2,038971663;0
5296;10;21,32518885;25,33333333;9,379996609;5,7389884;1,199339435;0,841676474;0
5297;15;39,9032768;67,5;9,846387437;5,741025448;2,353859864;4,737820268;0
5298;10;8,678822944;11,5;11,75226262;5,741099358;0,76147506;0,161361933;0
5299;10;43,25841632;80,83333333;8,427445094;5,741737366;1,724724711;3,563143373;0
5300;10;39,95457672;59,33333333;11,33420281;5,741930008;2,486798083;4,417642593;0
5301;15;28,31566392;36;10,24420879;5,742119312;1,493293944;1,8210392;0
5302;10;5,483224441;6,333333333;11,00965288;5,742283821;1,001937828;0,008494377;0
5303;10;17,01894722;22,33333333;9,420717173;5,743755817;1,416116433;0,908860207;0
5304;15;15,13242232;38,33333333;8,402176021;5,743942261;1,696422063;1,87390542;0
5305;15;23,04681238;44,55555556;8,660524247;5,744014263;1,358203404;1,027626753;0
5306;10;7,670254428;7,333333333;9,127134925;5,744197369;1,065820799;0,105149269;0
5307;10;5,9038111;5,333333333;10,40060453;5,744346142;0,997234043;0,012838244;0
5308;10;33,51018654;52,83333333;8,410965621;5,744397163;1,483424212;1,906753778;0
5309;10;11,34692599;12;11,4968079;5,744542599;1,069041243;0,56338799;0
5310;10;15,19898338;19,33333333;7,862692813;5,744728565;1,120892543;0,498371124;0
5311;10;16,52385317;21;8,677576553;5,745076656;1,183169536;0,648309708;0
5312;10;22,06082639;26,66666667;8,961876022;5,746706009;1,215262055;0,820360899;0
5313;10;13,21545896;26;12,33664068;5,746796608;1,112147929;0,683814406;0
5314;10;30,15505062;60,16666667;8,69920862;5,746934891;2,090670836;2,887009621;0
5315;10;26,09745723;31;8,734670908;5,748437881;1,439274647;1,452632189;0
5316;15;15,5931651;22,83333333;10,81283765;5,748810291;1,272904445;0,835680604;0
5317;15;36,99290916;61,66666667;10,24742131;5,748898506;2,488403447;4,372675657;0
5318;15;28,04641966;39;9,497970356;5,74895668;1,757483072;2,159924746;0
5319;10;29,8485906;33;10,49103446;5,749025345;1,312365642;1,310376406;0
5320;15;30,82316439;46,83333333;10,08154184;5,749567986;2,771935596;3,799914837;0
5321;10;5,306294323;5,333333333;11,37160219;5,751138687;0,892490215;0,01997304;0
5322;15;27,61526772;47,33333333;8,847117209;5,751203537;2,690631828;3,659025192;0
5323;10;11,32289484;38,83333333;8,668124955;5,751473427;1,377715621;1,123567104;0
5324;10;15,68346571;17,16666667;7,887483428;5,752648354;1,512891823;0,612550259;0
5325;10;27,88519019;31,83333333;8,420066483;5,752691269;1,299632103;1,146114588;0
5326;10;28,98522812;44,16666667;8,684741003;5,75391531;1,330915751;1,117472291;0
5327;15;31,02146557;61,66666667;9,375023092;5,754622936;2,02366971;3,361040711;0
5328;15;5,127217659;8,5;10,27737547;5,754733086;0,999425127;0,113301992;0
5329;10;35,90045201;57,16666667;8,668706693;5,755069256;1,621102256;2,412201524;0
5330;10;18,24173537;27,16666667;10,95207281;5,7562356;1,342296121;1,06603682;0
5331;10;6,510823972;17,66666667;8,708227417;5,756800175;1,21808889;0,58175838;0
5332;15;28,14122298;70,5;10,35070768;5,757160664;2,911172639;5,888292789;0
5333;10;38,84525024;65,5;9,99471953;5,75744915;2,089582809;3,666249156;0
5334;10;9,452844481;12,5;9,637018576;5,757920742;1,024943429;0,269240856;0
5335;10;14,22099658;17;8,048476904;5,75802803;1,200675218;0,501413226;0
5336;15;41,5634233;69;9,956166694;5,758584023;2,5520569;4,848527908;0
5337;10;23,20185125;12,33333333;9,915441236;5,759410858;1,117498104;0,483575583;0
5338;15;31,79163386;58;10,47393246;5,759492874;2,149745139;4,130697489;0
5339;10;14,13061954;13,83333333;9,052032906;5,759506226;1,192078334;0,456218958;0
5340;10;10,28024312;13,5;11,11128963;5,759683609;1,106697079;0,325149298;0
5341;10;7,855668411;11,16666667;14,49450716;5,760037422;1,011147034;0,362504482;0
5342;15;34,88892769;54,5;10,02795769;5,760121346;2,338583145;3,826886177;0
5343;10;28,909807;43,83333333;9,734237857;5,760581017;1,48380287;1,465408087;0
5344;10;12,48377013;14,33333333;7,109004555;5,761069298;1,059464534;0,334790826;0
5345;15;7,78906984;21,5;9,710149951;5,761777401;1,141706913;0,647874117;0
5346;10;8,824544691;10,55555556;10,73572448;5,764388561;1,046839586;0,175832033;0
5347;10;9,531397879;48,5;9,793631904;5,76622963;1,429643666;1,797545433;0
5348;10;27,18379486;47,66666667;11,38993866;5,766780376;1,364628095;1,788429618;0
5349;15;11,56780577;24,16666667;11,47782348;5,766794205;1,120681642;0,724393129;0
5350;15;29,65161248;62,83333333;8,88219484;5,767055511;2,212047429;3,726223469;0
5351;15;20,30568279;38,66666667;9,501987584;5,767139435;1,530556224;1,621498466;0
5352;15;35,35271045;67,16666667;8,87347547;5,767599583;2,946403798;5,429086208;0
5353;10;8,123417497;11,16666667;9,19359853;5,76839447;0,89402269;0,184401274;0
5354;10;23,78738769;27,33333333;10,17683739;5,770533085;1,411279804;1,021293998;0
5355;10;11,42319537;14,16666667;9,294498887;5,770838737;1,092811607;0,359913111;0
5356;15;49,45639722;70;11,6750721;5,770978928;4,469598166;9,981427073;0
5357;15;11,20927664;17,5;12,06469598;5,772879124;1,22148448;0,734043241;0
5358;10;6,646964424;23,83333333;8,183692213;5,77337122;1,791069409;1,169634104;0
5359;15;38,24233421;56,5;9,394457778;5,773594379;2,451073584;4,089002609;0
5360;15;31,42186328;60,5;9,073570657;5,773984432;1,891062778;3,113363147;0
5361;10;15,1922813;13,5;8,812245144;5,77781105;1,158729115;0,364030123;0
5362;15;29,13688113;31;9,356254451;5,77782011;1,534623238;1,643527389;0
5363;15;30,80492045;58,33333333;9,75707094;5,778732777;2,11327336;4,145205736;0
5364;10;18,3570098;24;8,323140602;5,779412746;1,306994239;0,806310892;0
5365;15;43,84506497;75,33333333;9,970641899;5,779639721;4,215966175;9,048419476;0
5366;15;40,70644588;67,33333333;9,448888422;5,781128883;3,233029127;6,252964377;0
5367;15;37,0486169;44,83333333;10,15840211;5,781339169;1,897674;2,963031769;0
5368;15;40,86583811;82,5;9,730732937;5,784101963;2,216076478;4,968598604;0
5369;10;17,33303555;14,16666667;9,374382034;5,784103394;1,360465541;0,590395689;0
5370;15;15,24471982;16,66666667;8,987901137;5,784590244;1,362209096;0,908657551;0
5371;10;23,74877773;35,33333333;9,19315277;5,784625053;1,451372055;1,352136016;0
5372;15;35,2541719;68,5;10,2788259;5,784896851;2,156809216;3,467793703;0
5373;15;34,91641154;52,83333333;9,865787288;5,784906387;2,537942903;3,830200672;0
5374;10;14,44502634;24;10,2055804;5,785312176;1,124041255;0,659183979;0
5375;15;30,37705734;54,33333333;9,722324699;5,785317421;2,23072405;3,824164629;0
5376;10;3,61861481;5;12,3007637;5,786860943;0,980678279;0,011729479;0
5377;10;29,97115373;47,16666667;8,99685504;5,789385796;1,494063863;1,881987572;0
5378;10;16,05020206;67,16666667;8,6367125;5,789874554;1,543200902;2,792869449;0
5379;10;9,314918574;40,83333333;9,60131526;5,790951729;1,615854934;1,871681094;0
5380;10;12,45391107;11;8,735539774;5,791208744;1,117034403;0,334375262;0
5381;10;10,12544074;10,5;10,91219711;5,791780949;1,030137155;0,150333047;0
5382;10;24,60824159;21;10,49874181;5,791790009;1,271098795;0,820228696;0
5383;10;28,4136761;37,83333333;8,75571598;5,794442654;1,519085253;1,579470038;0
5384;10;31,04467526;45,16666667;9,831554664;5,794519901;1,911115455;2,398828983;0
5385;10;6,502137565;7,166666667;10,09629583;5,79497385;1,012881735;0,109016776;0
5386;10;23,22428697;36,66666667;9,864865104;5,795159817;1,63439724;1,598568916;0
5387;10;9,261471894;14,33333333;9,102306397;5,7951684;1,010904042;0,281166196;0
5388;15;42,78836613;76;8,84341779;5,795983315;3,243211568;6,81834209;0
5389;15;42,05792902;56,83333333;9,527261943;5,797265053;2,439036482;4,382415295;0
5390;10;33,04254574;39,83333333;10,57651401;5,798370838;1,473182999;1,774389863;0
5391;15;24,26534005;39;8,104572654;5,79924202;1,535657125;1,761114836;0
5392;15;26,50332708;37,83333333;9,632078856;5,799373627;1,850195226;2,131783009;0
5393;15;18,74811316;36,33333333;7,271320044;5,80095911;1,651700658;1,740337968;0
5394;15;45,10420614;71,83333333;10,08077855;5,801202774;3,401977026;7,180225253;0
5395;10;23,07856811;21,16666667;9,673353338;5,801245213;1,501553712;1,004190683;0
5396;10;15,66363694;26;11,16253508;5,801621914;1,509869672;1,032315731;0
5397;10;26,13373223;38,16666667;9,695750473;5,801793575;1,232277677;1,209454894;0
5398;10;8,183204412;12,33333333;11,40390996;5,803474426;1,053776035;0,166193008;0
5399;10;39,70010889;42;10,93232767;5,808180332;1,794325707;2,423615813;0
5400;10;21,26510605;21,33333333;10,47476258;5,808187008;1,165015874;1,264521956;0
5401;10;11,20642943;13,16666667;9,312497546;5,80831337;1,019446635;0,154882669;0
5402;10;27,13009441;21,5;8,937215871;5,809912205;1,293791968;1,02578938;0
5403;10;33,24028286;24,83333333;9,482119057;5,811279774;1,49643499;1,276421428;0
5404;10;12,89346149;19,83333333;8,171740328;5,811452389;1,070381625;0,520286798;0
5405;15;43,62617511;60,33333333;9,146358146;5,811603546;2,738031718;5,123634458;0
5406;15;40,91729661;65,33333333;9,701784726;5,811637878;2,81475214;5,500285387;0
5407;10;21,80921692;38,16666667;9,911359134;5,812474728;1,528441527;1,769266605;0
5408;15;4,451331035;5,333333333;11,7680978;5,812746525;1,041409022;0,056950808;0
5409;10;45,06644674;69,16666667;8,596429714;5,81278944;2,258893634;4,288225651;0
5410;10;16,09610384;20,66666667;10,03957866;5,813454628;1,142097362;0,61209619;0
5411;10;5,955173552;5,5;8,438447385;5,814332008;0,968234346;0,038704634;0
5412;15;24,82938576;65,83333333;10,00378984;5,814575195;1,298281715;2,288094044;0
5413;10;16,02219564;17,16666667;8,811861077;5,815488338;1,181014344;0,526776552;0
5414;10;5,68857149;6,666666667;6,56651584;5,816130161;1,000236362;0,05868125;0
5415;15;4,165219182;5,166666667;10,26281631;5,817547321;1,004623044;0,013714075;0
5416;10;15,18457359;8,833333333;8,959940963;5,8182621;1,043840144;0,314535141;0
5417;15;35,46931421;76,33333333;8,374943834;5,818364143;2,432838454;4,954282403;0
5418;10;7,802270735;11;5,430685763;5,818695068;1,000008736;0,15879488;0
5419;10;23,98984792;23;9,059408629;5,819254875;1,269612776;0,779903293;0
5420;15;20,29587046;40,16666667;8,236202621;5,819468498;1,630635193;1,824908614;0
5421;10;32,84641241;28,16666667;9,35552879;5,820007324;1,471753402;1,432171702;0
5422;15;34,7351172;52,33333333;10,92940435;5,820017815;2,451873925;4,753088474;0
5423;10;21,85167191;51,16666667;12,66114765;5,820566177;1,478695027;2,060533643;0
5424;10;20,58738621;21;10,09028668;5,821565628;1,310919;0,898393035;0
5425;15;42,2831322;63,33333333;11,00961918;5,82245779;3,591277227;7,320129395;0
5426;10;14,73896344;23,66666667;9,351683011;5,822538853;1,053525486;0,686121345;0
5427;10;8,415892266;14;10,27032404;5,82558012;1,062954089;0,285298705;0
5428;10;8,598694408;12,66666667;10,2523653;5,825658798;0,879737133;0,21243155;0
5429;10;20,63651316;20,66666667;8,891202314;5,825725555;1,295654255;0,800866723;0
5430;10;9,982777951;13,33333333;12,51831468;5,825863361;1,041124224;0,330353498;0
5431;15;37,40107188;76,33333333;9,560975306;5,826041222;2,193988579;4,500964284;0
5432;15;32,34227658;56,66666667;9,336761144;5,826861382;2,106423858;3,42539525;0
5433;10;13,61029272;14;9,405918505;5,829880238;1,187824098;0,425205708;0
5434;15;15,19983008;22,5;9,114476086;5,830034733;1,618624006;1,025934577;0
5435;10;6,669078356;5,5;10,40708739;5,83046627;1,020122471;0,090661764;0
5436;10;44,98073333;62,5;12,02364643;5,83151722;2,369562951;4,329866648;0
5437;15;33,38881824;53,83333333;9,38556044;5,831793785;2,327001831;3,721198916;0
5438;10;26,50709519;32,33333333;9,255071919;5,831927299;1,486444931;1,411424994;0
5439;10;20,57130476;13,83333333;11,68545003;5,832150936;1,183894298;0,540916443;0
5440;10;19,60282771;18,83333333;8,367234622;5,832192898;1,174591057;0,620450854;0
5441;15;17,50004445;25,16666667;8,658725983;5,832911491;1,329193271;1,006302476;0
5442;10;15,42431228;17,5;9,823967033;5,833127499;1,271926673;0,600573897;0
5443;10;21,73104007;21;8,754145233;5,83325243;1,240989856;0,690186858;0
5444;10;39,58880694;80,16666667;11,46220298;5,83475256;3,463979018;7,589985728;0
5445;10;36,49417197;54;9,510132178;5,8359828;1,702753103;2,563835859;0
5446;15;48,43728228;65,83333333;10,498618;5,837491989;3,132602549;6,564574003;0
5447;10;32,58099634;45,33333333;9,757424181;5,837988853;1,945685078;2,52688098;0
5448;15;34,87620648;52,66666667;9,458976377;5,838557243;2,238967013;3,627712607;0
5449;15;40,27045753;69,16666667;10,98088261;5,838673592;3,985540525;8,27290225;0
5450;10;21,04531055;40,83333333;8,815935879;5,83900404;1,187371876;1,254652381;0
5451;10;13,83967464;16,5;8,615380821;5,839422703;1,065217827;0,37013185;0
5452;15;33,75408246;78,5;10,12591593;5,839467525;3,32599568;6,963967443;0
5453;15;44,70112303;55,33333333;9,340275495;5,840137005;2,615826838;4,886334419;0
5454;10;6,964807105;7,166666667;10,20014875;5,841499329;1,026616246;0,088474751;0
5455;10;8,642380307;9,833333333;10,01813737;5,841677189;1,081530749;0,227155685;0
5456;15;40,24097906;46;10,08753237;5,842040539;2,161283512;3,479115605;0
5457;10;14,55371759;15;8,254258227;5,842162132;1,213066533;0,461552382;0
5458;10;14,68377297;45,83333333;9,24554983;5,84378624;1,338560216;1,064048648;0
5459;10;5,810525;6,666666667;9,791978783;5,844088554;0,995233412;0,014710784;0
5460;10;23,88092102;33,83333333;10,67445548;5,844647884;1,478333088;1,401429415;0
5461;10;8,950809292;7,666666667;10,83758921;5,844806671;1,082052587;0,180670023;0
5462;15;37,31355409;49;10,15782614;5,845237732;2,337728875;4,050922155;0
5463;10;22,31310824;21,83333333;9,280552558;5,845912457;1,235561445;0,913103104;0
5464;15;43,09364425;63,16666667;10,13138722;5,847464085;2,861392643;5,713885427;0
5465;10;19,89530307;32;9,957041993;5,84751606;1,175728776;1,003248215;0
5466;10;10,17782627;13,33333333;9,289076619;5,84888792;1,0736732;0,302733302;0
5467;10;50,45686859;72,5;8,321112492;5,848967552;1,644402198;3,321889043;0
5468;15;39,1419119;71,16666667;10,36908829;5,850048542;2,842531963;5,888814569;0
5469;15;47,6912984;63,66666667;9,664033784;5,85119915;2,554177897;4,854230165;0
5470;10;17,22109972;21,66666667;10,00907709;5,852171898;1,22601159;0,747132421;0
5471;15;4,254553659;5,333333333;12,34982303;5,852417469;1;0,000822544;0
5472;10;18,36069483;13;7,829213967;5,853265285;1,174038535;0,473769546;0
5473;15;39,03578833;77,83333333;8,745124871;5,853736877;2,779270681;5,963443398;0
5474;15;23,04941306;38,33333333;14,01024887;5,853820324;2,144782126;4,03094244;0
5475;10;14,42056756;46,5;8,125170082;5,854392529;1,888805612;2,559025049;0
5476;15;40,49858135;61,66666667;9,438205942;5,855770111;2,170217591;4,134941459;0
5477;10;11,10075692;14,16666667;9,989373822;5,856248379;1,02700432;0,373774409;0
5478;10;21,49356734;18,33333333;10,06809663;5,856357098;1,330921522;0,825213194;0
5479;10;29,15742155;42;8,851064835;5,856383324;1,417984245;1,528030396;0
5480;15;32,76831882;63,66666667;10,0863526;5,856842041;3,023045423;6,008287191;0
5481;15;7,153353556;6,166666667;10,29535203;5,857581615;1,016212978;0,079350233;0
5482;15;21,11618228;40;9,057650315;5,857783318;1,213883177;1,484880209;0
5483;15;23,79354717;30,33333333;9,25842792;5,859548092;1,448558508;1,478980899;0
5484;15;9,378355851;9,333333333;9,527943709;5,859557629;1,074799086;0,237095118;0
5485;10;14,78373617;11,66666667;9,830267548;5,860008717;1,165967062;0,3799299;0
5486;15;23,00117836;54,16666667;9,558678555;5,860248566;2,917122945;4,762976289;0
5487;15;31,81274042;37,5;9,383725935;5,860819817;1,671070288;2,157776713;0
5488;15;7,651826485;16,5;12,7630173;5,862563133;1,124705428;1,710756183;0
5489;10;29,35369515;33,83333333;8,775382235;5,863381386;1,467658259;1,449606895;0
5490;15;29,9713727;83,66666667;11,69036359;5,86439991;5,010205767;11,8526547;0
5491;15;31,43946743;51,16666667;8,956374968;5,865163326;1,986550556;3,074324608;0
5492;10;25,22886862;30,83333333;10,24737396;5,865404606;1,481648903;1,241470337;0
5493;15;41,12448807;55,83333333;9,517443121;5,865432739;2,092532177;3,87843895;0
5494;10;28,36866348;37,66666667;9,248549828;5,866140366;1,427461079;1,526142597;0
5495;10;13,29883412;15,16666667;8,335420895;5,866615295;1,36173731;0,541370749;0
5496;15;24,2041956;60,66666667;9,353579779;5,867237568;2,676653308;4,766443729;0
5497;10;10,92166456;14,5;11,35591706;5,867247581;1,09507354;0,383223534;0
5498;15;23,32393496;52,33333333;9,116927015;5,867496967;1,627766071;2,382173181;0
5499;10;14,13352973;30,16666667;9,148518044;5,868087292;1,071682155;0,205464005;0
5500;10;7,486809283;8,666666667;9,81935835;5,868574142;1,003264952;0,14575088;0
5501;10;10,48431735;10,5;9,572885171;5,868645191;1,225676545;0,361124992;0
5502;15;24,38172394;32,5;10,91680357;5,869569778;1,224467722;1,238890409;0
5503;10;17,72958045;27,66666667;9,642502362;5,869962692;1,212509874;0,827103019;0
5504;15;4,06678979;5,166666667;12,64617845;5,870191574;0,887514432;0,007531047;0
5505;10;6,810776399;8,5;8,34773146;5,871312141;1,019815334;0,013760328;0
5506;10;28,68870142;28,33333333;8,438960199;5,871399879;1,628860431;1,529376268;0
5507;15;41,68289855;45,5;11,15925127;5,871456146;2,156265729;4,000091791;0
5508;15;11,75512369;13,83333333;11,13461928;5,871819496;1,133245041;0,425253987;0
5509;10;35,44701827;36,66666667;9,241396543;5,872685909;1,597066379;1,939766884;0
5510;10;7,267637409;8,166666667;9,556087898;5,872764111;1,009281937;0,119047761;0
5511;10;49,41609853;53;9,462123966;5,873106003;1,851493013;3,251057148;0
5512;15;35,80694009;45,83333333;9,490040949;5,873426914;2,00807082;2,944254994;0
5513;15;37,76790749;72,83333333;10,71118141;5,87412405;3,024261152;6,375087857;0
5514;10;13,26781172;16,83333333;9,537803553;5,874804497;1,122614976;0,527755618;0
5515;10;35,46443635;58;9,770559205;5,875939369;1,990799695;3,184936643;0
5516;15;10,98682123;64,16666667;9,994303516;5,87687254;2,413084736;4,011130929;0
5517;15;31,63323955;72,33333333;8,852760134;5,878970623;2,859946013;5,610504389;0
5518;15;40,82714694;79,83333333;9,532684915;5,879419804;3,730567139;6,095553398;0
5519;10;20,26149802;38,33333333;8,933592258;5,879820824;1,321893442;1,255395174;0
5520;15;34,88797151;63,33333333;9,662737767;5,879888535;2,461125338;4,530348659;0
5521;10;20,06429124;26,5;7,209837766;5,880157948;1,0263929;0,682344675;0
5522;10;14,41997957;19,5;9,509907675;5,881698132;1,186061173;0,584371805;0
5523;15;38,38458064;49,33333333;8,801796161;5,881949425;2,145205125;3,53882432;0
5524;15;34,86218718;53,83333333;9,577210513;5,882271767;2,004933236;3,631289363;0
5525;15;17,01254199;40,83333333;10,62656512;5,882527351;1,121904068;1,319357753;0
5526;15;36,81018213;72,5;10,08525942;5,883156776;3,23594062;6,560031414;0
5527;10;34,65740173;38,66666667;9,589325908;5,883749485;1,878082154;2,247912049;0
5528;15;31,54540308;50;7,859658666;5,885710239;2,012196492;2,915899754;0
5529;10;12,71414531;11,16666667;10,81157519;5,885874271;1,111326359;0,333684802;0
5530;15;42,55117435;63,16666667;9,098613077;5,886079311;2,920293667;5,726683974;0
5531;10;7,974471969;8,833333333;7,209129939;5,886268616;1,022855302;0,154166698;0
5532;15;7,603312678;10;11,07689573;5,886440754;1,027311412;0,221237659;0
5533;10;20,27236111;35,66666667;11,07502505;5,887145042;1,143367888;1,087408423;0
5534;10;18,95992028;23,44444444;9,254244165;5,887500763;1,366073658;0,794868708;0
5535;10;12,9129341;13;8,85005301;5,887926579;1,106802462;0,406481743;0
5536;15;30,10423941;63;11,10878083;5,888506413;1,870517165;3,298786044;0
5537;10;9,670622171;12,83333333;10,39757921;5,888819695;1,0401729;0,264377475;0
5538;10;44,87437077;63,5;10,39622228;5,888874531;2,236479957;4,160880566;0
5539;10;13,90397699;22,66666667;8,592692756;5,889134884;1,120217561;0,56535387;0
5540;15;16,85773552;24,5;8,798865389;5,889569283;1,063876987;0,716161966;0
5541;15;45,54265021;69;9,948097928;5,8899436;3,130518062;6,522671938;0
5542;10;21,20676592;33,83333333;11,20761904;5,890082836;1,368902488;1,630078793;0
5543;10;20,42248829;19,16666667;9,447661763;5,890311718;1,274378168;0,679120302;0
5544;15;43,01000838;49,83333333;10,88708591;5,892004013;2,77236973;4,889474392;0
5545;15;45,21262219;73,33333333;9,642702004;5,892158031;3,001967444;6,338251352;0
5546;10;11,7147796;12,83333333;10,43535627;5,892379761;1,023342907;0,337849736;0
5547;15;21,14324197;31;8,924568643;5,892491817;1,196621368;1,017781138;0
5548;10;18,44842649;30,5;9,953425179;5,893240452;1,045602064;0,786078691;0
5549;15;38,18640425;60,33333333;9,908332285;5,893405914;2,461356601;4,724985957;0
5550;15;37,62646237;33,16666667;10,74456925;5,895601273;1,920818559;2,864536524;0
5551;10;9,72608636;8,833333333;9,230794137;5,896335125;1,127534516;0,224909067;0
5552;10;10,31087609;13;12,53750258;5,896517754;1,035044436;0,297254205;0
5553;10;11,51772653;11,66666667;9,360311943;5,896793365;1,062393605;0,278575182;0
5554;10;21,09810379;29,44444444;9,284511371;5,897145748;1,269538364;0,701886177;0
5555;10;25,58301598;40,5;10,24665572;5,898786068;1,555091009;1,857538462;0
5556;15;26,05739545;51,16666667;7,576728465;5,900930882;1,880761023;2,64601624;0
5557;15;28,75843506;50,5;7,817000578;5,901391029;1,782844862;2,532790899;0
5558;10;20,8846718;23,83333333;10,72811233;5,903064728;1,282524168;0,822375655;0
5559;10;12,67400642;17;9,533883032;5,903097153;1,138339537;0,46163547;0
5560;10;18,38506054;27,5;10,94085133;5,903171539;1,30025923;0,963964939;0
5561;15;32,10779417;56,33333333;8,587765099;5,903298855;2,227537146;3,640305877;0
5562;10;28,46530035;23,66666667;10,21429485;5,903309822;1,383738458;1,129235148;0
5563;10;27,62841767;28;10,24685751;5,9038167;1,526968169;1,511526465;0
5564;15;42,28386424;55,5;9,022637665;5,904360294;2,514903015;4,515699387;0
5565;15;39,41612388;95;9,509891726;5,905542374;3,914965271;9,908216596;0
5566;15;27,32183479;64,83333333;10,54699821;5,905572891;2,651620073;5,292770624;0
5567;10;17,39858608;24,83333333;9,373865339;5,906004429;1,15390082;0,754492283;0
5568;10;20,81780589;29;10,57868257;5,906108856;1,389872195;1,248110175;0
5569;15;46,047046;72,16666667;8,984683007;5,906432152;3,151602696;6,62185359;0
5570;10;40,00131186;57,16666667;10,39980772;5,90703392;2,408762908;4,060631752;0
5571;15;4,969552033;7,166666667;11,8354644;5,907447338;1,015596512;0,101205945;0
5572;15;45,36268316;70;9,813060366;5,907512188;3,510226472;7,451215386;0
5573;10;24,72221327;34;9,412038656;5,908833027;1,585266827;1,532464623;0
5574;10;24,05180843;33,5;9,074261377;5,910961628;1,5917918;1,306665421;0
5575;10;23,28327536;27,83333333;9,301400491;5,911687851;1,264363623;1,045334458;0
5576;15;38,95668263;51,33333333;9,75203827;5,912126541;2,185860602;3,717006326;0
5577;10;26,08096357;39,66666667;8,52763228;5,912147999;1,787812984;1,915389419;0
5578;10;32,75582986;41,66666667;8,98944733;5,914815903;1,611970792;1,951598287;0
5579;10;16,46404874;16,83333333;8,292959672;5,915226936;1,175723466;0,543413281;0
5580;10;6,882605654;26,33333333;9,353146465;5,916259289;1,291553071;1,025062203;0
5581;15;18,10737414;35,48387097;10,54934674;5,916957855;1,173626733;1,223547816;0
5582;10;20,26007311;23;8,573481164;5,919262409;1,263999185;0,822475076;0
5583;10;27,26486917;32,5;9,297254097;5,919493198;1,503088949;1,413674712;0
5584;15;17,96864088;33,66666667;11,13904456;5,919517517;1,504549186;2,418547392;0
5585;10;12,56035136;18,66666667;9,278294035;5,920423031;1,063269134;0,460151792;0
5586;15;20,66968739;45,5;9,878263103;5,921422005;1,212496139;1,51841557;0
5587;10;26,01700981;29,5;8,994987826;5,92274332;1,331167802;1,120328426;0
5588;15;14,08478533;25;9,753917792;5,923002243;1,218061255;0,881318092;0
5589;15;26,94307432;64,5;10,31334658;5,923564911;2,928402503;5,503364563;0
5590;15;37,80347821;75,16666667;9,383879274;5,923686504;2,640080336;5,477663517;0
5591;15;44,34097437;66,16666667;8,487423763;5,924108028;2,922123115;5,764744997;0
5592;10;19,01047923;43,33333333;9,008342544;5,92579031;1,493324501;1,474692941;0
5593;15;34,48137137;62,33333333;8,399048896;5,926075935;2,010272157;3,633254886;0
5594;10;23,96026195;32,66666667;9,692289918;5,926488876;1,334618359;1,252280593;0
5595;10;14,37453313;23,92857143;10,03307193;5,926873684;1,02445844;0,521887422;0
5596;15;35,33449263;43,16666667;10,97302347;5,927436352;2,233466874;3,293672562;0
5597;10;15,09818063;28,66666667;8,7628036;5,927899361;1,111519366;0,780914426;0
5598;10;20,54250946;29;9,191258656;5,928627014;1,290338278;1,010132194;0
5599;15;46,91481019;65,83333333;10,66378341;5,928879261;3,656583945;7,727841258;0
5600;10;8,762379511;27,16666667;7,502337236;5,92895937;1,17339124;0,900756955;0
5601;15;39,32841578;73,66666667;9,984727395;5,929051876;2,819375423;5,987601042;0
5602;15;35,92337275;94,16666667;10,08056658;5,929165363;1,582095826;4,014133573;0
5603;10;28,2339409;38,5;8,831468192;5,930225372;1,493486792;1,666162968;0
5604;10;7,669779009;7;8,631351998;5,930252075;1,047353208;0,111938477;0
5605;10;36,96763808;50,5;9,651909069;5,931090832;1,848006942;2,6819278;0
5606;15;27,95249781;33,5;8,383360125;5,931144714;1,72624532;1,954440594;0
5607;15;41,35520066;57,5;9,115750659;5,931337833;2,385500446;4,355400681;0
5608;15;28,53001306;47,33333333;9,820876205;5,931540489;1,74632362;2,350224495;0
5609;10;15,95214695;18,83333333;9,838565838;5,932355404;1,309979727;0,646163344;0
5610;10;22,33457953;16,66666667;8,656409438;5,932414532;1,146923202;0,675814152;0
5611;10;30,76160135;48;10,05280508;5,932804108;1,634739207;2,185282111;0
5612;10;18,59765414;40,33333333;10,00272655;5,932966232;1,322174293;1,563232541;0
5613;10;34,05887869;44,16666667;9,947767819;5,933914661;1,672573807;2,108052969;0
5614;15;22,85755021;40,16666667;8,951044938;5,935779572;1,590055969;1,866744518;0
5615;10;10,99505929;14,5;8,360572172;5,936134338;1,024865459;0,147699118;0
5616;10;25,64761753;29,16666667;8,720559685;5,939880848;1,306338025;0,952656507;0
5617;10;3,826060916;5,333333333;8,500246045;5,940926552;0,956397973;0,017960191;0
5618;10;23,85893793;37;8,781302694;5,941494942;1,483789539;1,373055935;0
5619;15;32,98530431;45,83333333;10,13318404;5,943052292;2,283568469;3,444461942;0
5620;10;3,55437155;5,166666667;14,65246803;5,943549633;0,987641321;0,012626648;0
5621;10;10,92227222;12,5;8,848643727;5,945295334;1,062020615;0,136992693;0
5622;10;25,97187279;30,16666667;9,096109578;5,94530201;1,554507316;1,389231563;0
5623;10;14,06072643;10,5;10,20001422;5,947271347;1,087991078;0,291390181;0
5624;15;23,42242985;21,33333333;10,21520214;5,947534561;1,333326554;1,301476955;0
5625;15;11,72609935;14,5;8,584787187;5,947797298;1,111820186;0,458783865;0
5626;15;29,01247719;57,33333333;8,209600228;5,948989391;1,963000419;3,159148216;0
5627;10;6,067557642;6;10,06863199;5,949327469;1,022827155;0,039118886;0
5628;10;9,162216526;40,33333333;9,287388524;5,949347496;1,562204758;1,800340772;0
5629;10;29,14331051;51,66666667;9,697551716;5,949712276;2,196388885;3,593080044;0
5630;10;14,49706375;28,16666667;9,535532169;5,950135708;1,060128899;0,168478489;0
5631;10;23,81966212;30;9,653474612;5,950149536;1,29186089;0,809715629;0
5632;10;5,497228495;19,16666667;10,11257882;5,950400352;1,025927694;0,49079442;0
5633;15;34,63303804;51,16666667;8,388936682;5,952402115;1,979730945;3,162671208;0
5634;10;11,38737969;13,36065574;7,196563188;5,952617168;1,027623687;0,310888886;0
5635;15;37,22589314;78;9,709562982;5,953164577;2,684769523;5,830582976;0
5636;10;19,29772043;27,33333333;8,674066161;5,953692913;1,249490904;0,989415288;0
5637;15;7,911801995;15,83333333;10,23552155;5,954755783;1,547457714;0,707300305;0
5638;10;8,496255718;9,833333333;6,938679998;5,956124306;1,012288136;0,196765065;0
5639;15;11,44564922;13,66666667;9,206622647;5,956309795;1,057970122;0,231815577;0
5640;10;28,56198084;43,33333333;8,956433533;5,957956314;1,555274204;1,73447907;0
5641;10;9,858984637;11,16666667;8,584992384;5,95853281;1,07341841;0,238391519;0
5642;15;39,19762513;74,66666667;10,14328103;5,958703518;3,725823955;8,038124442;0
5643;10;20,87769292;33,5;6,882866435;5,959543228;1,438955726;1,191408753;0
5644;10;6,530481604;8;8,508364782;5,959861279;0,992643561;0,10229075;0
5645;10;42,98028641;59,5;11,26805679;5,960077286;2,886114831;5,405417323;0
5646;10;8,074124919;25;10,73622246;5,960334301;1,050562594;0,642173767;0
5647;15;37,71427573;46,83333333;9,870127388;5,961479664;1,936772629;3,089276671;0
5648;15;39,1694515;44,33333333;9,249992625;5,961760044;1,980123371;3,240451455;0
5649;15;31,47229714;59,5;8,608117271;5,963479996;1,954790926;3,421947718;0
5650;15;48,26195742;58;9,377667596;5,964276791;2,483826227;4,744249582;0
5651;10;5,227779432;6,5;12,72603756;5,965051651;0,773954312;0,036055684;0
5652;10;33,2791146;37,66666667;9,820077795;5,9658885;1,509971436;1,620774627;0
5653;10;13,75559122;13,83333333;9,010881641;5,966416359;1,097673791;0,341124415;0
5654;15;27,78222778;27,83333333;8,787316126;5,967276573;1,393883278;1,165657997;0
5655;10;22,31555976;21;8,450929448;5,967451096;1,284431335;0,802950978;0
5656;10;23,61647813;48,33333333;8,055402666;5,967990875;1,132295781;1,4541502;0
5657;10;5,654218621;6;9,173348031;5,968743801;0,913423247;0,054020047;0
5658;15;40,64255265;63,66666667;9,168347965;5,96914196;2,582219704;5,107877254;0
5659;15;7,696945475;12,16666667;9,718045869;5,969764709;1,172443467;0,763073206;0
5660;10;14,22045526;11;10,1774049;5,97010231;1,082205195;0,305564642;0
5661;10;24,51583889;33,66666667;10,40703812;5,970833778;1,352481937;1,284120202;0
5662;10;20,9883959;30,33333333;9,254716039;5,971789837;1,324510741;1,022004724;0
5663;10;6,798349615;7,833333333;9,162669697;5,971886635;1,005872642;0,03036201;0
5664;15;44,66594211;54,66666667;10,06051906;5,973216057;2,794341898;3,762313128;0
5665;15;19,69949643;38,66666667;9,131493882;5,974705219;1,292906479;1,410280824;0
5666;15;32,8260221;55,66666667;7,838193628;5,975811005;2,04045315;3,318031669;0
5667;10;30,93445477;44,33333333;7,78314194;5,977067471;1,286020253;1,467891455;0
5668;15;16,73080759;12,5;10,47982311;5,97792387;1,042728907;0,525816798;0
5669;#N/A;25,47140667;63,66666667;9,872438914;5,978027821;2,704089907;5,08319521;0
5670;10;15,37788472;16,16666667;8,281725549;5,979597569;1,120929062;0,508107781;0
5671;15;18,47070532;84,16666667;8,841416517;5,979878426;2,208761499;5,068512082;0
5672;15;38,68276701;41,5;9,64006368;5,980069637;2,195729714;3,459832668;0
5673;10;26,89307578;26;9,801571185;5,980439663;1,349224881;1,135296464;0
5674;15;22,76864305;46,16666667;10,11603126;5,980605602;1,316067359;1,707089663;0
5675;10;25,17771526;30,66666667;9,373749702;5,981115818;1,1445582;1,021173716;0
5676;15;20,32243308;67,16666667;10,6726;5,982011318;2,724071896;5,365112066;0
5677;15;43,69140248;63,5;9,687486208;5,982056618;2,826475729;5,694658518;0
5678;10;13,8240454;21;10,70610532;5,982745647;1,191297829;0,675494194;0
5679;10;24,40652506;46,33333333;11,80248896;5,982843876;1,797415208;2,358356237;0
5680;10;16,74367684;20,5;8,895424883;5,9842906;1,226991542;0,681577086;0
5681;15;22,66439065;35,5;9,497578262;5,984354019;1,621334178;1,85218811;0
5682;15;47,25645022;54,66666667;9,014371691;5,987282276;2,815680311;5,608180881;0
5683;10;12,16993659;12,66666667;8,022602348;5,987595081;1,074606811;0,33992219;0
5684;15;23,9438501;41,5;8,669753121;5,987894535;1,793336463;2,214138269;0
5685;15;35,15206297;70,5;10,08937452;5,988257885;1,836207074;2,933345437;0
5686;10;36,65395846;39;10,65732926;5,9886446;1,696526697;2,26116991;0
5687;10;13,93090801;20,16666667;12,95940953;5,98865509;1,329207946;0,75784266;0
5688;15;40,27018209;64;9,408177671;5,989227295;2,663129146;5,14203155;0
5689;10;21,72996825;74,83333333;11,63732277;5,989516258;1,549762968;2,983755231;0
5690;15;39,81303999;64,16666667;9,364576435;5,989842415;2,841802713;5,541665673;0
5691;10;17,54147347;21,33333333;9,187136434;5,989959717;1,254796904;0,759055257;0
5692;15;28,87893342;29;10,41366031;5,990647793;1,437712929;1,909182072;0
5693;10;27,15078022;35;9,881424338;5,991048336;1,869398244;1,918668389;0
5694;10;44,03921317;36;10,09692097;5,991206169;1,698182938;2,434771061;0
5695;15;10,50101502;60;9,869211533;5,991810322;2,655966993;4,815123558;0
5696;15;20,45721945;34,5;8,571860679;5,991978168;1,624257664;1,594169974;0
5697;10;27,3527685;32;10,94558977;5,992130756;1,437845086;1,40239203;0
5698;15;33,23606854;49,16666667;9,682985797;5,993387222;1,993638972;3,200553417;0
5699;10;36,60831102;22;10,06119365;5,994315624;1,435536285;1,271175861;0
5700;15;10,63646372;16,33333333;8,927758026;5,994485378;1,03577631;0,537522674;0
5701;10;26,72812888;30,16666667;8,493226491;5,994868279;1,409237416;1,309512973;0
5702;15;35,14967065;45;9,608419889;5,995499611;1,968870381;2,985918283;0
5703;15;41,35208528;56,33333333;9,969260501;5,995566368;2,540760487;4,669735432;0
5704;15;11,76924366;25,5;12,25174429;5,995829105;1,362447483;1,013608336;0
5705;15;26,83118861;37,83333333;9,344964136;5,996343613;1,530188153;1,749367952;0
5706;15;40,65822107;59,33333333;10,54383046;5,996889114;2,031344798;3,922549725;0
5707;10;4,982286112;5,666666667;12,76309732;5,997639179;1;0,001514316;0
5708;10;21,03331763;28,33333333;9,725775098;6,000639915;1,464105522;1,14957571;0
5709;15;4,050418498;5,166666667;7,78949913;6,004906178;1;0,006419659;0
5710;10;14,19634127;13,16666667;10,6986683;6,005768776;1,081292053;0,411669612;0
5711;15;17,91841299;24,33333333;8,463509576;6,006585121;1,771075561;1,248211503;0
5712;10;14,90597505;18,83333333;8,336490336;6,007013321;1,126914476;0,333784699;0
5713;15;40,44244908;63,5;9,884304933;6,007675648;2,557688534;5,049483776;0
5714;15;35,67056195;62;10,22810154;6,00797081;3,115923295;5,852659583;0
5715;10;14,79731944;19;9,564091723;6,008059025;1,204508871;0,579351783;0
5716;15;27,34244703;51,66666667;9,338386371;6,009642124;2,134144132;3,442510128;0
5717;10;35,32861052;50,33333333;10,77078746;6,009643078;1,843281345;2,757486224;0
5718;15;44,23892083;68,33333333;9,551837445;6,009824276;3,072169285;6,394538403;0
5719;10;20,99700573;25,49180328;10,80510416;6,010305405;1,298802949;1,017832518;0
5720;15;22,72722684;39;8,860327493;6,010540962;1,67262356;2,018653154;0
5721;10;20,14229444;32,66666667;9,429791772;6,010873318;1,019414286;0,869401813;0
5722;10;24,99364219;46,83333333;8,140321761;6,010940552;1,473420698;1,801292777;0
5723;10;21,92673995;30;9,440704521;6,011538506;1,304796326;1,056839705;0
5724;10;20,69196556;36,83333333;10,22049364;6,015985489;1,072593799;1,039874673;0
5725;15;24,29922381;62,33333333;9,88654444;6,016961575;2,940705249;4,198098183;0
5726;15;50,04719982;73,83333333;9,117481603;6,017701626;3,587015776;8,057529569;0
5727;10;10,61141389;8,166666667;9,908866709;6,01832962;1,085371562;0,254535794;0
5728;10;22,91613483;36,33333333;11,96058002;6,019211292;1,162186099;1,172243953;0
5729;15;38,45610764;65,5;9,637969642;6,021837234;3,235056741;6,332638025;0
5730;10;23,28448067;38,33333333;9,958202435;6,023903847;1,240412185;1,295755625;0
5731;15;27,78202001;41,33333333;9,567782724;6,024011135;1,890580226;2,503040075;0
5732;15;4,034342084;5,166666667;14,53790056;6,024065018;1,007424095;0,028259635;0
5733;15;36,90763088;60;9,122887875;6,024775982;2,272998277;4,052956104;0
5734;10;30,70548053;36,66666667;9,373974717;6,028107643;1,513758984;1,771753669;0
5735;15;12,96024955;31,66666667;10,68277554;6,028116703;1,05524376;0,302656651;0
5736;10;24,86989522;36,16666667;7,621145986;6,029340744;1,298242426;1,223185658;0
5737;10;20,03567289;24;8,486569648;6,030042171;1,161237032;0,801383972;0
5738;10;13,84859515;19,83333333;9,508003767;6,030973434;1,070576884;0,499781489;0
5739;10;4,570818437;5;5,611013836;6,032258034;0,917159763;0,000111461;0
5740;15;27,44184691;41,16666667;8,083447727;6,033812523;1,663446597;2,065828323;0
5741;15;29,84066077;59,33333333;7,722836389;6,034017563;1,974760756;3,281410933;0
5742;10;22,0452702;31,16666667;8,463552024;6,034202576;1,472608178;1,271437645;0
5743;15;22,07116245;70,83333333;9,797040276;6,03464365;2,347556462;4,655957818;0
5744;15;14,96566019;48,83333333;9,675231974;6,034687996;2,036682444;3,196160078;0
5745;10;21,53766531;18,83333333;10,7650633;6,035712242;1,763531453;1,185735106;0
5746;10;17,0336646;11,66666667;10,38660085;6,03599596;1,125477776;0,412946463;0
5747;15;22,61099453;57,5;12,73377557;6,03635931;2,512375605;4,726993322;0
5748;15;33,01172365;47,33333333;8,701228115;6,036955833;1,766590066;2,728000283;0
5749;15;38,26178558;60,16666667;8,73417926;6,037818432;2,209971299;4,02471745;0
5750;15;15,78976909;28;9,830660303;6,038932323;1,361033692;1,140436769;0
5751;15;30,1163746;54;9,538657433;6,040123463;1,974225817;3,252472878;0
5752;15;41,14743686;70;9,350497614;6,040198326;2,831342288;5,921416879;0
5753;10;19,27723545;21,5;9,989273973;6,041429043;1,250769716;0,799899101;0
5754;10;16,51285242;15,66666667;9,64781357;6,04157877;1,231337445;0,57578671;0
5755;10;28,43772796;42,33333333;9,453673026;6,041931629;1,234126845;0,710350871;0
5756;10;13,43811313;21,5;7,670767788;6,042595863;1,081446502;0,583478093;0
5757;10;11,99323276;9,666666667;10,87172933;6,042630672;1,018305372;0,304182768;0
5758;15;39,71194833;71,83333333;9,853273267;6,042815685;2,575081149;5,917034507;0
5759;10;25,58615057;35,83333333;8,667453054;6,042861938;1,342924408;1,2939533;0
5760;10;22,71819575;24,16666667;9,323065579;6,043004513;1,316476975;0,941576362;0
5761;15;36,65668995;60,16666667;9,240152985;6,04325676;2,613313743;4,87810719;0
5762;10;14,53614091;20,66666667;9,926423469;6,043453217;1,168363163;0,576866627;0
5763;10;9,838170635;13;10,47799235;6,044071674;1,186520787;0,372887492;0
5764;10;6,3059432;6;11,22269499;6,045277119;1,047623797;0,083259225;0
5765;10;14,10404063;13,83333333;7,250267995;6,045497894;1,174807647;0,469870806;0
5766;10;8,444064482;8,333333333;8,736858828;6,046177864;1,02372734;0,146267176;0
5767;10;14,2505127;16,33333333;9,016380703;6,046740532;1,120187586;0,497938514;0
5768;15;6,607670114;24,16666667;7,495342096;6,046918869;0,99281105;0,559177637;0
5769;10;7,910741945;13,33333333;14,49027207;6,047010899;1,114380199;0,376802325;0
5770;15;38,93140845;65;10,12286971;6,047016144;2,816797254;5,534186721;0
5771;15;32,81154905;50,66666667;8,720942967;6,048082352;2,191327601;3,438609123;0
5772;15;22,43178426;61,66666667;9,660562261;6,049146175;2,410570486;4,556431293;0
5773;15;23,61688061;37,33333333;8,694106977;6,050205708;1,571991305;1,743072987;0
5774;15;6,643935191;10,5;11,79089945;6,050839424;1,079933241;0,356122494;0
5775;10;23,10529286;24;9,334990988;6,051836014;1,274581901;0,98880899;0
5776;15;46,47837794;53,33333333;8,985660096;6,052093029;2,118510161;3,763387322;0
5777;15;29,17933155;68,66666667;10,78990327;6,052287102;2,796801669;5,973335385;0
5778;15;4,383382946;6,333333333;10,10853713;6,052460194;1,050139862;0,183649421;0
5779;15;36,343564;59,5;11,15078898;6,053636551;3,462971414;7,408997893;0
5780;10;10,73911629;9,166666667;8,724416763;6,054329872;1,020154487;0,192449212;0
5781;10;28,06740267;48,16666667;8,751380029;6,054735661;1,085583234;1,196632028;0
5782;10;6,805251807;7,333333333;11,19814416;6,056202412;1,013739471;0,075853705;0
5783;15;19,65923299;25,66666667;9,002560847;6,056330681;1,322828889;0,995431781;0
5784;10;21,18277935;26,5;9,531434068;6,059144974;1,343448146;0,855019331;0
5785;15;34,37598857;67,5;9,482876449;6,060623646;2,623877744;4,866772294;0
5786;15;31,10548224;38,33333333;7,679391826;6,061224461;1,818300298;2,251062155;0
5787;15;34,54138562;44,16666667;8,774471396;6,062150478;1,882191211;2,806060672;0
5788;20;50,85158307;71;9,724351619;6,06369257;3,830322703;8,650892973;0
5789;10;37,34022245;49,66666667;9,035527416;6,064130783;1,359907403;1,999346733;0
5790;10;4,291809182;5,833333333;9,633242926;6,065139294;1,060852018;0,051313519;0
5791;10;17,68313558;17,5;10,58304824;6,065200806;1,244574036;0,747848511;0
5792;15;6,270207942;10,66666667;11,58482036;6,065463543;1,017265795;0,040513754;0
5793;10;27,69296342;43,16666667;9,562151524;6,065640926;1,402872133;1,60634923;0
5794;10;21,98374085;38,16666667;9,573318858;6,065798759;1,419356541;1,399958372;0
5795;#N/A;5,237924433;13,33333333;11,45327737;6,065979481;0,779579651;0,214307785;0
5796;15;17,02119592;42,5;9,519064837;6,066157341;1,017183896;1,158065438;0
5797;10;16,27156403;17,83333333;8,825873454;6,066261292;1,170028754;0,645892143;0
5798;15;46,49261261;54,5;9,94141226;6,066283703;2,62762325;5,014674067;0
5799;15;5,870203327;6,333333333;11,16073374;6,066466331;1,013290758;0,065918922;0
5800;15;4,738599847;5,166666667;13,08517874;6,067576408;1,012521122;0,046421885;0
5801;15;25,90089458;31,66666667;9,532075525;6,067903519;1,649795457;1,850373149;0
5802;15;38,35254969;58,83333333;10,49805519;6,068522453;2,858059731;5,299029708;0
5803;10;28,15004073;32;9,003001584;6,069958687;1,473263426;1,565822244;0
5804;10;29,32088191;40,66666667;9,536162056;6,071766376;1,782850259;2,174453974;0
5805;10;15,5519649;19;9,733354456;6,073653221;1,117744844;0,596857548;0
5806;10;30,08776026;35,16666667;9,466732791;6,074222565;1,409597851;1,365017414;0
5807;15;36,80977577;68,7704918;8,88806597;6,075204372;2,883424392;5,768409133;0
5808;15;44,36798435;59,66666667;9,892922513;6,076425552;2,944809118;5,833155036;0
5809;15;11,89618224;21,16666667;7,57937058;6,076433659;1,115396438;0,410054207;0
5810;10;25,83707639;41,33333333;8,461761566;6,076556683;1,404347297;1,579244733;0
5811;15;27,17919766;68,16666667;9,517188406;6,076966763;2,986865409;6,223504782;0
5812;10;3,583764088;5,166666667;9,78788459;6,077184677;0,93440987;0,007461905;0
5813;15;3,88513048;5;7,909256896;6,077611923;0,99702381;0,00024271;0
5814;10;4,075217824;6,5;10,549879;6,077677727;1,042796081;0,057446122;0
5815;15;22,99316579;36;10,58677671;6,07793808;1,617269882;1,69773972;0
5816;10;19,52774102;41,33333333;8,400765169;6,079565525;1,007855631;1,092727065;0
5817;10;16,55896362;16,33333333;8,649137811;6,080174446;1,201989267;0,542913318;0
5818;15;28,55604753;51,83333333;10,22185475;6,080748558;2,201085445;3,964103341;0
5819;15;36,96920208;55,5;10,00574924;6,083204746;2,63067131;4,863626719;0
5820;10;16,34500755;35,66666667;9,33829731;6,084228992;1,633981045;1,761639595;0
5821;10;15,30989437;32,66666667;8,649440984;6,084490776;1,268144134;0,870512366;0
5822;15;37,8978715;34,66666667;7,969136114;6,085717201;1,787159972;2,469556332;0
5823;10;24,81718093;31,83333333;9,646014058;6,086771011;1,350628287;1,184918046;0
5824;10;16,84278656;18,33333333;8,308600805;6,088049889;1,178977392;0,651577353;0
5825;10;32,39678492;45,83333333;9,724068502;6,0882864;1,589054156;2,110979199;0
5826;15;43,68631826;55;9,970093357;6,08994627;3,022258007;5,732163191;0
5827;15;7,362099378;8,5;8,83684713;6,090178013;1,044518221;0,20648694;0
5828;10;20,07482102;24,5;8,693002203;6,090226173;1,780523414;1,179386139;0
5829;10;30,53264551;45,5;10,06431722;6,09039259;1,58087369;1,977691293;0
5830;10;31,03351717;34,16666667;9,474300673;6,090441704;1,525553915;1,619526982;0
5831;15;27,63874545;67,16666667;11,14566163;6,090464115;4,256618418;8,897628546;0
5832;10;23,4989183;21,83333333;10,27128318;6,090491295;1,291503264;0,894488811;0
5833;10;5,468485754;9,166666667;9,591376749;6,091866016;1,097671592;0,198085308;0
5834;10;26,69281723;40;8,216795241;6,09264183;1,570418395;1,718818307;0
5835;15;35,92390326;63,66666667;9,920982025;6,09364748;2,942405449;5,584724665;0
5836;15;24,26492215;27,66666667;9,562498224;6,095487595;1,394093547;1,352715731;0
5837;10;37,80768998;39,5;10,69480934;6,098053932;1,90797388;2,596238613;0
5838;10;44,60563115;47,83333333;10,82411784;6,099076271;2,248363093;3,677807331;0
5839;10;14,52018807;22,83333333;8,119745718;6,099900723;1,14916239;0,59573853;0
5840;15;22,76557713;72,33333333;8,559028049;6,100356102;1,002087679;1,882511377;0
5841;15;48,49024345;63,66666667;10,84797224;6,101121426;3,141549448;7,069407105;0
5842;10;19,96724559;29,33333333;10,72902593;6,101485252;1,162248037;0,97617054;0
5843;15;25,15241922;18,16666667;13,83288712;6,103040695;2,124365864;2,013183832;0
5844;10;25,71291613;22,33333333;9,072321303;6,103725433;1,323592863;0,987020493;0
5845;15;6,412946132;9,5;7,146695628;6,104313374;1,129036075;0,270787597;0
5846;10;20,04418273;26,66666667;11,07443725;6,105796814;1,271625332;0,986711979;0
5847;10;14,30178878;18,83333333;9,330620167;6,106406689;1,136210704;0,483544588;0
5848;10;24,3205103;49,5;9,663888299;6,108021259;0,942145136;1,257510185;0
5849;15;38,66147838;70,16666667;9,440474469;6,108364582;2,811389798;5,86521256;0
5850;10;19,33693957;26;9,579212569;6,110547543;1,280685688;0,932121634;0
5851;15;49,41753953;66,83333333;10,403618;6,110626698;2,956872619;6,648374081;0
5852;10;17,84976998;22,33333333;8,296606479;6,111026287;1,195652874;0,757549167;0
5853;10;20,68338881;26,83333333;8,202475062;6,111217499;1,188529074;0,932215095;0
5854;15;15,77669064;38;8,086495542;6,111444473;1,200924611;1,214430451;0
5855;15;28,33158604;28,55555556;10,02658728;6,111465931;1,709610993;1,721213579;0
5856;10;13,71851613;26,5;10,31532237;6,111528397;0,718522319;0,440795898;0
5857;10;28,91355675;43,16666667;10,38776387;6,111673355;1,545048287;1,967291594;0
5858;15;28,03622497;46,16666667;9,430763639;6,113039017;1,831186832;2,662045002;0
5859;10;27,66423933;42,83333333;9,177975417;6,113219261;1,499429234;1,484670043;0
5860;10;13,46313535;14;9,972721675;6,113246918;1,173566292;0,468302131;0
5861;10;17,81870417;18,33333333;9,635647371;6,113288403;1,168029611;0,422918081;0
5862;10;11,92987344;12,83333333;8,757826779;6,11335516;1,056001145;0,091440797;0
5863;10;20,0124025;36,83333333;9,731466993;6,113715649;1,653690323;1,771727443;0
5864;10;8,098516518;7;8,057593474;6,114386559;1,043379641;0,104943633;0
5865;15;34,65518463;51,16666667;10,07827292;6,117404461;3,019950642;5,068667173;0
5866;15;49,1739943;63,33333333;9,71864751;6,117662907;3,131560711;6,716439247;0
5867;10;20,39825158;25,83333333;10,77560361;6,119467258;1,171914457;0,886981249;0
5868;10;5,703914564;7;10,01991406;6,120140553;0,993960031;0,064953566;0
5869;15;14,81621122;19,33333333;8,819227771;6,121517658;1,230153066;0,718254924;0
5870;10;13,51645481;17,33333333;7,994237148;6,122346401;1,16270432;0,533016443;0
5871;10;12,27209872;11,16666667;10,62073598;6,122430801;1,095160441;0,361238837;0
5872;15;10,18790743;16;9,836775366;6,123097897;1,142831657;0,780884385;0
5873;10;41,68835711;73,16666667;8,776150812;6,123532772;2,056242955;4,163804889;0
5874;15;30,86225417;45,33333333;8,307204116;6,126439571;1,864301662;2,741139054;0
5875;10;3,719442275;5,166666667;13,12520625;6,127529621;0,979481512;0,0297786;0
5876;10;22,62904543;33,5;6,989141027;6,128363609;1,129481852;1,04933238;0
5877;10;32,37720347;42,5;10,92922777;6,12947607;1,688519999;2,211366773;0
5878;10;22,6100783;27,16666667;8,392569434;6,129897594;1,310129728;0,982247114;0
5879;10;13,84180831;20,66666667;9,227698378;6,131057262;1,102752227;0,465449333;0
5880;10;23,24000984;32,5;8,437845065;6,132214069;1,706215194;1,466096044;0
5881;10;7,878243269;9,166666667;8,942676611;6,132297993;1,040208085;0,17000103;0
5882;10;26,74633228;52,66666667;8,286373701;6,132464409;1,220824784;1,723727822;0
5883;10;20,43145346;36,33333333;6,255028863;6,13260603;1,002453652;1,017902255;0
5884;10;17,19634881;29;9,118178988;6,132959366;1,223671237;0,957256436;0
5885;10;23,43155775;29,66666667;9,377851537;6,133490086;1,236238546;1,03646791;0
5886;10;6,222607836;7,833333333;11,44781025;6,134317875;0,998813202;0,145858645;0
5887;10;17,21381971;30,16666667;7,815014288;6,13639307;1,013764271;0,770555258;0
5888;10;9,808003645;6,333333333;11,87637004;6,136624813;1,058970188;0,131434083;0
5889;10;10,53785362;15,83333333;10,60053581;6,137797356;1,031038843;0,368067622;0
5890;10;21,48746026;28;9,012196678;6,13845396;1,260361878;0,835890293;0
5891;15;23,00697974;29,66666667;8,5281074;6,138602734;1,402207043;1,314615846;0
5892;15;35,17845203;51,83333333;9,403943051;6,139485359;2,453664345;4,123647094;0
5893;15;37,6413995;47,66666667;10,05928365;6,139649391;2,201569556;3,775700092;0
5894;10;37,51046284;53,83333333;10,84180057;6,139935017;1,670253531;2,807212353;0
5895;15;35,49203677;46,83333333;10,07688491;6,140534878;2,082493704;3,369540453;0
5896;15;11,95572007;19,33333333;10,42791255;6,142432213;1,164628764;0,704339027;0
5897;15;32,56816348;49;9,287889063;6,142445564;2,001505328;3,154438496;0
5898;15;28,24941616;45,16666667;9,031360309;6,142639637;2,361386659;3,320331335;0
5899;15;18,87181558;27,83333333;9,581783602;6,142693996;1,518249643;1,094361544;0
5900;15;40,39768237;65,83333333;10,12132078;6,143887043;2,844758474;5,929599762;0
5901;10;9,38493469;9,5;9,459171478;6,144510746;0,971369593;0,20611918;0
5902;10;9,486114703;12;9,817910323;6,145150661;1,030060855;0,294117332;0
5903;15;34,55267202;70,66666667;11,65057413;6,14601326;3,121498566;6,876732111;0
5904;10;31,28837194;34,66666667;10,98553723;6,147677898;1,605845335;1,870667696;0
5905;10;22,33028062;24;9,448927891;6,148342133;1,356464004;1,004464269;0
5906;15;37,89724514;50,16666667;8,902814539;6,149267197;2,274161135;3,727969408;0
5907;15;36,97576951;73,83333333;9,671548851;6,149451256;2,002604957;4,277994514;0
5908;15;46,73883688;63,33333333;10,10431912;6,151359081;2,443984315;5,070329666;0
5909;10;19,72951441;22;10,53720662;6,152021885;1,292146914;0,852183938;0
5910;10;23,3635328;26,5;9,180460096;6,153091431;1,248113138;1,099332809;0
5911;10;23,2625451;31,66666667;7,785740232;6,153430462;1,29995821;1,143195629;0
5912;10;14,19068056;15,5;10,23333123;6,153859138;1,139702676;0,358533144;0
5913;15;30,7770103;49,16666667;10,05131047;6,154171944;2,091344988;3,315996289;0
5914;10;7,999837355;25,16666667;9,011239615;6,154654026;1,51524349;1,012026072;0
5915;10;22,2801928;29;9,225666836;6,15553236;1,272402211;0,848120689;0
5916;10;32,39361247;39;9,947376432;6,156062126;1,644001738;2,024162889;0
5917;15;4,479181945;6,166666667;8,067702762;6,156194687;1,000908479;0,046895385;0
5918;15;34,76267395;69,5;8,968362912;6,157290936;2,965798458;6,050849915;0
5919;15;26,07936096;66,16666667;9,892647776;6,157359123;2,30604507;4,075465918;0
5920;10;11,63934706;11,33333333;8,600847972;6,157632351;1,041290716;0,276081681;0
5921;15;30,52347601;49,5;8,57791568;6,157993793;1,694606302;2,569380522;0
5922;10;25,79796451;37,83333333;8,510090235;6,158195496;1,447519324;1,456196785;0
5923;15;25,69039123;29,33333333;11,50196115;6,158354282;1,432089733;1,750239253;0
5924;10;8,186438402;11,16666667;7,629476539;6,158675194;1,02720455;0,134448051;0
5925;15;35,82627386;55,16666667;9,837636358;6,158803463;2,421462402;4,133025646;0
5926;15;42,99779129;57,33333333;10,37394627;6,159850121;2,409846566;4,790524721;0
5927;15;37,98622735;49,66666667;9,437023223;6,160687923;2,373462588;4,009778023;0
5928;10;16,79982686;25,66666667;8,657606074;6,16093111;1,203420792;0,820592999;0
5929;15;27,60193903;47,83333333;8,982272414;6,164239407;1,822579259;2,74349606;0
5930;10;25,32293713;23,83333333;9,671329938;6,165733814;1,39677264;1,085126519;0
5931;10;9,161252778;8,333333333;11,40554035;6,166205883;1,84725266;0,324051499;0
5932;15;33,27433283;52,33333333;8,606793664;6,167026997;1,712667274;2,788907051;0
5933;10;9,788247955;13,83333333;6,533781151;6,167371273;0,997302071;0,270685911;0
5934;10;17,09515471;22;10,05313369;6,167390347;1,220137853;0,704617381;0
5935;15;30,17644636;33,66666667;9,540429613;6,16741991;1,578741575;1,933695912;0
5936;10;44,64162555;71,5;9,30040712;6,168348789;1,533449099;3,086996675;0
5937;10;23,15053474;27;9,850064026;6,168918133;1,50717334;1,218864322;0
5938;15;4,089294256;5,166666667;11,12630871;6,16991663;0,992706734;0,013314962;0
5939;10;36,47462786;37,33333333;9,539185055;6,170332909;1,918787303;2,456260324;0
5940;10;23,9601527;31,5;9,118073717;6,171304226;1,374729534;1,276975274;0
5941;10;40,42249114;64,66666667;12,32162094;6,171450615;3,288146268;6,917791009;0
5942;15;39,16311842;55,16666667;9,000222969;6,171491623;2,361608229;4,242752671;0
5943;10;13,52012669;21,33333333;10,82463495;6,172059059;1,15602346;0,661159277;0
5944;10;43,21917557;65,66666667;9,610165565;6,173184872;2,007663726;3,807285905;0
5945;15;26,65329744;51,33333333;11,18388539;6,17339468;2,404221701;4,501506209;0
5946;10;25,21708529;24,5;7,588983267;6,174752712;1,138901795;0,934634328;0
5947;15;33,84706205;40,33333333;8,950311359;6,175059795;1,78062174;2,756697178;0
5948;10;20,3349768;18,66666667;10,18136161;6,175207615;1,269514355;0,782415271;0
5949;15;32,72493987;32,16666667;9,778506558;6,17574358;1,68580264;2,013111949;0
5950;15;12,08268076;26,5;8,733302523;6,176297665;1,113144715;0,756552696;0
5951;10;19,48291725;20,83333333;8,724814862;6,178133011;1,231731242;0,732914448;0
5952;15;17,67534444;41,16666667;7,757192596;6,178358555;1,260061448;0,865109324;0
5953;10;17,36011331;30,16666667;9,464402297;6,179806232;1,119369726;0,878908396;0
5954;15;40,19617932;52,83333333;11,75756453;6,179880142;2,380742405;4,800486922;0
5955;15;48,76732222;58,33333333;9,943704635;6,180184841;2,750148319;5,891150117;0
5956;10;6,198111116;6,333333333;10,48276247;6,180496693;1,027199262;0,04429698;0
5957;10;20,20159775;26;9,658858513;6,181079865;1,42734203;1,061894894;0
5958;10;20,98538222;33,5;9,83802423;6,181098938;1,331764688;1,304112911;0
5959;15;37,35656153;30,83333333;9,704061782;6,181241035;1,733053625;2,244419217;0
5960;10;16,09473388;26,33333333;9,605411126;6,181337833;1,154985014;0,64176321;0
5961;15;37,07954671;66,96721311;8,769588518;6,181870937;3,103680809;6,253041387;0
5962;15;31,40035842;34;10,03329006;6,182020664;1,911708116;2,045577288;0
5963;10;15,12039819;23,16666667;11,89909583;6,182919025;1,14494862;0,740179896;0
5964;10;11,10780055;17;11,1498171;6,18296051;1,205767115;0,645322204;0
5965;15;29,51288586;60,33333333;9,82628971;6,18305254;2,662136088;5,205879807;0
5966;10;26,39986647;40;7,770003129;6,184644699;1,569902311;1,649624825;0
5967;10;7,471204596;41,83333333;8,366541997;6,185242176;1,729798619;2,166185737;0
5968;10;24,82444129;33,33333333;9,547271116;6,186511517;1,368087029;1,323021054;0
5969;15;25,04824199;44,16666667;7,391842257;6,186893463;1,624593829;2,004138231;0
5970;10;37,55231768;51,33333333;10,03418575;6,187176228;1,650149617;2,003217101;0
5971;10;11,32620435;13,33333333;6,89861862;6,187260151;1,043244753;0,34156394;0
5972;10;10,64874755;16,5;10,93891441;6,19109726;1,018535268;0,059008956;0
5973;10;23,65253661;27,33333333;9,884424672;6,192492008;1,434983955;1,238881826;0
5974;15;35,44817987;40,16666667;10,3171275;6,193061829;1,836256121;3,053882599;0
5975;15;37,58206178;72,33333333;11,17632933;6,19426775;3,89118716;8,589596391;0
5976;10;30,75498042;46,33333333;9,818178056;6,194447517;1,718454743;2,347029209;0
5977;10;29,99036209;43,16666667;8,930884017;6,194677353;1,569184581;1,475084543;0
5978;10;28,43591894;44,5;8,842347987;6,194962025;1,500391171;1,835529923;0
5979;15;22,60860869;38,83333333;9,442129362;6,195155621;1,672382571;2,020845056;0
5980;10;6,344686384;8;11,67433261;6,196004868;0,919666955;0,106713057;0
5981;10;22,97647342;24,33333333;10,33517421;6,196312904;1,335157718;1,132153749;0
5982;15;37,31991183;61,33333333;9,030032912;6,196504116;2,66332861;5,104727745;0
5983;10;19,27397347;27,16666667;7,358342313;6,196638584;1,321211026;0,95029366;0
5984;10;34,29685981;38;10,99597374;6,197153568;1,748838462;2,282701015;0
5985;10;17,78099922;22,66666667;7,333712918;6,197318077;1,242664789;0,740522861;0
5986;10;17,9685351;17;9,136479697;6,198646545;1,132303371;0,559986591;0
5987;10;23,54949527;33,66666667;11,49262878;6,198817253;1,432824231;1,488947272;0
5988;15;20,41049633;39;8,301968709;6,19910717;1,267019177;1,456269979;0
5989;10;32,27718304;47,16666667;11,03108091;6,20083046;1,665438031;2,514004707;0
5990;15;42,68389648;67;10,40819917;6,200923443;3,487915104;7,592888951;0
5991;10;19,57378271;28;10,37669977;6,201083183;1,197621907;0,614781618;0
5992;15;6,739323103;12,66666667;9,622304932;6,203730583;1,009485606;0,031639099;0
5993;15;34,87516393;42,16666667;9,536620896;6,204197407;1,989798958;2,998976469;0
5994;15;5,630662326;9,5;10,84680839;6,204405308;0,984511909;0,158063293;0
5995;15;32,85571881;54,16666667;9,266972413;6,205138683;2,483647506;4,687013626;0
5996;10;7,652947347;7,666666667;8,505647402;6,206163883;1,015446875;0,139971852;0
5997;10;5,811212664;5,333333333;11,0144226;6,206403732;0,959599807;0,027959347;0
5998;15;33,67667427;47,66666667;9,425213991;6,207350254;2,02374358;3,168972731;0
5999;15;33,6180349;69,5;9,539492038;6,208375931;3,271999096;6,688909292;0
6000;10;9,650866916;15,33333333;13,74740528;6,208687782;0,747380407;0,261366963;0
6001;10;15,28889713;26,83333333;10,84272252;6,209012985;1,027604091;0,888727546;0
6002;10;30,47142696;39,66666667;9,367746281;6,209021091;1,551564376;1,774530649;0
6003;15;27,80648201;44,5;10,77818607;6,209362507;1,964530554;2,155804873;0
6004;10;13,45796051;14,83333333;10,92588753;6,209559441;1,183698016;0,474970222;0
6005;15;32,49625545;56,33333333;9,447213542;6,209880829;1,881548087;3,296548128;0
6006;10;26,9112954;43,66666667;9,212855025;6,210833549;1,513652634;1,747613549;0
6007;15;24,4129082;58,5;8,584740684;6,211163044;2,333666808;4,254051089;0
6008;10;11,05567763;16,5;10,88977701;6,211881161;1,03860044;0,450415373;0
6009;15;44,43381471;63,33333333;10,38231302;6,212023735;2,948827521;6,310952663;0
6010;10;26,10827408;21;10,41888608;6,213088512;1,361252639;1,101428628;0
6011;10;4,617309615;5;12,60421111;6,213910103;0,982204363;0,001267433;0
6012;10;8,367153992;10,5;7,825071035;6,214684963;1,020603191;0,203421354;0
6013;10;22,69226976;24,16666667;10,61950334;6,214752197;1,316218312;1,198336363;0
6014;10;24,05034537;25,16666667;8,125392107;6,215084553;1,374506456;1,118864536;0
6015;10;17,03685694;18,33333333;9,57748552;6,218535423;1,119316752;0,633204579;0
6016;10;15,65546718;23,33333333;8,137481897;6,218881607;1,192762025;0,550344467;0
6017;15;42,91414306;74;9,79047263;6,219037533;3,283062433;7,163938046;0
6018;10;13,02023826;20;9,531598765;6,220508575;1,040821079;0,573436975;0
6019;15;18,57282513;48,33333333;10,40385673;6,221107006;1,108673513;1,550129175;0
6020;10;12,74832222;17;7,818688075;6,222671032;1,053315279;0,462783933;0
6021;15;31,28222374;25,33333333;8,553226049;6,22286272;1,431849208;1,521111131;0
6022;15;46,63914674;95;8,360968352;6,224113464;2,940123495;7,82824564;0
6023;10;26,69726717;31,33333333;8,289609962;6,224896908;1,350183742;1,043681026;0
6024;10;5,827616059;6,333333333;8,737949834;6,226542473;1,010013649;0,053774834;0
6025;10;17,71157201;25,83333333;8,219854512;6,226756573;1,26709756;1,059672952;0
6026;15;3,587072469;6,5;9,381109821;6,226940632;0,968447632;0,06946826;0
6027;10;25,50162699;24,16666667;10,13439257;6,227208138;1,36738592;1,169150829;0
6028;10;16,53342034;39,33333333;8,551299235;6,228496552;1,59621434;1,832592607;0
6029;10;21,78068867;30,5;9,941825433;6,229161263;1,302753527;1,237306356;0
6030;15;4,489104413;5,333333333;10,51515561;6,229793549;1,001975761;0,036532402;0
6031;10;15,02041482;26,16666667;8,145885616;6,231511593;1,062426242;0,695517898;0
6032;15;3,480039862;5,166666667;11,03776125;6,233011246;0,972996927;0,024471045;0
6033;15;39,55906079;89,83333333;8,693588142;6,233319283;1,59689661;4,116617203;0
6034;10;6,552841733;7;10,75269572;6,234033108;1,010685246;0,099393964;0
6035;10;22,18667897;26;8,502441092;6,234306812;1,278728784;1,034769416;0
6036;10;11,81837728;19,16666667;10,20886852;6,234354973;1,061924788;0,608586669;0
6037;10;35,83913812;51,66666667;9,857618975;6,235015869;1,633962879;2,569927692;0
6038;10;32,53174534;71,33333333;10,16400126;6,235035896;1,304151234;2,580485225;0
6039;15;36,90245187;52;9,845256246;6,23512888;2,248001049;3,913643003;0
6040;10;15,4620633;21,16666667;8,105240889;6,235392094;1,201610737;0,535439253;0
6041;10;24,1870315;49,33333333;8,523434429;6,235552788;1,410417116;1,501478195;0
6042;15;40,08909972;95;9,336466781;6,235960484;2,780097976;7,408143759;0
6043;10;26,02452536;44;7,229304058;6,238712788;1,332191288;1,50141871;0
6044;15;26,74662924;51,16666667;10,30555575;6,239061832;1,884543907;3,229532123;0
6045;10;32,96287567;29,83333333;10,22465724;6,240888119;1,63906825;1,845274806;0
6046;15;48,56642529;68,33333333;9,830029453;6,241090775;4,08574297;9,452689171;0
6047;10;22,28937742;17,66666667;10,70402849;6,241537094;1,435638756;0,987554908;0
6048;15;38,4366477;82;9,817346029;6,241723061;4,217320535;10,03262603;0
6049;10;7,336623285;6;10,32502332;6,242133617;1,036872435;0,108852148;0
6050;15;40,50796636;37,16666667;10,06319929;6,242863178;1,96586369;3,118811131;0
6051;15;21,4594307;46,5;9,52563375;6,24599123;2,104812622;3,275490761;0
6052;15;32,07855028;28,83333333;8,938992178;6,246204376;1,667510314;1,976068616;0
6053;15;31,89831145;54,16666667;8,812100406;6,246944904;2,164181684;3,665211082;0
6054;10;13,29484086;16;8,861960368;6,248864174;1,176921108;0,4836303;0
6055;15;4,032948157;5,166666667;12,03011192;6,249800682;1,011847559;0,020552516;0
6056;10;11,37221097;14;9,976499045;6,249900818;1,134659676;0,47165525;0
6057;10;7,74354928;7,166666667;8,606733356;6,25159502;1,013759955;0,123703003;0
6058;15;32,31696495;79,66666667;9,46953153;6,252032757;1,599945271;3,638598919;0
6059;10;26,79918611;40,33333333;11,93346564;6,252097607;1,611826238;2,021235347;0
6060;15;47,18681126;64,66666667;10,43850133;6,252109051;3,232991148;6,987506628;0
6061;10;17,53796523;26;8,306971908;6,253852844;1,151254462;0,59681201;0
6062;10;7,558484875;13,36065574;10,95937218;6,254070282;1,256673854;0,477552533;0
6063;10;22,52995338;32,83333333;8,184479377;6,254180908;1,377583547;1,30010879;0
6064;15;26,48999739;43,66666667;9,460832338;6,254432201;1,990193961;2,727715969;0
6065;10;19,54705328;17;10,06761278;6,255080223;1,084866871;0,671687126;0
6066;10;16,25087747;20,83333333;7,904064959;6,255256653;1,119645234;0,62797761;0
6067;15;37,26713585;75,16666667;8,996247467;6,255761147;2,60047257;5,674605966;0
6068;15;30,89481777;56,66666667;7,899937195;6,256031036;1,863045697;3,009212494;0
6069;15;30,5433111;56,66666667;10,49186578;6,256045818;1,69886148;2,343389034;0
6070;10;20,23977616;30,66666667;10,19703681;6,258574963;1,216822908;1,079990029;0
6071;10;6,264283387;7,5;8,726963495;6,258768559;1,004099563;0,091919184;0
6072;15;22,48698966;37,33333333;9,707791587;6,258869648;1,454728617;1,987313509;0
6073;10;10,22758675;14,5;9,222142565;6,259881973;1,075824761;0,367895126;0
6074;10;30,0334695;54,83333333;8,445734347;6,259987831;1,358481263;2,08080101;0
6075;10;34,17520155;51,66666667;8,130748767;6,260931015;1,830377012;2,782162547;0
6076;10;26,50887471;40,16666667;7,844645686;6,261429787;1,544031497;1,781807542;0
6077;10;8,1231375;7,166666667;7,92153264;6,261591434;0,987749717;0,003912091;0
6078;15;24,1495488;94,33333333;10,94516931;6,261957645;3,212710316;8,468144894;0
6079;10;43,06100766;61,83333333;9,794111835;6,263746262;2,093603675;3,770663857;0
6080;10;14,51885501;15,83333333;9,494534109;6,26402235;1,218732433;0,561775923;0
6081;15;7,306151398;7;9,169031795;6,264762878;1,079146345;0,198875904;0
6082;10;40,19740815;80,16666667;9,920494532;6,265058041;2,514758076;5,761253476;0
6083;10;20,65622021;23,83333333;8,111527008;6,265298367;1,283198131;0,891626716;0
6084;10;16,06993626;24,83333333;7,51071337;6,265398026;1,214799439;0,882959723;0
6085;15;34,22646385;52,66666667;10,2481112;6,265635014;2,285950314;3,903251648;0
6086;10;5,829133706;7;8,301985343;6,266704082;0,652312184;0,046735406;0
6087;10;18,61282321;16,66666667;10,62783109;6,26693058;1,242830102;0,79612267;0
6088;15;23,70731769;26;9,417243588;6,268932343;1,394752607;1,694719791;0
6089;15;21,26420088;21;10,92469304;6,269046307;1,435128784;1,488337755;0
6090;15;10,1255445;11,66666667;12,37759981;6,269346237;1,002955818;0,616737008;0
6091;15;41,08073735;57,33333333;9,220970273;6,271240234;2,266327474;4,303399801;0
6092;15;29,72740989;33;9,441581609;6,271869659;1,529736825;1,997896552;0
6093;15;21,40278927;32,16666667;9,29107075;6,272415161;1,537959488;1,532209754;0
6094;15;27,19763252;26,83333333;8,941541507;6,273275375;1,614932456;1,676541448;0
6095;10;19,68819429;18,83333333;8,479201662;6,274339676;1,213749217;0,681212425;0
6096;10;7,819380415;11,16666667;8,195217527;6,277645111;1,295646562;0,228378057;0
6097;10;10,42844928;19,33333333;9,90356076;6,278202057;1,148185788;0,512408733;0
6098;15;6,033985812;12;9,952281398;6,278251648;1,410427807;0,470595241;0
6099;10;23,02359812;34;9,470072328;6,278425694;1,317110139;0,970361114;0
6100;15;24,95075797;36,66666667;14,06270364;6,278674126;1,911274647;3,530514598;0
6101;15;13,21975851;13,5;9,39437162;6,278892994;1,208439255;0,647581816;0
6102;10;22,56765205;32,5;8,828108925;6,279214859;1,279972969;1,10870409;0
6103;15;33,64885443;38,66666667;8,862636521;6,281290054;1,759064665;2,506705284;0
6104;15;7,583043581;7,5;10,92538369;6,281292915;1,087111164;0,316977143;0
6105;10;6,563578169;5,833333333;9,614516219;6,281521797;1,006018;0,069223523;0
6106;10;19,51265288;22;11,95094495;6,281529427;1,06845034;0,689427257;0
6107;10;30,30913059;58;9,164083381;6,283082008;1,436305351;2,282009125;0
6108;10;17,39392561;14,33333333;10,6196479;6,284043312;1,226477497;0,705607653;0
6109;10;5,001299336;5,5;9,786526839;6,284999371;1,00016415;0,00913012;0
6110;10;10,42594304;14,5;8,084177907;6,285853863;1,016039792;0,344701052;0
6111;15;33,71919091;47,33333333;11,41475914;6,286018372;2,133847465;3,443923473;0
6112;10;16,28435546;28,16666667;6,769976973;6,286500454;1,084949008;0,736825943;0
6113;10;13,83786384;29,33333333;9,428157066;6,288836479;1,006551503;0,850370765;0
6114;10;5,496028522;6,833333333;8,379458807;6,28888464;1,00060012;0,003749967;0
6115;15;6,829894588;12;8,536148836;6,289465427;1,01990133;0,278841257;0
6116;15;40,6728094;64;9,905850406;6,290701389;2,062037482;4,263981104;0
6117;15;37,89186173;45,33333333;9,271611498;6,290995121;2,121786118;3,565529704;0
6118;10;10,40548683;11,33333333;10,69252339;6,292181492;1,058089376;0,144797444;0
6119;10;12,14018751;18,5;8,63200695;6,293718338;1,103163016;0,271536112;0
6120;10;7,74263174;9,333333333;9,374053072;6,294051647;1,010934407;0,168220878;0
6121;10;6,466200356;5,833333333;9,619565517;6,29411459;1,029841744;0,085837007;0
6122;15;32,182308;45,66666667;9,632753298;6,294674397;1,759349713;2,700113058;0
6123;10;5,599054611;5,166666667;11,5823478;6,294818878;0,998248506;0,014541268;0
6124;10;19,8850523;30,66666667;9,354468836;6,295473576;1,309669327;1,094690561;0
6125;10;30,09551705;49;9,080260176;6,295802593;1,730996233;2,541476607;0
6126;10;7,047232261;5,833333333;7,125999337;6,296183586;1,002190869;0,074160933;0
6127;10;14,42338495;36,66666667;10,20446543;6,297262669;1,20212122;1,277725458;0
6128;15;35,50032668;52,33333333;9,432450488;6,297347069;2,225006429;3,845324397;0
6129;15;28,6372691;57,16666667;10,60873321;6,297510624;2,659642592;5,050512314;0
6130;15;42,71566587;48,33333333;11,01126016;6,297735214;2,522618577;4,914194107;0
6131;15;22,95241406;48,5;9,573084508;6,299133778;1,249104748;1,923347831;0
6132;15;27,6154793;63,5;11,35879386;6,299609661;3,367550063;7,221361041;0
6133;10;14,03672247;15,66666667;11,86673485;6,301134586;1,189626372;0,603416085;0
6134;10;11,18445615;20,33333333;8,416342607;6,302005768;1,288284684;0,841814995;0
6135;15;14,81844834;63;10,3539583;6,302169323;3,497660107;7,231592298;0
6136;10;7,973540278;15,33333333;10,3146861;6,303647995;0,380946587;0,122351646;0
6137;15;33,6750501;52;9,700810002;6,303655624;2,494470499;4,341525793;0
6138;10;15,39073937;21,83333333;11,52235264;6,304790974;1,012789052;0,594959855;0
6139;10;26,5540786;32,83333333;9,213012732;6,305515289;1,612177616;1,704464436;0
6140;15;21,50113948;37,33333333;7,944500302;6,305519104;1,391978717;1,557824612;0
6141;10;12,54189507;14,55555556;10,15856525;6,30590868;1,083831919;0,187377453;0
6142;10;35,94928396;69,83333333;8,390092572;6,305914879;1,297697412;2,562155962;0
6143;10;10,07553055;12,33333333;9,028800408;6,306332588;1,068672778;0,34371531;0
6144;15;42,78967822;59,83333333;10,53514749;6,306362152;2,513664379;5,227342725;0
6145;10;9,078766807;7,166666667;9,844010899;6,307604313;1,05902175;0,140367866;0
6146;15;25,95108118;28,66666667;9,483611019;6,308023453;1,563689003;1,745606184;0
6147;15;38,21025321;60,83333333;9,662672265;6,308508396;2,510139916;4,939449072;0
6148;10;26,32069466;40,16666667;7,268149619;6,308897495;1,363664005;1,521242619;0
6149;10;17,94208034;20;8,872641588;6,3094244;1,454469686;0,878111482;0
6150;15;26,74921406;68;9,783881493;6,310092449;3,136860376;6,590471029;0
6151;10;17,17897156;24,5;9,468966578;6,310637474;1,258028651;0,849514365;0
6152;15;19,58649338;22;9,556410392;6,312149525;1,327606559;1,183111906;0
6153;15;46,38873796;60,66666667;11,12935025;6,312403202;3,222613167;7,300168514;0
6154;15;3,46377781;5,833333333;12,81705637;6,314632893;1,003454105;0,010278225;0
6155;10;4,233680493;15;7,726458055;6,315449238;1,030659366;0,419741392;0
6156;10;13,0070538;18,33333333;9,832401572;6,316633701;1,126727649;0,563830137;0
6157;10;45,84369568;75;7,71810045;6,317043781;1,862793938;3,997984767;0
6158;15;15,84834004;14,66666667;8,102336343;6,317644119;1,255129821;0,660741687;0
6159;10;19,57194806;25,33333333;11,09868907;6,317934036;1,651823342;1,555423975;0
6160;10;18,25760278;38,16666667;11,15804381;6,320192337;1,351501428;1,256858587;0
6161;10;8,452901009;8,666666667;10,85412819;6,321730137;1,034959513;0,11259973;0
6162;10;35,79661924;49,66666667;10,59721694;6,321763515;2,109572361;3,389393806;0
6163;10;23,9349814;31,33333333;8,590805056;6,321977615;1,436712382;1,369918823;0
6164;10;9,0022875;11,5;10,02609288;6,322322845;1,05091523;0,319511175;0
6165;15;25,60458544;16,33333333;8,840014902;6,322631359;1,251761771;0,948683262;0
6166;15;29,05772367;48,33333333;9,82622094;6,32360363;1,848049804;2,912684321;0
6167;10;43,53965387;63;9,371541329;6,324995041;2,106790551;4,045942783;0
6168;10;42,65178279;62;10,99990112;6,325248718;2,691054761;5,279094458;0
6169;10;27,9074625;25,5;8,016540892;6,32568121;1,398923654;1,18667531;0
6170;15;36,66769169;43,83333333;10,45191047;6,326900482;2,109303321;3,508147836;0
6171;15;30,38625941;42,5;10,54260347;6,327887535;1,636865962;2,498751998;0
6172;15;43,53924872;84,33333333;10,51288488;6,328159809;2,942015227;7,492655993;0
6173;15;9,679491061;57,16666667;10,939759;6,328180313;2,425197535;4,586869597;0
6174;15;20,86990375;35;9,854961647;6,328868866;1,718272255;1,649750948;0
6175;10;7,090986088;8,333333333;11,58961719;6,32972002;1,025205253;0,110334992;0
6176;15;26,97954662;37,16666667;9,479736834;6,329903603;1,569845202;1,992612362;0
6177;10;17,18698998;24,5;6,389560541;6,330480576;1,213602692;0,830576897;0
6178;15;31,63583484;44,66666667;9,341467671;6,330788136;1,759856418;2,612213254;0
6179;10;20,18631168;28,33333333;8,418149369;6,330882549;1,426487575;1,073693633;0
6180;15;25,15201275;54,33333333;10,2429203;6,330934525;2,581666623;4,908085585;0
6181;15;38,78625014;91;9,887303813;6,3310709;2,284157319;5,979936242;0
6182;10;14,58349387;17;9,094378901;6,331274986;1,117027885;0,560502887;0
6183;15;10,00484737;31,5;9,220116371;6,331520557;1,171679306;1,093688607;0
6184;10;5,138256151;5,5;10,18620293;6,332592964;1,001010714;0,007476568;0
6185;15;49,97030259;77,16666667;9,524178206;6,333077431;3,510504274;8,58270824;0
6186;15;36,08528685;57,83333333;8,495099789;6,335078716;2,430976331;4,435067296;0
6187;10;16,51014066;22,83333333;8,101572532;6,335804939;1,187807616;0,752798915;0
6188;10;29,73743342;47,83333333;9,284199185;6,336117744;1,23364979;1,720369935;0
6189;15;15,74490619;40,66666667;12,6825416;6,336415291;1,921590441;2,7633847;0
6190;10;5,096888856;5,166666667;9,866655982;6,336620331;1,011142259;0,021524668;0
6191;15;33,93368205;50,66666667;10,07192468;6,336836338;2,024141922;3,390257955;0
6192;10;44,86483707;58,33333333;10,15068914;6,337095261;1,879444807;3,406252265;0
6193;10;9,090705107;16,83333333;13,05047905;6,337221146;1,12462158;0,754644275;0
6194;15;37,03587474;59,33333333;8,975124557;6,337794781;2,239427934;4,30188489;0
6195;10;10,47763496;30,33333333;8,48988;6,337993145;1,067477205;0,866493821;0
6196;10;13,78793927;25,5;7,891575635;6,338814259;1,004005282;0,625647306;0
6197;10;6,370229167;6,833333333;12,7161685;6,34058857;0,847806315;0,070459485;0
6198;15;23,40225772;46,5;10,20207631;6,340662956;1,990935424;3,381614804;0
6199;15;32,04756974;52,83333333;11,90139569;6,340826035;3,344789869;7,475313187;0
6200;15;8,195264061;12,66666667;10,8941282;6,342573166;0,925204329;0,266271234;0
6201;15;25,96624982;65,5;9,574116603;6,342578888;1,6081983;2,946678877;0
6202;10;13,0408823;25;9,005486609;6,343635082;1,299955982;0,964782;0
6203;15;44,87929445;58,5;10,33186606;6,343751431;2,330570641;4,896258712;0
6204;10;13,85245201;11,83333333;9,789647628;6,344963551;1,1654339;0,435117364;0
6205;15;30,78355137;40;9,179427349;6,345724106;1,661549411;2,315315723;0
6206;15;16,36283625;17,5;8,988097879;6,345789909;1,310156495;0,908236265;0
6207;10;16,96731389;29;7,515640449;6,346897602;1,147298547;0,816658974;0
6208;10;37,13053382;52,5;9,316400055;6,348049164;1,493308289;2,451036692;0
6209;10;35,69043144;48,66666667;8,685945161;6,348361015;1,511472233;2,3000319;0
6210;10;14,95635791;15;10,23344879;6,348727703;1,159627307;0,588054061;0
6211;15;8,391654784;10,66666667;10,45083498;6,34919405;1,111507935;0,343210816;0
6212;10;6,429318772;22;9,484771353;6,349382401;1,305383736;0,903788924;0
6213;15;11,28795446;63,5;9,976167954;6,349622726;2,480814392;5,29592979;0
6214;10;24,53064396;33,5;10,2719736;6,350879192;1,360647909;0,908012509;0
6215;15;35,42203319;54,66666667;9,935928148;6,351036072;2,533049092;4,702659726;0
6216;10;32,89615794;42,5;9,235322724;6,351212978;1,473831439;1,145655155;0
6217;10;10,12087083;13,16666667;7,796213317;6,351419926;1,0320558;0,312681794;0
6218;15;40,70415222;62,5;9,117569768;6,352599621;2,726597947;5,575534344;0
6219;15;38,60596661;60,83333333;10,21997415;6,353381157;2,56478003;5,189352512;0
6220;15;34,50820715;60,66666667;9,861506118;6,354278564;2,652662083;5,124923229;0
6221;10;8,827274748;13,5;8,851781963;6,355327129;1,014438293;0,287738442;0
6222;15;27,78978315;62,33333333;9,451212321;6,355633259;2,69499803;5,437676907;0
6223;10;12,10394446;15,16666667;10,44937395;6,356894493;1,105769866;0,304458618;0
6224;15;8,080306161;15;8,51277608;6,357311249;1,236859436;0,594952106;0
6225;10;25,2276019;21;10,3657761;6,357432842;1,257274805;0,825296879;0
6226;10;9,342146127;12,33333333;11,40816697;6,358555317;0,688192705;0,199018598;0
6227;10;9,22973574;7,666666667;10,56253357;6,359195232;1,193352225;0,192503333;0
6228;15;35,33568658;68,33333333;10,36203131;6,359333992;3,307154972;6,854136109;0
6229;10;31,9848372;46;9,109932981;6,359873295;1,637716954;2,056161404;0
6230;10;13,40582548;21;11,2193172;6,360147953;2,025450313;1,093663692;0
6231;10;16,28395391;48,33333333;9,948435678;6,361436367;2,039300995;3,193397641;0
6232;10;15,76673771;23,66666667;10,02760042;6,361473083;1,063122242;0,652446628;0
6233;15;27,25002958;48,33333333;8,594917584;6,361476898;1,558444868;2,411877632;0
6234;10;18,38290892;21,83333333;10,68717333;6,361498833;1,223532279;0,868173957;0
6235;15;39,92367364;54,5;9,858623521;6,361629486;2,603416826;4,968058109;0
6236;15;22,4030683;55,83333333;7,14040156;6,361950874;1,319041603;2,078605413;0
6237;15;29,35302003;39,33333333;9,600697705;6,363373756;1,604567782;2,210378647;0
6238;10;35,45430094;56,5;9,312177064;6,364207745;1,611448853;2,721493125;0
6239;15;38,28672432;39,83333333;10,35177814;6,364661694;2,012165883;3,431993723;0
6240;15;15,52622986;29;14,14824164;6,365057945;4,144803039;4,614037514;0
6241;10;4,907940707;5,333333333;10,8645411;6,365145683;1,001349058;0,017459631;0
6242;15;43,03046865;42,66666667;9,816008324;6,366404057;2,318252986;4,211695552;0
6243;15;36,18550816;55,66666667;9,623176978;6,366471767;2,58782198;4,798248887;0
6244;15;32,04905049;63,83333333;10,12913189;6,366751194;2,506108984;4,825881362;0
6245;10;9,605580053;8;9,247192006;6,366942406;1,034650869;0,121293306;0
6246;10;30,34019013;43,66666667;10,24188097;6,367146969;1,508540585;2,029249668;0
6247;10;22,44040749;37,5;9,209340249;6,367700577;1,477208929;1,552695394;0
6248;10;22,41316243;29,5;7,954627382;6,36877346;1,365974456;1,17009604;0
6249;15;19,26355961;21,16666667;10,13140018;6,368909359;1,251739963;1,082425833;0
6250;10;31,20904967;35,5;9,833833751;6,371251583;1,521308532;1,554600358;0
6251;10;27,29440007;40,83333333;9,06790887;6,371954441;1,520107098;1,888047695;0
6252;10;23,05564892;33,83333333;6,996917402;6,3731637;1,430782338;1,301362276;0
6253;15;33,05429872;71;9,104612608;6,373583317;2,70091947;5,789455652;0
6254;10;29,68677185;39;9,708917047;6,373802662;1,565099534;1,749964476;0
6255;10;26,84843112;40,83333333;11,411939;6,373889923;1,59231727;1,962845564;0
6256;10;23,03577039;22,66666667;10,34006451;6,37479496;1,304971133;1,061208606;0
6257;15;41,2990594;43,83333333;10,7044304;6,37506628;2,644051645;4,881386757;0
6258;15;30,22080781;41,16666667;9,443508436;6,375226021;1,912580585;2,759473324;0
6259;10;23,9451632;22,5;9,21782632;6,375804901;1,328436558;1,039423347;0
6260;10;19,99036439;34,33333333;7,926850246;6,376789093;1,252078317;1,191738367;0
6261;10;14,43632019;12,16666667;8,670962249;6,377115726;1,074129044;0,406029701;0
6262;10;7,815344633;9,166666667;8,93787688;6,378325462;1,01123645;0,174562454;0
6263;10;21,72684556;28,66666667;9,538776691;6,378600121;1,316496308;1,203135133;0
6264;10;26,02200721;29,83333333;9,951819626;6,380333424;1,480642281;1,420385361;0
6265;15;44,99134975;83,5;10,376736;6,380486965;3,711117825;9,631221533;0
6266;10;36,20721047;62,83333333;9,335247118;6,38201046;1,725279469;3,27148664;0
6267;10;18,0256934;22,16666667;9,977927405;6,382454872;1,113310238;0,428619862;0
6268;15;19,68757865;24,33333333;8,731222388;6,382809162;1,455634162;1,260290504;0
6269;10;32,68551627;46,33333333;10,37180304;6,382941246;1,677066453;2,109640479;0
6270;15;33,08251973;56,33333333;10,08898579;6,3833251;2,373401694;4,327516079;0
6271;15;31,03107513;75,83333333;9,765680918;6,38356781;1,445799295;3,192042708;0
6272;10;10,47214445;11,66666667;9,381668374;6,383945942;1,048053052;0,329308748;0
6273;10;7,725090912;12,33333333;8,893664379;6,384292126;1,15318156;0,453974128;0
6274;10;11,93485793;25,83333333;10,23347729;6,384676933;1,018468313;0,368270516;0
6275;10;4,438282517;16,5;8,796077971;6,384848118;1,113351979;0,511441946;0
6276;10;7,665966695;5,666666667;12,93739575;6,385931492;0,997254846;0,117257237;0
6277;10;8,540529699;11;10,51307398;6,386203289;1,037170878;0,092424989;0
6278;15;40,86133966;45,83333333;10,42242744;6,386556625;2,278178702;4,168731332;0
6279;15;40,77626371;51,83333333;12,60840199;6,386662483;3,755679878;8,063714266;0
6280;15;8,073492876;12,5;10,56732237;6,386987686;1,095891709;0,598722219;0
6281;15;54,48969017;88,16666667;9,14009191;6,387673855;2,473962047;6,433188677;0
6282;10;41,77800833;44,5;10,65135667;6,38884306;1,815403343;2,865710139;0
6283;10;3,944510588;5,5;8,581221693;6,388943195;0,905093687;0,045214415;0
6284;15;38,3491038;55,16666667;9,002670236;6,389172554;2,431721479;4,548324823;0
6285;10;5,289280356;6,166666667;7,442605647;6,389974594;1;0,039404273;0
6286;10;29,24524174;42,66666667;8,923694035;6,391456604;1,478848981;1,922735095;0
6287;10;8,598879167;12;10,38408414;6,391722202;1,004099427;0,035273075;0
6288;15;11,92006221;17,33333333;9,352185649;6,392410278;1,123274753;0,533729076;0
6289;15;4,4880979;5,5;11,6464029;6,392714977;1,003242023;0,038328767;0
6290;15;32,30629482;52,33333333;9,710724114;6,39410162;1,885522952;3,234907269;0
6291;10;23,34976646;30,83333333;9,759168207;6,395866871;1,128822195;1,055090547;0
6292;10;24,6115624;28,83333333;9,285594485;6,395889759;1,366480092;1,280648232;0
6293;10;17,87066164;17,5;9,891207497;6,396006107;1,210442813;0,713760972;0
6294;10;23,05431232;21,83333333;9,28175329;6,396431446;1,247498883;0,881020904;0
6295;10;23,21567882;27;8,806784491;6,396930695;1,448663955;1,242553353;0
6296;10;25,54086398;28,83333333;9,134034961;6,397025108;1,255126144;1,199799061;0
6297;10;10,88091771;11,83333333;10,3000299;6,397326946;1,057230366;0,256135345;0
6298;10;22,8040313;32,66666667;10,13743939;6,398530006;1,381268539;1,503889561;0
6299;15;27,02758072;60,5;10,49206884;6,399625301;2,609258027;5,294031978;0
6300;15;42,64507855;65;10,45567286;6,39989233;1,943017384;4,359577894;0
6301;10;8,748354449;18,16666667;8,774552801;6,400330067;1,247219537;0,789390087;0
6302;15;44,65796788;67,5;9,840279338;6,401771069;3,222368966;7,142668009;0
6303;10;19,58174553;18,83333333;9,112352667;6,403140545;1,279026626;0,818371654;0
6304;15;32,57667771;41;10,05657621;6,404424667;2,094731837;3,205157042;0
6305;10;7,787882997;10,83333333;11,76342734;6,4046278;1,007480874;0,072592735;0
6306;15;6,514563371;11,16666667;8,701585333;6,404681683;1,118321193;0,240647554;0
6307;15;40,16873711;43,16666667;9,540935474;6,405863285;2,074208314;3,540233135;0
6308;10;33,32141378;37,66666667;9,921520241;6,406353474;1,655691462;2,062862039;0
6309;10;13,66853054;22,16666667;11,51763593;6,406415462;1,170225193;0,673277855;0
6310;10;18,44494071;31,16666667;8,358319716;6,407964706;1,151251079;0,972230434;0
6311;10;17,26227825;14,33333333;11,52521143;6,408353329;1,257257833;0,701705098;0
6312;10;22,9847973;35,83333333;10,47442568;6,408704281;1,537432701;1,952119589;0
6313;10;8,359810039;8;10,10811917;6,408927441;1,024083337;0,189271212;0
6314;15;43,53092653;50,66666667;9,445539736;6,409115314;2,521828845;5,009576201;0
6315;10;7,436620462;6;11,08224234;6,409346581;1,185617221;0,097460389;0
6316;15;18,70706433;68,83333333;10,8810669;6,409378052;2,788824667;5,870444655;0
6317;10;12,261582;14,33333333;8,669607118;6,409670353;1,076865826;0,301818728;0
6318;15;42,55262061;67,66666667;9,391805898;6,409968376;2,864170386;6,240993857;0
6319;10;6,681645803;7,5;11,78858014;6,410275459;1,010443181;0,132866025;0
6320;15;6,669123017;74,66666667;10,11285266;6,410978794;2,596236778;5,462761641;0
6321;15;39,21875334;37,66666667;10,56301792;6,411249161;2,280686876;3,872324824;0
6322;10;19,56771301;24,83333333;9,555383408;6,411705494;1,351550919;0,994425654;0
6323;10;23,0490391;25,66666667;9,607805569;6,411743164;1,392190499;1,112845182;0
6324;10;9,439768166;21;8,91820442;6,41222477;1,371017672;0,837878227;0
6325;15;19,56147288;45,83333333;8,433355794;6,412505627;1,822823333;2,649201751;0
6326;10;25,21223967;27,33333333;8,168019177;6,41382122;1,201543327;1,165047169;0
6327;10;30,83453847;44;10,23139758;6,414218903;1,708801922;2,234199166;0
6328;15;33,05935759;42,66666667;8,440994358;6,41453743;1,656855019;2,553061604;0
6329;15;37,00322501;58,5;9,990816725;6,414741993;2,506223956;4,990667582;0
6330;15;32,97854832;43,5;9,435373564;6,417462349;1,79491737;2,728146434;0
6331;15;39,02489789;59,66666667;10,63448839;6,418656826;2,808648919;5,77380991;0
6332;10;7,010505333;8;10,37788275;6,418946743;1,010012571;0,070087552;0
6333;15;39,52279616;58,16666667;10,26048485;6,419028282;2,520713888;5,069992185;0
6334;15;33,25543839;30,83333333;9,766411354;6,419250011;1,914808536;2,515162706;0
6335;15;6,27190843;8,166666667;9,16247341;6,419493675;1,098123501;0,229513168;0
6336;15;37,69269409;59,33333333;10,090216;6,42043829;2,578528618;5,212503672;0
6337;15;33,68041091;44,66666667;9,885068344;6,421370029;1,866009391;3,097278118;0
6338;15;43,2322136;61,83333333;11,45188824;6,422049046;2,999084961;6,616720676;0
6339;15;50,02228007;52,83333333;10,48875122;6,422178745;3,018172978;6,492064357;0
6340;10;21,76109817;23,16666667;10,70874771;6,422538757;1,315489883;0,985548615;0
6341;15;21,1787102;31,33333333;10,19230667;6,423476696;1,736753369;1,894683361;0
6342;10;7,574496449;7;8,38994425;6,424295425;1,019718055;0,094893932;0
6343;10;12,69333197;15,83333333;7,952565933;6,424458981;1,078606423;0,329123974;0
6344;15;31,79487381;70,66666667;10,79904723;6,424600601;4,330072743;10,03459084;0
6345;15;10,98250881;12;9,705559122;6,42463398;1,434128944;0,528789163;0
6346;15;32,1093901;55,5;9,810482455;6,424890518;1,998480916;3,715072155;0
6347;10;24,43435499;32,66666667;7,569498687;6,42539072;1,419211334;1,406288743;0
6348;10;14,83090686;20,33333333;9,387142215;6,425727844;1,35650008;0,763016701;0
6349;15;28,16018726;44,83333333;8,592888244;6,425744534;1,83830877;2,726213217;0
6350;10;33,08629035;40;9,269828471;6,426320553;1,569189218;2,038518906;0
6351;10;9,458199948;10,33333333;10,74855384;6,427990437;1,068181956;0,270736098;0
6352;15;14,43648701;24,5;10,317177;6,428240299;1,134083771;0,882985234;0
6353;15;33,04412581;43,66666667;10,1447401;6,42845583;1,894054611;2,915623784;0
6354;10;10,10607419;9,5;10,45554699;6,429362774;1,040990944;0,3244102;0
6355;15;4,75812993;6,166666667;10,39193125;6,429429531;1,242339877;0,059745073;0
6356;15;28,82330677;34,83333333;8,222036461;6,429645538;1,549378807;1,89615798;0
6357;10;19,71736223;10,66666667;12,04518912;6,430188179;1,105826668;0,469562888;0
6358;15;20,37613744;40;8,152323624;6,432230949;1,234125897;1,467839479;0
6359;10;13,69491611;17,33333333;8,503708345;6,433725357;1,24061739;0,57596612;0
6360;15;39,66246285;52,83333333;9,488669851;6,43377161;2,36758612;4,329445004;0
6361;10;19,36177729;30,83333333;9,703329768;6,436507225;1,327249901;1,019654393;0
6362;10;28,86115972;35,83333333;10,34906725;6,436958313;1,475542294;1,628607392;0
6363;15;28,01355743;34;10,47050996;6,437281609;1,505698972;1,968672395;0
6364;10;24,00378637;25,33333333;8,923760699;6,437497139;1,350501164;1,235088706;0
6365;10;4,393537025;5,666666667;10,05427931;6,438941479;0,998698308;0,007655859;0
6366;15;35,53555099;44,33333333;9,858025809;6,439406872;1,813560884;2,869585633;0
6367;10;38,29276111;59,66666667;10,6572447;6,440621853;1,815669976;3,257491946;0
6368;15;16,69457226;32;9,201589299;6,441598415;1,2826949;0,821185112;0
6369;10;5,40467005;6,333333333;10,2108276;6,441614151;1,004971795;0,035175681;0
6370;15;21,28910083;12,5;8,893433607;6,442309856;1,253231236;0,766844273;0
6371;15;33,0202476;60,16666667;8,297712785;6,44246769;2,167595923;3,988070011;0
6372;10;25,45094661;33,66666667;9,157145728;6,443135738;1,19157216;1,450617433;0
6373;10;18,41764023;23,83333333;10,25591849;6,443270683;1,118602153;0,409509897;0
6374;15;39,2085;51,66666667;10,59472257;6,44327116;2,210384891;4,36346066;0
6375;15;35,8150066;53,66666667;10,20879336;6,444637299;2,45249883;4,529186726;0
6376;10;21,31293847;22,83333333;9,021403174;6,44527483;1,479964883;1,090564728;0
6377;10;19,33284355;26;7,797326791;6,447191715;1,260784222;0,951768041;0
6378;10;34,8035938;41,66666667;11,23445636;6,447206497;1,920135847;2,774071455;0
6379;10;22,7740903;28,66666667;9,468361178;6,447920322;1,180385761;0,515132904;0
6380;15;34,87707514;66,83333333;11,04410456;6,448182106;3,785003442;8,739101291;0
6381;15;32,45945677;55,5;7,983618618;6,44830513;2,122100771;3,640493155;0
6382;15;46,13943787;60,16666667;9,864008975;6,448476791;2,812109559;4,552130818;0
6383;10;17,16646398;21,16666667;9,857851655;6,44896841;1,093919584;0,6708709;0
6384;10;11,54743134;14,66666667;9,172173893;6,449363708;1,081451446;0,280920625;0
6385;15;32,09896237;70,83333333;9,913998774;6,449451923;2,461308611;4,758629322;0
6386;15;7,463711888;6,333333333;9,148199017;6,449976444;1,02636773;0,153537989;0
6387;10;16,51626345;31,83333333;8,269635224;6,451169491;1,220144636;0,925127387;0
6388;10;12,91481999;14,16666667;9,760668248;6,451395512;1,109297252;0,437203407;0
6389;15;36,80214098;46,83333333;11,1176243;6,45223856;1,985859288;3,690664411;0
6390;10;8,276642514;8,666666667;8,577477707;6,452388287;1,035699142;0,137151003;0
6391;15;15,8304582;57,33333333;9,888824619;6,452437878;1,692685797;3,027087927;0
6392;10;18,21326385;16;12,34591097;6,453252316;1,192879624;1,001828671;0
6393;10;41,19131111;58,33333333;7,271816898;6,45344305;1,77008414;3,155103922;0
6394;10;18,09352264;19,5;10,60524698;6,453697681;1,192219792;0,746491313;0
6395;10;13,64417452;13,66666667;9,563340817;6,453925133;1,076346453;0,463869572;0
6396;15;33,32008535;55;10,62829312;6,455080986;2,628987984;4,822829604;0
6397;15;31,88345173;59,16666667;10,08071148;6,455219746;2,374195339;5,423413634;0
6398;10;48,11274306;54,16666667;11,70366208;6,45554018;2,454128514;5,034106731;0
6399;15;44,15057224;43,83333333;9,262892275;6,455677986;2,097796928;3,665548921;0
6400;10;15,98587406;41;9,677811552;6,455989361;1,179129487;1,450853825;0
6401;10;9,51100479;11,16666667;9,845009195;6,45610714;0,76802371;0,192262292;0
6402;10;15,36902496;17,5;9,340530011;6,457247257;1,139240686;0,556578517;0
6403;10;9,11887072;12,83333333;8,561366348;6,457332134;1,079365079;0,37536335;0
6404;10;9,067338626;10,83333333;7,917830435;6,458004951;1,04487254;0,256005764;0
6405;10;14,82203311;21,16666667;7,474387839;6,45859766;1,195893828;0,737686992;0
6406;10;9,450303495;8,333333333;11,44497246;6,459918022;1,135652201;0,22719121;0
6407;15;40,11509942;66,5;9,72346648;6,462172985;2,231823143;4,787477493;0
6408;10;24,49082941;29,33333333;9,542903708;6,462677956;1,390292687;1,256829619;0
6409;10;8,614307501;8,666666667;9,060445235;6,463219643;1,098131624;0,207176328;0
6410;10;5,975259346;8,333333333;7,917657125;6,464485645;0,99639931;0,157166243;0
6411;10;28,62120902;32,83333333;9,880053991;6,464678288;1,2151464;1,288292289;0
6412;15;32,88953876;58,5;9,483387481;6,465096951;1,992697111;3,7758708;0
6413;10;31,77725556;46;10,58771857;6,465591431;1,661760801;2,430989385;0
6414;10;54,13359212;76,66666667;11,98220649;6,466840744;3,802586467;9,80529964;0
6415;10;24,67268081;28,33333333;8,967602464;6,467600822;1,388554014;1,240765691;0
6416;10;14,36846595;18,66666667;9,339292452;6,467666149;1,036644721;0,622050643;0
6417;10;9,821524953;13,5;10,91041981;6,468202591;1,050934008;0,345885396;0
6418;10;9,181161461;32,33333333;9,308751912;6,469470978;1,299293156;1,199314237;0
6419;15;20,83215273;36,5;9,753905515;6,469873905;1,621932296;1,893676162;0
6420;15;28,59265716;42,33333333;8,750833698;6,470650673;1,774425893;2,527970552;0
6421;10;5,55697705;5,5;12,6526511;6,470888138;0,968570198;0,095444083;0
6422;10;14,64396134;14,66666667;7,758701113;6,472052097;1,195749429;0,442332864;0
6423;15;38,82020332;60,16666667;10,43375682;6,473704815;2,574553425;5,426101089;0
6424;15;24,51682206;46,83333333;9,508711057;6,474802971;1,526662087;2,482039332;0
6425;15;31,55174116;57,66666667;9,357684047;6,475197792;2,218816578;4,009878397;0
6426;15;34,09487131;60;9,88459575;6,475474358;3,314160494;6,498092294;0
6427;15;30,14132667;36,83333333;9,277764756;6,479499817;1,440617141;1,998752236;0
6428;10;44,54568782;38,5;9,693585918;6,480618;1,764400091;2,619477034;0
6429;10;21,79537794;38,5;9,248673913;6,480799675;1,333218574;1,436062098;0
6430;15;33,3645145;67,33333333;9,094119098;6,481387615;2,360885787;4,898464561;0
6431;10;33,45583127;36,33333333;10,34723929;6,481698036;1,648689765;2,121064544;0
6432;10;32,07013319;61,33333333;10,0143153;6,482869625;2,005061886;2,734230995;0
6433;10;5,10451656;5,5;11,9285251;6,483197689;0,959372553;0,02651751;0
6434;10;16,17683992;21,83333333;10,10117212;6,483230591;1,13065873;0,77480197;0
6435;10;13,75163897;16;9,303823146;6,483765602;1,213538113;0,518257856;0
6436;15;42,95718277;82,66666667;9,896422746;6,483773708;3,660164825;9,422955751;0
6437;10;10,53787853;9;9,330729493;6,485729218;1,077008635;0,272510767;0
6438;15;30,25873046;50,33333333;8,439630036;6,48579216;1,510826518;2,458158255;0
6439;10;48,25023126;74,5;8,984633912;6,48649025;1,903543961;4,353452682;0
6440;15;32,08497712;54,16666667;8,261078279;6,487348557;1,852539498;3,282411575;0
6441;10;19,86608942;32;9,722090138;6,487867355;1,272325072;1,191283464;0
6442;15;29,6201463;45,5;10,46369454;6,488861084;2,866933641;4,731473446;0
6443;10;5,463573266;5,666666667;12,44879713;6,489082813;0,998684889;0,043470144;0
6444;10;7,516379658;9,666666667;9,878054086;6,491159439;1,018320586;0,197505593;0
6445;15;24,85383386;55,83333333;8,482369366;6,491714001;1,85483252;3,1304456;0
6446;15;27,5200771;51,66666667;9,691243662;6,491826534;1,818441604;2,964098692;0
6447;15;36,9863563;85;9,514464292;6,492090702;2,846564497;7,11643219;0
6448;10;11,17460391;13;8,31487893;6,492385864;1,049410725;0,36586833;0
6449;10;11,85855625;10,33333333;11,52724682;6,492790222;1,029230409;0,23500526;0
6450;15;13,16743234;33,33333333;11,2286598;6,493001938;1,601824428;1,800084472;0
6451;10;13,23275987;6,666666667;12,54798719;6,493140697;1,061281027;0,081248164;0
6452;10;11,94322926;12,83333333;9,370417448;6,494731903;1,097973514;0,392473102;0
6453;10;14,80518762;22,16666667;8,990946757;6,494785309;1,198155934;0,399824619;0
6454;10;10,30571565;12,5;10,25350692;6,494943619;1,172459312;0,380291343;0
6455;15;47,97998642;58,5;9,843074769;6,495078087;2,185154581;4,582438827;0
6456;15;26,71856566;50;9,836682187;6,495666027;1,719211259;2,523304343;0
6457;15;30,58609244;41,33333333;10,37666686;6,496351242;1,88563518;3,153459549;0
6458;10;24,70894023;35,83333333;10,42666158;6,496459484;1,877147825;1,975612998;0
6459;15;27,40384079;36,83333333;10,09457141;6,496805668;1,581789701;2,432986498;0
6460;15;32,21514387;62,66666667;9,648574819;6,497988701;1,836163515;3,114686847;0
6461;10;24,76904718;41,5;9,570831183;6,499572754;1,562798598;1,656038165;0
6462;10;20,79560521;21,5;11,4273709;6,499640942;1,335143349;1,171652794;0
6463;10;30,38775962;50,16666667;9,1024886;6,500536442;1,500705541;2,245787978;0
6464;15;35,97869071;34,5;9,743075833;6,501202583;1,78209485;2,75105238;0
6465;10;28,30973493;37,66666667;9,78650155;6,501471519;1,683542015;2,071279287;0
6466;10;16,03976491;21,33333333;9,009132236;6,501546383;1,215564123;0,769001722;0
6467;15;32,10258378;77,5;9,922902445;6,501858234;2,833020152;6,980968118;0
6468;15;7,321308281;8;10,62706117;6,502880096;1,039648954;0,1908288;0
6469;15;26,94775847;38,5;8,902262598;6,503386497;1,704316388;2,245785713;0
6470;15;13,31647645;22,66666667;11,13165085;6,504763126;1,342675693;1,022831678;0
6471;15;31,90558766;43,83333333;8,613485644;6,505636692;1,953802565;2,214599252;0
6472;15;27,02376726;38,5;9,354041703;6,505911827;1,597289076;2,127362013;0
6473;10;35,20623678;56,66666667;9,257466543;6,507016659;1,949396685;3,174839377;0
6474;10;5,232293452;6,5;9,325340965;6,508602619;0,717261051;0,034909487;0
6475;10;4,703392797;5,166666667;8,257585907;6,508796215;0,927383237;0,00674808;0
6476;10;24,69613384;44,66666667;11,90177569;6,509949207;1,716831997;2,361051321;0
6477;15;35,58040876;49,83333333;9,820690386;6,510744572;1,890791047;3,304432988;0
6478;15;5,364087082;6,166666667;11,94532748;6,512419224;1,041980438;0,088164687;0
6479;10;25,21392956;40,16666667;8,446688299;6,51356411;1,441507088;1,670931101;0
6480;15;19,6002004;20,66666667;9,704441856;6,513642788;1,339763148;1,077850938;0
6481;10;10,15800224;15,5;10,16349389;6,515099525;1,06859947;0,332667708;0
6482;10;6,469298489;6,5;9,38547998;6,515100479;1,012586456;0,078228354;0
6483;15;35,98185681;46,66666667;8,92462387;6,516198158;1,812767467;3,016360044;0
6484;10;7,974313033;15,83333333;8,640929316;6,51666832;1,22526756;0,505789042;0
6485;15;33,47833255;37;10,61432476;6,517076492;1,759350646;2,397492766;0
6486;15;31,29224293;55;10,90039799;6,517457962;1,844277179;2,941771746;0
6487;10;27,80740173;35;7,903926237;6,51795578;1,209013373;1,328098059;0
6488;10;7,24109537;12,5;9,359286649;6,518081665;1,001326436;0,017597079;0
6489;15;35,94141511;53,16666667;9,38034598;6,522669792;2,023892333;3,751490235;0
6490;15;36,54766422;45,16666667;10,91710949;6,523521423;2,777914543;5,18796134;0
6491;10;32,16500417;35,83333333;11,7268927;6,523656845;1,640100335;2,222601533;0
6492;10;6,605416657;31,16666667;9,276184114;6,525078297;1,267113685;1,188138604;0
6493;15;42,70122186;64,16666667;10,47760494;6,526184082;3,342531166;7,482516408;0
6494;10;22,02846921;32;9,396955688;6,526701927;1,386288009;1,392480016;0
6495;10;36,33833346;54;10,5341272;6,526907921;1,851573772;2,999197841;0
6496;15;26,88357804;49;9,159270148;6,527345181;2,657133653;4,107732892;0
6497;15;32,50534877;71,66666667;9,072008792;6,527546406;2,363539174;4,830694079;0
6498;10;18,64980871;23,33333333;10,10359423;6,528057098;1,231135525;1,09653604;0
6499;15;10,59769113;15,16666667;8,220851;6,529752254;1,375748744;0,504878759;0
6500;15;34,08529888;35;9,001869282;6,53113699;1,700202841;2,329765916;0
6501;15;35,32855806;88;10,06189184;6,532258987;2,525195622;6,826531291;0
6502;15;38,12890341;41,66666667;9,575717535;6,533502102;2,106766059;3,511334538;0
6503;10;13,00929424;16,16666667;9,261785121;6,533901215;1,057357571;0,482422113;0
6504;15;12,13558836;13;7,823249184;6,534157276;1,060500323;0,399850845;0
6505;15;24,70655546;41,33333333;9,991389889;6,534556866;1,922914237;2,597889423;0
6506;15;14,54216977;21,83333333;8,105745542;6,535439014;1,259040134;0,867931128;0
6507;10;31,90866134;38,5;9,405782862;6,536392212;1,504324416;1,950127006;0
6508;15;5,791734863;8,333333333;9,667426107;6,538280487;1,025677848;0,153643131;0
6509;15;30,36049058;61,5;8,403121894;6,53889513;2,120554892;3,969439864;0
6510;10;6,335473113;6,833333333;8,249145255;6,53915453;0,990330881;0,089102387;0
6511;10;20,01600795;37,66666667;9,52078835;6,539671898;1,27244111;1,151508451;0
6512;10;4,698936678;5,333333333;12,32366763;6,539809227;0,973785872;0,001689911;0
6513;15;29,82900576;42,5;9,631720951;6,539861202;2,000155066;3,12741816;0
6514;10;19,6604767;24,83333333;8,399431209;6,540881157;1,226382233;0,693995833;0
6515;10;13,66054749;23,83333333;9,724271619;6,54177475;1,272312629;1,064188838;0
6516;15;33,1047405;73,66666667;9,320061305;6,542133331;2,763007357;6,287321925;0
6517;10;55,72627147;77,66666667;8,935017954;6,542879581;1,518391131;3,752829909;0
6518;15;32,74044396;39,16666667;10,04935932;6,545112133;1,673264733;2,551967025;0
6519;15;41,55312241;63,5;9,889801809;6,546300411;2,841061209;6,205253959;0
6520;15;20,77718668;63,16666667;8,723598423;6,546936035;1,215124381;2,245171666;0
6521;10;14,03904874;30,33333333;8,705028539;6,547017574;1,38267116;1,301403284;0
6522;15;13,3787521;24,33333333;10,87868836;6,547831535;1,180916719;0,901227117;0
6523;15;28,64605889;32;8,765783649;6,547938824;1,658475941;2,162264109;0
6524;15;33,77403395;31,66666667;10,00708924;6,548025608;1,326835126;2,090688944;0
6525;10;5,996989239;14,66666667;10,17764806;6,548747063;1,164419471;0,548592687;0
6526;15;33,78512352;60,66666667;9,002155788;6,548756123;2,189404169;4,280830503;0
6527;15;29,46417252;28;14,01437067;6,549275398;2,033863896;3,135733366;0
6528;15;25,33876063;33,33333333;9,175737443;6,550071716;1,482559954;1,746889472;0
6529;15;24,91510573;39,83333333;7,496846366;6,550152302;1,600524881;2,033869267;0
6530;10;11,05751314;19;9,778667113;6,552172184;1,015764546;0,080574632;0
6531;15;33,65026908;48,66666667;9,319970073;6,552611828;1,950353951;3,363746643;0
6532;15;25,41552808;29,5;8,544521989;6,554255009;1,45328143;1,50075388;0
6533;10;6,215481036;7,166666667;9,710759881;6,554662228;1,000414825;0,097989321;0
6534;15;39,80166852;73,83333333;9,989196868;6,554741859;3,08947005;7,174289584;0
6535;10;22,45248981;22,66666667;10,47325333;6,554835796;1,245015239;0,970702529;0
6536;10;21,41938192;19,66666667;9,442799119;6,554916859;1,270559126;0,886770368;0
6537;10;26,75124026;31,16666667;9,40331158;6,556643486;1,370188399;1,388274908;0
6538;10;20,44796165;19,16666667;8,585730212;6,556667328;1,193039224;0,828812718;0
6539;15;27,14711502;30;8,38213461;6,557239532;1,481489666;1,624565721;0
6540;10;16,57948397;19,66666667;10,24208172;6,557415009;1,401060252;0,851378918;0
6541;10;32,063434;32,5;9,295777766;6,55889225;1,468049418;1,776496768;0
6542;10;9,845782102;14,5;11,57167848;6,560358524;1,056865121;0,176685929;0
6543;10;15,9027609;18,66666667;8,497347222;6,560539246;1,205194328;0,671432853;0
6544;15;29,16631665;48,83333333;8,629522073;6,561101437;1,896249;3,004119873;0
6545;10;12,52408555;16;8,157015208;6,561383247;1,052586622;0,487708211;0
6546;15;29,30368638;53;9,412021741;6,561879158;2,064439491;3,574017167;0
6547;15;31,39058402;55,5;10,38493497;6,563508987;1,766000485;3,263154626;0
6548;15;36,82340456;62,16666667;9,976866288;6,564561367;2,328797912;4,817134857;0
6549;10;7,699253366;6,833333333;11,33396507;6,565134048;1,044892521;0,146692872;0
6550;15;19,52684988;30,83333333;7,271557002;6,565782547;1,324165803;1,276871562;0
6551;10;23,20608311;31,16666667;10,11608149;6,567952156;1,394412176;1,462174058;0
6552;10;24,03358775;30,5;7,98703554;6,568107605;1,083522466;1,076548219;0
6553;15;39,37217232;45,33333333;10,5787276;6,568516254;2,334684193;4,433422446;0
6554;10;17,81670625;12,66666667;11,01846947;6,568648338;1,154301227;0,614959598;0
6555;15;43,73185368;69,5;10,21221615;6,570261478;3,368589524;7,785895705;0
6556;10;19,90471966;34;10,39024265;6,570749283;1,225791675;0,832142949;0
6557;15;27,2400126;43,16666667;9,925594778;6,571055889;1,812182252;2,745760441;0
6558;10;23,72650687;19;8,858858899;6,571135044;1,334028462;0,940574765;0
6559;10;22,05920087;32;9,545703418;6,572173119;1,239158699;1,174557567;0
6560;10;16,87727488;19,5;9,998277247;6,572368145;1,062204234;0,763064981;0
6561;15;23,25973426;37,33333333;8,068407248;6,573440075;1,57989112;1,917527318;0
6562;10;12,54807707;6,333333333;13,08889291;6,574075699;1,023493893;0,133900642;0
6563;15;31,03703765;44;8,668753338;6,575989246;1,598052899;2,454788327;0
6564;15;26,06228195;30;9,466680408;6,576080322;1,583008066;1,971197128;0
6565;15;38,89780206;38,66666667;10,7381812;6,576314449;1,837567216;3,644806385;0
6566;15;32,97307435;73,83333333;8,858811369;6,577548027;1,621377329;3,596052885;0
6567;10;19,06596558;35,66666667;7,472543567;6,577564716;1,133449579;0,482168436;0
6568;15;42,3278081;63,33333333;9,968164425;6,577636242;2,830544846;6,21803081;0
6569;15;35,71969524;61,33333333;9,154830295;6,578098297;2,607913188;5,23481667;0
6570;15;19,47349795;36,83333333;7,634079441;6,578271389;1,399128525;1,57299006;0
6571;10;12,22362352;17;11,26872684;6,58201313;1,128363455;0,456964016;0
6572;15;19,15118919;28,16666667;8,730386109;6,582434177;1,446318816;1,417176604;0
6573;15;24,82419571;41;10,1650515;6,583069324;2,123267733;3,561421752;0
6574;10;17,18686239;27,33333333;8,476431669;6,58476305;1,163383338;0,606014132;0
6575;10;11,95037332;9,666666667;11,55211556;6,584844112;1,104965799;0,406837344;0
6576;10;13,71540088;16,5;10,03274067;6,58519268;1,123287626;0,537164569;0
6577;15;37,93459915;60,16666667;8,255011046;6,586518288;2,062217703;4,207212806;0
6578;10;7,015371566;9,833333333;6,768257352;6,587035656;0,995194366;0,169696093;0
6579;10;14,84048396;15;10,74564472;6,58716774;1,132465462;0,708379388;0
6580;15;30,9388767;47;9,294593881;6,587330341;1,714588269;2,762908459;0
6581;15;28,42667553;38;9,132967441;6,587348938;1,925608202;2,602956891;0
6582;15;19,46859479;26;9,607365935;6,587636471;1,675565422;1,570201874;0
6583;15;36,35055674;61,66666667;9,597156304;6,589232922;2,503698163;5,116094828;0
6584;10;10,26736958;10,66666667;8,071112269;6,589564323;1,063976786;0,290334582;0
6585;15;35,9933692;55,66666667;9,636602726;6,589951038;2,408901933;4,653298616;0
6586;10;22,82310337;28,16666667;8,22913748;6,592328548;1,141231396;0,995663404;0
6587;10;7,274823488;9;10,36877357;6,592557907;0,99886356;0,270085096;0
6588;15;22,00113517;58,33333333;9,921917749;6,593161106;2,475439357;4,936463475;0
6589;15;27,13946388;54,16666667;9,61640521;6,593590736;2,252808203;3,812850356;0
6590;15;6,179100178;11,66666667;7,287756201;6,594359875;1,003963102;0,243751168;0
6591;15;35,76037474;82;9,82025878;6,594634533;1,563477274;3,847925425;0
6592;10;18,73806509;31,33333333;8,330444653;6,595263004;1,161804386;0,997632623;0
6593;10;5,005711111;5,166666667;13,02702408;6,596874714;0,998828596;0,022798777;0
6594;10;5,887045832;7;9,293491926;6,597474575;1,000542096;0,094354033;0
6595;15;34,20854575;57,16666667;10,39713531;6,599645615;2,967017697;5,823869824;0
6596;15;28,75171497;55;9,010196152;6,599778652;1,847296173;3,229654193;0
6597;15;29,20169984;59,16666667;9,585110523;6,602118969;2,356169742;4,441859722;0
6598;15;16,15092467;24,66666667;9,462154205;6,602131367;1,291319742;1,103078127;0
6599;15;34,75311883;58;10,02360566;6,603233337;2,020206687;3,913449168;0
6600;10;38,73840453;62,16666667;9,309041212;6,607320309;2,069601869;3,590545774;0
6601;10;15,83740202;23;9,014470215;6,607346535;1,072530975;0,258138061;0
6602;10;32,48167149;36,5;9,624699621;6,607701302;1,715349409;2,263440847;0
6603;10;39,37397011;50;8,691651825;6,607744694;1,852123777;2,927398443;0
6604;10;9,805186769;11,5;7,604066042;6,608959198;1,01595184;0,271106839;0
6605;10;5,190609679;5,166666667;7,141722904;6,609394073;0,936968446;0,029339075;0
6606;15;30,25314451;57,66666667;9,852214143;6,610877991;2,180286183;4,101561069;0
6607;10;30,32992436;50,66666667;8,062891239;6,611726761;1,351508346;1,970436335;0
6608;15;25,42800381;41,5;9,743025627;6,613856316;1,913263631;2,706526041;0
6609;10;36,76810657;45,33333333;9,512547924;6,614340305;1,642059084;2,633457661;0
6610;15;17,11078948;40,16666667;9,883260126;6,615231037;1,720933541;2,508625627;0
6611;15;23,0322832;26,5;11,5760389;6,615982056;1,27847231;1,545430541;0
6612;10;9,566402993;7,833333333;11,55248718;6,617060661;1,030057977;0,347144127;0
6613;15;21,07117062;25,5;8,361455075;6,619024277;1,403633124;1,293940425;0
6614;10;16,59589275;28,16666667;10,28444264;6,619999886;1,451268966;1,381065607;0
6615;10;7,925845578;51,83333333;9,088517087;6,620090008;1,796745791;2,871097207;0
6616;10;23,64830009;26,33333333;10,24961649;6,620853901;1,458626148;1,334633589;0
6617;10;10,34205556;10,66666667;10,22182425;6,621357918;1,054143932;0,077314615;0
6618;15;7,790434404;9,666666667;10,88587769;6,621374607;1,265271314;0,170394897;0
6619;10;9,292795949;14,16666667;8,692925929;6,622447491;1,001210192;0,312849283;0
6620;10;8,573843308;11,16666667;10,39948543;6,622509956;1,006263815;0,227144003;0
6621;10;40,95543767;56,16666667;9,0410419;6,622773647;2,045552054;3,804032445;0
6622;10;5,140813898;12,5;10,68192569;6,622843742;1,082865005;0,404801846;0
6623;15;39,2274442;42;9,683860974;6,624811172;2,161402897;3,752047658;0
6624;10;28,56600769;39,16666667;8,862870485;6,624889374;1,633342415;2,007470846;0
6625;10;7,172227622;10,33333333;8,395484862;6,627980232;1,029401268;0,0296278;0
6626;15;35,74371793;61,83333333;9,780163393;6,628859997;2,307636207;4,728238463;0
6627;15;41,82547259;66,33333333;10,71864636;6,628993511;2,928543733;6,840044022;0
6628;10;15,05731671;22,66666667;11,02568184;6,629245758;1,068035779;0,68289876;0
6629;10;11,71364726;10,33333333;12,48985196;6,629855156;1,05787238;0,448765516;0
6630;15;38,73367653;49,5;10,01452016;6,63019228;2,348986576;4,531362891;0
6631;15;29,99918469;68,16666667;11,57405442;6,630968571;2,749314189;6,024055958;0
6632;10;13,84357397;15,83333333;8,000878321;6,632428169;1,206966912;0,473299503;0
6633;15;25,23799692;52,83333333;10,58624411;6,632838249;1,724317428;2,884283304;0
6634;15;33,87260248;94;8,331724081;6,633480549;1,247072913;3,471723676;0
6635;15;20,53841645;28;9,72653905;6,635778904;2,316151678;2,303978205;0
6636;10;27,96139535;36;9,462192135;6,636303425;1,799720109;1,992027521;0
6637;10;16,34193863;24,83333333;9,212673742;6,636769772;1,057176834;0,759222865;0
6638;15;27,35693316;42,5;8,525156864;6,63680315;1,694436971;2,471503139;0
6639;15;23,90378507;31,83333333;9,172945252;6,636828899;1,608614825;1,886752129;0
6640;10;35,1844216;59,83333333;9,089308894;6,637539387;1,45410393;1,851847649;0
6641;10;28,24456654;37,66666667;10,16878596;6,638649464;1,721941935;2,288866282;0
6642;10;20,02844989;28,11111111;9,985924091;6,63875103;1,247608008;0,648124456;0
6643;15;18,9335766;51,33333333;9,204544873;6,639309406;2,190703727;3,656240344;0
6644;10;25,659145;38,66666667;9,192766021;6,639908314;1,364252905;1,451019526;0
6645;10;9,33829894;9,333333333;10,26069092;6,639936924;1,123038977;0,304901242;0
6646;15;28,10471711;46,83333333;10,09296913;6,640137196;1,812120623;3,026669145;0
6647;15;11,0583258;67,16666667;9,167909611;6,640352249;2,779206532;5,958002687;0
6648;10;25,23978488;23,5;9,601724014;6,641557693;1,328988809;0,953831315;0
6649;15;33,09375927;50,33333333;9,303045173;6,642803669;1,938871508;3,32342422;0
6650;15;14,95474563;19,5;10,27147975;6,643208504;1,225569209;0,896464825;0
6651;15;35,17623596;95;9,994127182;6,643728256;1,422329817;4,054088712;0
6652;10;25,95554258;35;10,38009913;6,643865108;1,514851357;1,759473324;0
6653;15;18,10725866;51,33333333;9,904532058;6,64423418;2,245773445;4,342821717;0
6654;10;22,67398524;27,33333333;9,588994381;6,644242287;1,418957727;1,272297621;0
6655;10;6,978516735;7,5;11,9273956;6,647191525;0,997938237;0,123500586;0
6656;15;40,79244095;65,66666667;9,17275978;6,647247314;2,667990729;5,929139972;0
6657;15;39,53917797;66,5;10,48757299;6,649260044;2,311505987;5,26330936;0
6658;15;16,46933943;23;10,98405001;6,65007782;1,380214558;1,260732651;0
6659;10;31,96877408;63,66666667;9,347889872;6,650887966;1,14123107;2,172287464;0
6660;15;18,75679684;14,66666667;8,729064657;6,651646137;1,19990508;0,805908918;0
6661;10;11,82485257;18,83333333;9,38241854;6,652690411;1,262195054;0,809106946;0
6662;10;10,43145691;13,66666667;12,65448574;6,65611887;1,045389062;0,41053009;0
6663;10;23,36920947;34,83333333;11,27456235;6,656126022;1,499568167;2,003162265;0
6664;10;7,849353864;14;10,84218926;6,657055378;1,003915229;0,031540155;0
6665;15;37,46589147;67;9,795276277;6,6576581;2,933869387;6,51098454;0
6666;10;21,08087285;40,5;10,35840099;6,657809734;1,134447723;0,995350599;0
6667;15;21,56513553;45,5;8,341748713;6,658876419;1,406433915;2,01212883;0
6668;10;10,37956531;11;7,46536796;6,661578178;1,082517233;0,313639283;0
6669;15;14,2334633;23,33333333;11,86353645;6,663971901;1,453038722;1,848594666;0
6670;10;22,81954345;33,83333333;7,891460235;6,66451931;1,50597604;1,547515035;0
6671;15;33,36472085;59,33333333;9,828684366;6,665501118;2,191282209;4,351591825;0
6672;15;26,90832673;56,83333333;10,91572274;6,665735722;2,804615861;5,803218126;0
6673;15;13,55749607;21,66666667;9,516067155;6,665917397;1,299567045;1,372449279;0
6674;10;9,217467013;11,16666667;10,40623955;6,66657114;1,112088201;0,349344969;0
6675;10;7,881181715;7,5;11,05773747;6,666859627;1,036623019;0,20599246;0
6676;10;19,41021801;12,83333333;8,924763102;6,667045116;1,13564839;0,489969254;0
6677;15;12,06731442;54,16666667;10,49092145;6,667190075;2,428089947;4,72278893;0
6678;10;12,55980884;13,66666667;10,26797502;6,668509007;1,168237222;0,4533391;0
6679;10;21,27175139;25,83333333;9,184635563;6,66884613;1,140947904;0,861047983;0
6680;10;11,81435103;19,83333333;9,586447835;6,670315742;1,062009018;0,285621166;0
6681;10;33,27516508;31;10,453084;6,671721458;1,590197633;1,944200635;0
6682;15;38,74832771;53,33333333;10,16185734;6,673023224;2,126805055;4,004534841;0
6683;15;34,76190486;57,83333333;8,612025428;6,673582077;2,054400191;3,895979762;0
6684;10;17,2503521;22,5;10,24543872;6,674767017;1,189766989;0,614548087;0
6685;15;26,23022004;39,83333333;10,88925292;6,675042629;1,740324772;2,495629311;0
6686;10;5,129849215;5,333333333;13,3746286;6,675452232;0,959973226;0,017119527;0
6687;10;12,16422151;18,16666667;8,067467613;6,675481796;0,793653513;0,405545115;0
6688;15;37,20882793;53,33333333;9,965907426;6,677315712;2,102474598;4,026813388;0
6689;10;36,01425246;30;11,76106771;6,67773962;1,597838303;2,132267833;0
6690;10;41,0546181;73,16666667;9,496746657;6,67781353;1,470813907;3,298843503;0
6691;15;6,09285401;8;14,27809012;6,678382874;1,050880657;0,266952753;0
6692;10;27,33743619;44,16666667;9,408213772;6,679958344;1,752014689;2,362256408;0
6693;10;5,961148809;5,166666667;9,012830228;6,679972649;0,951476512;0,069908381;0
6694;10;13,57510854;13,83333333;10,92040941;6,680038452;1,360938537;0,632000685;0
6695;15;15,45211957;50,83333333;10,08777091;6,680646896;2,279332339;3,647351265;0
6696;15;32,25727639;38,33333333;9,807128278;6,680915356;1,835794829;2,793681026;0
6697;10;20,33400076;35,66666667;10,30455579;6,684576988;1,482290355;1,724466205;0
6698;15;16,85912151;25;9,91751291;6,684978485;1,218286188;1,057408333;0
6699;10;27,38942357;42,33333333;8,797146329;6,687873363;1,701670669;2,272443771;0
6700;10;6,405069413;7,5;8,917545644;6,688154697;1,010213322;0,102282763;0
6701;15;31,72427294;59,83333333;9,950520908;6,688342094;2,717637236;5,405873656;0
6702;15;5,352257203;6,333333333;9,024944707;6,689330101;1,000542253;0,094168544;0
6703;15;36,36154129;60,33333333;9,198160602;6,69045496;2,328977278;4,633337736;0
6704;15;42,34711608;57,83333333;10,68944392;6,690474033;2,702013409;6,015105724;0
6705;15;30,56223082;63,66666667;9,239973759;6,69324255;2,083660093;4,117865682;0
6706;15;31,95986389;52;9,265077043;6,69355011;2,050751122;3,594727278;0
6707;10;20,04281618;25,16666667;8,934924508;6,693711281;1,300622877;1,067031741;0
6708;10;10,04321087;44,16666667;9,317833402;6,693882465;1,649382322;2,2240448;0
6709;10;24,66614994;28,66666667;9,952446343;6,694387436;1,393304271;1,374026418;0
6710;10;26,3786226;47,83333333;9,667513079;6,694668293;1,270312755;1,21763587;0
6711;10;13,3838994;32,5;8,860010975;6,694809914;1,268579817;1,245623231;0
6712;10;32,66620544;38,66666667;10,31119401;6,695014477;1,779790707;2,396614313;0
6713;15;39,45418883;58,33333333;9,561589447;6,69544363;2,897759937;5,9881078;0
6714;10;7,5661207;14,66666667;8,257127802;6,695614815;1,083329645;0,429784536;0
6715;10;7,464577819;8;7,839809019;6,697597027;1,003628965;0,134694338;0
6716;15;32,59847784;50,83333333;8,849310144;6,697896957;2,033966995;3,648998499;0
6717;15;6,847725001;7,166666667;9,573599514;6,697947979;1,000538558;0,172072411;0
6718;15;28,77968006;34,83333333;9,459307909;6,698071957;1,785399752;2,345840812;0
6719;10;5,149918456;6;11,26209949;6,698112011;1,029760651;0,011714458;0
6720;10;12,9052608;24,16666667;9,508808857;6,698400974;1,059735116;0,183308721;0
6721;10;6,614477037;7,5;9,799472046;6,698580742;1,019578758;0,132279396;0
6722;10;11,40678777;11,83333333;7,229200297;6,699259281;1,086411292;0,345588207;0
6723;10;22,76132313;31,16666667;8,174175567;6,699802399;1,487364835;1,500237226;0
6724;10;11,70460963;16,16666667;10,97554591;6,700321198;1,168652412;0,534397364;0
6725;10;49,00592429;89,83333333;8,687029196;6,70060873;1,645512241;4,54780364;0
6726;10;13,19339172;10,5;10,43997267;6,702064514;1,047933661;0,341265202;0
6727;10;25,29226835;35,33333333;9,720485695;6,702960014;1,529660093;1,681601882;0
6728;10;28,84969709;39,33333333;9,080484481;6,703310966;1,332530481;1,859026313;0
6729;15;48,15866553;53,16666667;10,88980433;6,70339489;2,677380327;5,959434152;0
6730;15;18,75870599;18,83333333;9,721456481;6,703869343;1,244349486;0,948326588;0
6731;10;4,352864237;12,83333333;8,901274728;6,704138756;1,124544921;0,413245678;0
6732;15;36,63606221;63;9,696102318;6,704286575;2,24067493;4,781099081;0
6733;10;22,98489887;28,5;7,849710649;6,704901218;1,292292839;1,204663873;0
6734;15;20,3511758;28,83333333;8,442847177;6,705583572;1,332657173;1,383278847;0
6735;10;11,06485129;10;9,05020598;6,705770016;1,105593683;0,253178835;0
6736;10;22,82223041;27,66666667;9,090831048;6,706010342;1,323047713;1,199349165;0
6737;10;20,85441125;25,66666667;9,258209903;6,706321716;1,827029843;1,376479864;0
6738;15;45,93381951;71,5;10,38697036;6,706699848;3,051248303;7,638120651;0
6739;10;5,977351966;6;9,845272502;6,708458424;1,015703647;0,059224963;0
6740;10;8,88644485;9,5;11,12698811;6,710514069;1,017796122;0,243029714;0
6741;10;13,93936147;17,16666667;10,69448157;6,711628914;1,077272282;0,572245717;0
6742;15;47,99681237;55,83333333;10,61989237;6,712510586;2,304517402;4,898264408;0
6743;15;27,66591484;28,16666667;10,53230933;6,712678432;1,577355244;1,923267841;0
6744;15;11,164329;14,33333333;9,321210817;6,713131428;1,134833702;0,605580926;0
6745;15;34,26864429;81;8,115650943;6,713574409;1,613490327;3,94208312;0
6746;10;10,69021697;15,33333333;11,21674696;6,713997364;1,21725846;0,67343843;0
6747;15;34,31951483;38,66666667;9,790460432;6,714588165;1,720265288;2,870331287;0
6748;10;20,96784131;20,66666667;10,15760875;6,715312004;1,231674973;0,871046066;0
6749;10;6,312654016;7,5;7,951164209;6,71554184;1,000335452;0,08833003;0
6750;15;36,37133012;58,83333333;9,890316764;6,715555668;2,414943842;4,903314948;0
6751;15;28,6387243;36;10,87749325;6,715605736;1,683741407;2,467143416;0
6752;10;10,0888405;11,88888889;10,92391605;6,715623856;1,10679067;0,376405239;0
6753;10;16,47875564;23,33333333;11,68800749;6,716071606;1,276830722;1,159158111;0
6754;15;19,04560905;32;8,362318468;6,716715336;1,437491977;1,524344444;0
6755;15;25,62563944;43,83333333;8,619203784;6,720715046;1,745087725;2,495874047;0
6756;15;10,85234178;9;10,27009893;6,720832825;1,145563907;0,320285201;0
6757;10;18,82386084;37,16666667;9,564631121;6,72130537;1,193906045;1,281242132;0
6758;10;21,99460848;27,22222222;9,227613859;6,721613407;1,383519404;0,940123081;0
6759;10;25,68421054;32,5;10,02944733;6,721996784;1,376355139;1,414201498;0
6760;10;5,55357272;6,166666667;6,757250085;6,722109795;1,002590542;0,031633615;0
6761;10;23,86076302;78,16666667;10,64879514;6,722362995;1,348622838;3,164981723;0
6762;10;11,24334325;11,83333333;10,44175942;6,722492695;1,051708549;0,338376999;0
6763;15;40,76161132;71,83333333;10,00152884;6,722606182;2,565534215;5,982145071;0
6764;10;7,752605531;9,666666667;12,42153685;6,723021984;1,026468747;0,249669075;0
6765;10;23,61293324;26,33333333;10,13713092;6,723949432;1,376170626;1,251137018;0
6766;10;35,09338413;44,66666667;11,67615097;6,724433422;1,926853583;3,190235138;0
6767;15;19,39361032;27,16666667;9,8611337;6,726207733;1,359138732;1,453162074;0
6768;10;9,157977006;10,5;10,62416627;6,727203369;1,046278622;0,272085547;0
6769;10;17,18463462;19,33333333;13,36641943;6,728643894;1,522994066;0,968542457;0
6770;10;10,62014377;10,55555556;11,86449554;6,730005264;1,198473503;0,365834475;0
6771;15;23,11052547;47,33333333;9,892942556;6,730843544;2,214601101;3,800267816;0
6772;10;29,32375693;52;9,423154483;6,731059074;1,413535438;1,787186503;0
6773;15;4,072495506;5,166666667;11,47450176;6,732816696;1,028481283;0,019360662;0
6774;15;34,15820709;50,33333333;9,440418918;6,733341217;2,132286286;3,827434301;0
6775;15;12,22067696;24,66666667;10,02292268;6,734277248;1,248409323;0,877976775;0
6776;10;8,566579864;11,33333333;8,37650794;6,734449863;1,015669839;0,258564711;0
6777;15;36,14732001;59,33333333;9,992873388;6,734745026;2,802547659;5,92711091;0
6778;10;13,46174643;12,66666667;10,874295;6,734879017;1,08602519;0,338461757;0
6779;15;22,88553625;33;8,987546247;6,737864494;1,662254686;1,905390739;0
6780;10;12,25018383;16,33333333;9,212774083;6,737921238;1,072926578;0,457402468;0
6781;15;32,53467087;61;10,5360861;6,738502979;1,922816513;3,779175401;0
6782;10;25,69712879;23,66666667;9,249385051;6,739059925;1,351353783;1,206524014;0
6783;15;24,00108088;57,16666667;10,04520441;6,739977837;2,21953764;4,174439669;0
6784;15;27,60176592;57,33333333;10,86461715;6,740339279;2,63662798;5,464369297;0
6785;15;31,94851238;63,66666667;9,415868689;6,741974831;1,67363459;3,349427938;0
6786;15;39,5560825;66,5;9,940586247;6,74239397;2,963369186;6,632096052;0
6787;15;7,939768504;7,666666667;8,412844375;6,742690086;1,061667625;0,225546241;0
6788;10;8,719546004;9,166666667;8,398692932;6,742773056;1,024781736;0,219078422;0
6789;10;23,37670245;45;10,60345868;6,743112564;1,256497235;1,668610454;0
6790;15;40,4696078;58,83333333;9,729800707;6,743343353;2,719362627;5,730514169;0
6791;15;36,33995124;94,83333333;10,46277628;6,744194508;1,819646734;5,22113812;0
6792;10;30,03016167;44,33333333;9,222208488;6,744549274;1,71066046;2,388436198;0
6793;15;22,10524053;42,5;10,2564468;6,744563103;1,445677595;1,95669651;0
6794;15;31,20210304;70,33333333;9,691800873;6,745260715;2,312053427;5,077910304;0
6795;10;14,87668123;27,33333333;10,2383937;6,745964527;0,595155062;0,46071887;0
6796;10;7,774155505;9,166666667;10,61504061;6,746286392;1,024191292;0,211951375;0
6797;15;4,656978572;5,5;9,870708599;6,746747494;1,000974403;0,052051067;0
6798;15;19,5521547;21,5;9,030252824;6,747211456;1,346231873;1,095781803;0
6799;10;17,95439154;17,33333333;10,73537617;6,747875214;1,297390114;0,790116668;0
6800;15;9,053935413;14,33333333;9,523019841;6,747897625;1,083524464;0,251573443;0
6801;10;6,781085222;8,333333333;9,85118776;6,749476433;0,992792137;0,029073954;0
6802;10;12,96083276;16,5;7,937867219;6,751092434;1,085632139;0,507489562;0
6803;10;6,693025971;5,666666667;11,03364766;6,751586914;0,991318419;0,062126517;0
6804;10;10,84723942;14;10,22140039;6,751599312;1,05999565;0,180423975;0
6805;15;37,68892404;42,83333333;10,37231006;6,754227638;2,248292947;4,154325843;0
6806;10;27,14660956;41;10,63665612;6,754570484;1,329458657;1,977509975;0
6807;10;25,25068044;28,33333333;8,975327724;6,754725933;1,390720047;1,353005648;0
6808;15;20,82659383;21;10,44774843;6,75502634;1,383532773;1,851256847;0
6809;15;28,07952604;51,5;8,931460219;6,755057335;1,947729658;3,353744388;0
6810;10;35,86613994;45,66666667;9,306981879;6,755493164;1,611732765;2,419537902;0
6811;15;21,36332739;32,83333333;10,2855796;6,756746292;1,299211645;1,097238421;0
6812;10;18,0527076;23;8,078666319;6,757008076;1,23975373;0,782447219;0
6813;10;13,95051046;20,33333333;9,986534533;6,757256508;1,260030087;0,751621842;0
6814;10;16,90950706;23;9,583835873;6,757946491;1,285274851;0,906493306;0
6815;10;17,28376574;24,16666667;8,742773263;6,758630276;1,300227638;0,954908013;0
6816;15;33,25116047;94,83333333;10,16056608;6,758843422;4,439026987;12,86558867;0
6817;15;10,87694224;7,333333333;9,262838395;6,759091854;1,084502728;0,262472749;0
6818;15;36,67614491;48,5;11,66509646;6,759118557;2,262886211;4,852532506;0
6819;10;16,6602227;16,5;9,5235253;6,759716988;1,202106091;0,595810413;0
6820;15;39,53423059;62,5;10,44961202;6,759927273;2,14198913;4,980255485;0
6821;10;6,172327033;5,166666667;8,010961009;6,761179447;0,919036817;0,020017743;0
6822;10;12,00366552;13,5;9,668165654;6,761894703;1,077095184;0,448588729;0
6823;15;16,88890574;19,5;10,25969095;6,763284683;1,25390489;0,966649055;0
6824;10;11,55961716;16,33333333;8,240070844;6,763358593;1,02703211;0,462299466;0
6825;10;23,97109846;29,16666667;10,07915232;6,763763905;1,495933507;1,526224494;0
6826;10;10,71230272;8,166666667;10,38335263;6,763931751;1,044192867;0,242301822;0
6827;10;12,07244655;10;8,258884112;6,764306068;1,061020407;0,265054822;0
6828;10;17,03714406;23;8,805693678;6,764388084;1,26112411;0,89664948;0
6829;15;36,79000532;53,33333333;10,14274306;6,76530838;2,455975793;4,836178899;0
6830;10;18,31852822;23;10,18588848;6,76619339;1,209291189;0,875842333;0
6831;10;13,10257322;11,33333333;9,218301226;6,767860889;1,282896888;0,430506587;0
6832;10;17,72627477;21,83333333;9,674920582;6,76813364;1,203752637;0,842061639;0
6833;10;9,353329641;9;9,234475871;6,769532681;1,130965911;0,258578539;0
6834;15;37,51747809;59,66666667;10,00662812;6,76990366;2,62831317;5,592519641;0
6835;10;26,99581898;55;10,05743369;6,770765305;1,403521912;2,288372993;0
6836;10;19,06204868;34,5;10,57023529;6,771840096;1,241047202;1,251704216;0
6837;15;50,98460142;63,5;11,22288997;6,772066116;3,308235044;8,380553484;0
6838;15;27,87349473;61,33333333;10,14561061;6,772235394;2,162885923;4,351372242;0
6839;15;5,916214572;8,833333333;11,78681842;6,773797989;0,993518371;0,175884724;0
6840;15;11,58078714;20,33333333;11,474048;6,77393961;1,093127539;0,786031723;0
6841;15;26,43228291;48;10,69054408;6,774196148;1,607589465;2,678731561;0
6842;10;11,34420933;19,5;9,880640391;6,774773121;1,076426534;0,187468648;0
6843;10;5,161222243;14,16666667;9,775113265;6,775007248;1,195922583;0,52740109;0
6844;10;15,46417662;20,5;8,783189706;6,775160313;1,110527612;0,669860363;0
6845;10;14,98120771;26,16666667;10,55627828;6,776515961;1,161085157;0,614965439;0
6846;10;14,38291181;23,66666667;10,78604412;6,777021408;1,110996504;0,422907829;0
6847;10;9,961888478;9,5;9,543821096;6,779031754;1,201846909;0,315103531;0
6848;15;30,61313807;44,66666667;8,579311072;6,779900551;1,946476372;3,000859976;0
6849;15;17,71784199;32,16666667;8,95404245;6,779947758;1,237578171;1,186686039;0
6850;10;15,57750355;17,83333333;7,978386965;6,781535149;1,102292593;0,570408821;0
6851;15;23,70868182;39,33333333;9,450309131;6,781865597;1,572087182;2,086642027;0
6852;15;31,53150826;59,33333333;9,670697475;6,782588482;2,010896444;3,819438815;0
6853;10;11,69751509;20,5;7,152401143;6,783411503;1,005995089;0,508849978;0
6854;15;27,67857664;33;9,804347771;6,783489227;1,559570803;2,10860014;0
6855;15;32,69060605;49,83333333;10,48797505;6,783887863;2,047119068;3,753114581;0
6856;15;34,89853972;55,5;10,38428503;6,784004211;2,518773144;5,10362339;0
6857;15;30,83380927;50;9,75938869;6,784927368;2,168284617;3,87112236;0
6858;15;5,731695071;6,833333333;14,70640864;6,786164284;1,069796675;0,463353515;0
6859;15;22,76381449;40,83333333;9,542859057;6,787222385;1,488700412;2,068470478;0
6860;15;31,82340395;42,5;8,924051846;6,787892342;1,784635004;2,729064107;0
6861;10;21,94545034;43,33333333;12,19525017;6,788136482;1,566018162;2,327060699;0
6862;10;16,58605111;21;9,629493248;6,789412022;1,23263565;0,886612058;0
6863;15;40,59903712;53,66666667;9,758706522;6,789708614;2,447015256;5,280374527;0
6864;15;35,89669592;55,16666667;9,637426868;6,791148186;2,029874677;3,919260859;0
6865;10;9,764886655;11,66666667;9,890494944;6,791179657;1,060929592;0,202807426;0
6866;10;22,22183533;35,66666667;10,31684154;6,79132843;1,395105497;0,756056666;0
6867;10;15,13541609;16,83333333;10,25171777;6,791632175;1,174894427;0,620795846;0
6868;15;27,0158288;52,5;10,60173677;6,79191637;1,497541185;2,543036103;0
6869;#N/A;9,302093418;13;11,39481873;6,792355061;1,043466681;0,130059958;0
6870;10;5,746869213;7,166666667;9,517682044;6,792713642;1,005454905;0,086418629;0
6871;10;11,82740853;13,83333333;9,592585222;6,792943478;1,088995514;0,420326233;0
6872;15;28,26907307;68,33333333;9,135197597;6,793107033;1,772702182;3,752635241;0
6873;10;5,231480285;7,833333333;11,72464201;6,793520451;1,000149321;0,010848761;0
6874;15;12,95187722;26,33333333;10,63105902;6,794278622;1,13374316;0,963790059;0
6875;10;5,518594462;6;8,360047692;6,795648575;1,058679132;0,058346152;0
6876;10;14,4077347;17;10,12237456;6,797086239;1,182393776;0,612074256;0
6877;10;8,613421043;9,666666667;9,552824929;6,797373295;1,09273445;0,256609797;0
6878;10;10,65675165;14,16666667;12,55144663;6,79737854;0,778225859;0,301285267;0
6879;10;23,7124059;32,16666667;11,1396979;6,797943592;1,442333598;1,678104043;0
6880;10;19,64931153;26,33333333;9,839453273;6,798557281;1,210426736;0,890244126;0
6881;10;12,09204346;13,33333333;9,528331621;6,79927969;1,157975819;0,409415364;0
6882;10;34,65433194;40,66666667;11,15916717;6,79953289;1,962100208;2,926043272;0
6883;10;11,23546667;13,16666667;10,96297036;6,801287174;1,040438023;0,328471541;0
6884;15;22,0058786;46,83333333;9,926597068;6,801528454;1,424669938;2,181473494;0
6885;15;35,5810426;80,33333333;8,76252574;6,801579475;1,893970679;4,700408459;0
6886;15;22,98524463;38,83333333;12,43292359;6,801771164;1,865940225;3,050894618;0
6887;15;30,97203259;67,33333333;10,35444432;6,802409649;2,359825247;5,166365385;0
6888;15;35,08721891;38,66666667;10,33055931;6,803598404;1,709620552;2,820557117;0
6889;15;32,47978694;49,66666667;9,412092955;6,80521965;2,557854218;4,552415609;0
6890;10;10,95863077;13,66666667;10,30833223;6,805819988;1,188652334;0,498314142;0
6891;15;34,59436591;46,5;10,32001625;6,808530331;2,153549868;3,806468487;0
6892;10;21,24666137;19,16666667;9,809618498;6,809128284;1,310606211;0,96192503;0
6893;10;19,4514662;22,66666667;10,02118158;6,809503555;1,430418623;1,099066615;0
6894;10;5,325638697;5,5;10,57472686;6,810071468;1,000316265;0,028244972;0
6895;10;19,97479903;27,16666667;10,20910782;6,811007977;1,288405747;1,15675056;0
6896;10;10,51509066;19,16666667;8,225720847;6,811184406;0,81265441;0,381927252;0
6897;15;24,40540518;54,83333333;10,07240919;6,811649323;2,302957969;4,561072469;0
6898;15;10,98918833;13;8,281317019;6,812246323;1,179995152;0,494147658;0
6899;10;5,741245695;5,166666667;11,03854726;6,812303543;0,988788834;0,035668612;0
6900;10;12,29191841;14,66666667;8,306024548;6,813261032;1,126621419;0,494793057;0
6901;10;12,2062755;8,666666667;10,15721941;6,814519882;1,129918374;0,351858974;0
6902;10;40,50062169;63,66666667;8,165085253;6,815115929;1,438481474;2,936457872;0
6903;10;33,9111133;41,5;10,27045069;6,816112041;1,582311371;2,195724368;0
6904;10;19,66776071;14,77777778;8,553042799;6,816427231;1,15364752;0,5113976;0
6905;15;4,449935207;7;10,33127476;6,816746712;1,004744375;0,184311867;0
6906;10;14,26267471;14;8,63873841;6,817318439;1,200351615;0,281875849;0
6907;10;35,66493772;48,5;9,570570908;6,817355156;1,542917044;2,492827177;0
6908;15;8,184722789;9,166666667;9,921506839;6,817761421;1,577954881;0,392481327;0
6909;10;20,47235467;41,5;14,62801062;6,817960262;1,979513238;3,293105245;0
6910;10;14,30905417;16,5;11,41715582;6,818990231;1,160574293;0,605909705;0
6911;15;21,30148982;23,33333333;11,60443723;6,819179058;1,485792669;2,074074388;0
6912;10;7,81460329;8;8,835166993;6,819267273;1,026212598;0,176790595;0
6913;15;22,74076276;46,5;10,67310738;6,819634438;1,566855626;2,667241454;0
6914;15;12,73170329;13,33333333;8,836228742;6,820366859;1,300670727;0,808514237;0
6915;10;14,47734753;29,16666667;7,951020505;6,820893764;1,001211886;0,792007923;0
6916;10;20,37453824;15,66666667;9,893913923;6,821114063;1,169430239;0,832863688;0
6917;15;6,850253522;42;10,25777912;6,821290016;1,557097938;2,123353124;0
6918;15;25,02188276;87;11,36054809;6,821893692;1,796312921;3,069044948;0
6919;15;40,83530606;74,33333333;9,584744693;6,82363224;2,03999039;5,063040495;0
6920;10;33,94389829;60,16666667;7,10526357;6,825891972;1,250792715;2,296610236;0
6921;10;28,08729932;48;8,364925838;6,826988697;1,739387466;2,479548097;0
6922;15;30,09524985;37,5;11,60870636;6,82714653;1,855056003;2,851257443;0
6923;10;25,00315708;39,33333333;9,596323513;6,828324795;1,337352585;1,57199955;0
6924;15;39,94053883;56,33333333;9,486895042;6,82834959;2,537738942;5,217789292;0
6925;15;6,769144976;9,666666667;5,900484374;6,828882217;0,961396362;0,208657384;0
6926;15;33,13984408;30,5;9,118805194;6,829202175;1,588549312;2,141801119;0
6927;15;23,39319773;39,83333333;11,26835772;6,829507828;3,35961968;4,905702233;0
6928;10;36,13804601;41,83333333;9,071891023;6,830150604;1,64457391;2,275418401;0
6929;15;36,35226306;62;9,004592833;6,830431938;2,553373895;5,409029722;0
6930;10;21,29106631;25,33333333;10,49128249;6,830441475;1,402835031;0,931783676;0
6931;15;41,34466243;56,66666667;10,75140361;6,831994534;2,788762029;6,230713367;0
6932;15;39,02907471;52,33333333;10,66016668;6,832449913;2,69566394;5,776523471;0
6933;15;32,40839634;31,16666667;8,513341408;6,832542896;1,587242895;2,133464098;0
6934;15;6,586495325;10,66666667;10,54222862;6,832904339;1,132911832;0,290052533;0
6935;15;24,51005748;20,66666667;13,63922573;6,833957672;1,889154903;2,220370173;0
6936;10;3,755998449;5,333333333;10,55571887;6,834142685;0,997636213;0,020630479;0
6937;15;37,85274285;62,66666667;10,74799597;6,834745407;2,317308019;5,329198003;0
6938;15;32,49935831;56,83333333;9,195795413;6,836004257;2,202823147;4,248279452;0
6939;15;29,27538065;51,83333333;8,698678097;6,836306095;1,947049687;3,341475964;0
6940;15;6,365372462;10,66666667;10,75723017;6,83694458;1,003524865;0,019259095;0
6941;15;41,13992826;36,5;10,79323366;6,837053299;1,891144973;3,261753559;0
6942;10;9,030227505;10,5;9,237557279;6,837079048;1,054352512;0,285048366;0
6943;10;32,9715321;59,16666667;9,470029963;6,841238022;1,692244446;3,113694906;0
6944;15;34,23112458;48;8,579594004;6,841345787;1,839069896;3,182308316;0
6945;10;19,55287575;25,5;10,52489992;6,841410637;1,388121302;1,128198028;0
6946;15;26,60689796;41;9,58549788;6,841727734;1,601560709;2,460956216;0
6947;15;45,99146256;50;11,10827475;6,842017174;2,517228296;5,54638803;0
6948;10;7,040755472;13;9,87181175;6,842475891;1,076751648;0,379917502;0
6949;10;11,16920674;16,33333333;9,008820135;6,843737125;1,052437807;0,42141819;0
6950;15;42,20315492;38,83333333;9,982847567;6,844324112;2,089412651;3,737867355;0
6951;10;16,74326669;43,5;10,97093646;6,845222473;1,370422088;1,309391737;0
6952;15;15,14136965;22,16666667;8,693057468;6,845416069;1,255122161;0,992650509;0
6953;15;10,46174184;15,16666667;11,05378948;6,845511913;1,044262737;0,442923427;0
6954;10;10,90179935;16,33333333;9,545206921;6,845528603;1,088760035;0,448345542;0
6955;15;32,36587049;61;9,389746344;6,848331928;2,24015323;4,5167346;0
6956;15;27,78121039;29,33333333;9,5971831;6,848849773;1,466124214;1,682509303;0
6957;10;25,88755342;44,83333333;9,506678248;6,84913826;1,880672127;2,832158327;0
6958;10;18,98343524;20,66666667;9,811811125;6,849190712;1,02758035;0,645126104;0
6959;15;26,121032;33,66666667;10,3927659;6,850342751;2,123727552;2,868507028;0
6960;10;17,54030853;25,16666667;10,29355846;6,8511796;1,218782877;0,617843747;0
6961;15;7,090119329;7,166666667;8,893674738;6,851557732;1,007245057;0,167147756;0
6962;15;28,46687156;52,33333333;9,088246;6,851881981;1,770942051;3,025012493;0
6963;15;32,65492655;59;9,299022799;6,854346275;1,702639654;2,858455539;0
6964;10;14,12356812;15,16666667;9,227833672;6,854794502;1,263893615;0,61921978;0
6965;15;39,65846203;59;9,605097236;6,855291367;2,548694547;5,404543638;0
6966;15;15,96578297;45,33333333;11,9068206;6,856723785;1,883195104;3,162935734;0
6967;15;6,717985689;6,333333333;10,73893325;6,85674572;1,017656801;0,115514874;0
6968;15;30,7192058;49,33333333;9,151161997;6,857261181;1,913543896;3,253864884;0
6969;10;30,0593092;34;12,03465331;6,857493877;1,390966541;1,878854752;0
6970;10;8,274697165;28,83333333;8,424057768;6,857743263;1,387810323;1,313239455;0
6971;15;9,373128068;12,16666667;9,576146304;6,85844183;1,063836144;0,413402915;0
6972;15;33,67451783;66,83333333;10,3044575;6,859368324;1,818161939;3,399425864;0
6973;15;34,97121606;56,5;10,86000966;6,859783173;2,729829706;5,590563297;0
6974;15;35,56630312;51,66666667;9,222112929;6,859987736;2,351632255;4,39299345;0
6975;10;22,07047917;24;9,282793819;6,860716343;1,332739545;1,10262239;0
6976;10;16,54159888;24,83333333;10,71501;6,862023354;1,207843817;0,712576985;0
6977;10;19,55280033;24,83333333;9,450272349;6,862111092;1,265164275;1,029801607;0
6978;10;19,97628264;24,33333333;7,442219858;6,86289835;1,248209176;0,977521539;0
6979;15;54,18732631;60,33333333;11,78218359;6,863114357;3,356140698;8,85163641;0
6980;10;5,43975012;5,5;9,280632294;6,86406517;1,162906266;0,033317924;0
6981;10;16,02446807;13,5;12,20379162;6,864375114;1,096486338;0,560057402;0
6982;15;42,19927759;76,66666667;11,03313135;6,867539406;4,218901054;11,08616662;0
6983;15;35,2587318;51,33333333;10,05756952;6,868071556;2,510047565;4,96343267;0
6984;10;20,93497996;16,33333333;10,210074;6,868296623;1,20949502;0,718411207;0
6985;10;11,19055023;16,16666667;8,319051851;6,868855;1,035218634;0,41894114;0
6986;10;3,733419794;5,333333333;8,302342793;6,868891239;0,920467211;0,033813;0
6987;10;17,50093336;21,16666667;8,990765381;6,869175911;1,118003969;0,768163562;0
6988;15;19,97003255;50,66666667;12,03573635;6,869553566;1,712709051;3,047562122;0
6989;15;32,60472268;52,83333333;10,40647537;6,869729519;1,940468747;3,563176513;0
6990;15;24,71914385;44,66666667;9,510467797;6,869931221;1,672132599;2,597633481;0
6991;15;27,98356733;41;9,721657335;6,870551109;1,652882158;2,520605206;0
6992;10;7,767924977;9;7,311546316;6,871303082;1,007352375;0,139387727;0
6993;10;15,32031865;19,5;10,14956162;6,873077869;1,188666706;0,646258473;0
6994;15;3,35773847;5,5;13,81236227;6,873269558;1,001244002;0,013848782;0
6995;15;42,06262348;67,66666667;10,21433652;6,877874851;2,817118051;6,797795534;0
6996;15;31,85897226;50,5;9,716096826;6,878234863;2,760343279;4,985597253;0
6997;10;9,690809575;12,5;10,41934696;6,879475117;1,046712269;0,341967463;0
6998;15;11,27811522;8,5;11,57056206;6,880821705;1,030089388;0,4974823;0
6999;10;22,22877805;31,66666667;10,9317282;6,881066322;1,140745518;1,153485179;0
7000;10;12,12542036;18;12,97146834;6,88269949;1,240884261;0,655136585;0
7001;10;13,98450714;26,16666667;8,510635322;6,882903099;1,039472707;0,769215345;0
7002;10;30,96229255;37,66666667;9,234536204;6,883014679;1,635866318;2,129999995;0
7003;10;5,662610725;6;9,723561217;6,884922028;1,009038912;0,044161916;0
7004;10;4,556689557;5;12,7504038;6,885578632;0,995327103;0,000156045;0
7005;10;7,549259688;13,83333333;10,25917482;6,885703087;1,121336522;0,476898074;0
7006;10;12,35063813;8,833333333;8,845985564;6,886662006;1,08731266;0,243777394;0
7007;15;24,70523638;63;10,62095833;6,886703491;1,742485234;3,496480107;0
7008;10;10,84158823;10,33333333;8,995005381;6,887590408;1,094039999;0,347600222;0
7009;15;41,08503195;73,66666667;9,730351608;6,887648106;2,485215375;6,102383494;0
7010;15;41,26057527;49;10,1512553;6,887648106;2,066642239;4,228006482;0
7011;15;30,07174176;66;10,10369336;6,887899399;2,042496341;4,076643825;0
7012;15;5,89905724;6,833333333;10,74983221;6,889946461;1,323555677;0,198422313;0
7013;15;37,72681571;45,83333333;10,91097724;6,891860962;2,088838146;3,950206041;0
7014;15;35,59876305;47,33333333;8,74676431;6,892630577;2,016989895;3,551346302;0
7015;10;24,78869641;33,16666667;8,801922869;6,893072128;1,428544186;1,600485206;0
7016;10;20,9174572;17,5;8,971385866;6,89349556;1,224635291;0,74137342;0
7017;15;5,197764317;5,5;12,00140535;6,893600941;1,006053893;0,054489851;0
7018;15;21,69936162;50,5;10,38296663;6,895026207;2,838474399;5,269385219;0
7019;10;12,35417316;14,66666667;8,534833102;6,895387173;1,048514249;0,28621757;0
7020;15;43,67467005;63,33333333;10,41084775;6,895746231;2,717176933;6,838308096;0
7021;10;18,62481642;23,33333333;9,064519858;6,896705627;1,18831573;0,975697517;0
7022;10;7,217221472;7,333333333;10,41455229;6,897602558;1,015188824;0,161026955;0
7023;10;5,063957868;11,16666667;8,657417312;6,898988724;1,086651149;0,380931616;0
7024;15;34,09506186;77,66666667;10,33894748;6,89944315;3,992065282;10,32016718;0
7025;15;24,93251078;44,66666667;9,819616375;6,900947571;1,987582235;3,364010811;0
7026;15;17,11515897;15,33333333;9,926338523;6,901010036;1,195745314;0,780172229;0
7027;15;32,53351209;85,5;11,5736429;6,901389122;3,858174318;10,89026773;0
7028;10;16,97589544;18,83333333;8,815722058;6,90263176;1,168148885;0,737237811;0
7029;10;19,97774158;20,66666667;9,995049884;6,90426302;1,267036043;0,965169549;0
7030;15;21,53930057;51,16666667;7,054255401;6,90598917;1,179479782;1,84484148;0
7031;15;30,5847051;81,16666667;7,61689761;6,907367229;1,510160202;3,829804897;0
7032;10;10,02668507;9;11,13022964;6,90755558;1,059833812;0,263723016;0
7033;10;11,83682317;11,16666667;11,37688694;6,908031464;1,164094916;0,4274261;0
7034;10;8,569690514;11,5;11,84347682;6,90834856;1,053474104;0,321710706;0
7035;10;34,07606861;36;9,61744996;6,909695148;1,52600704;2,006018877;0
7036;10;8,820313798;7;11,14018269;6,909767151;1,024111725;0,216002703;0
7037;10;19,90273303;30,66666667;9,838264618;6,910094738;1,673156324;1,420027852;0
7038;10;16,41315139;18;9,0745615;6,910610676;1,16422307;0,658343673;0
7039;10;24,80800995;32,5;7,934532784;6,912350655;1,346134677;1,408814311;0
7040;10;17,24000232;30,83333333;8,074122954;6,914422035;1,134736137;1,055956364;0
7041;10;20,35693174;29,66666667;9,139871153;6,914652348;1,172256679;0,915313959;0
7042;10;7,612440546;9;11,19182509;6,915183544;1,059831594;0,097221851;0
7043;10;18,59847282;24,83333333;9,378627964;6,916429996;1,174369126;0,906342864;0
7044;15;35,53881584;51,33333333;9,305563487;6,91643858;2,232498619;4,217349887;0
7045;10;7,400741274;7,166666667;12,20797896;6,916641712;1,019382407;0,144967675;0
7046;10;12,46923898;19,66666667;8,886804782;6,919421673;1,073575021;0,643010855;0
7047;10;32,29801879;69,16666667;8,928029549;6,919477463;1,47928584;2,491066456;0
7048;10;13,52553255;15,83333333;9,724586355;6,919760227;1,087070609;0,449728727;0
7049;10;24,30755003;29,5;10,21440424;6,920170307;1,399539857;1,395063996;0
7050;15;35,99126199;53,33333333;10,12588142;6,921098232;1,912871172;3,79440105;0
7051;15;14,67660946;20,83333333;9,829488325;6,921399593;1,285868951;0,955465078;0
7052;10;10,51217557;14;10,4140334;6,922150135;1,100191057;0,434788108;0
7053;15;24,1619448;29,5;10,20381142;6,922352791;1,362556852;1,912996531;0
7054;15;30,50696141;55;10,23298215;6,922622204;2,061327024;3,830706358;0
7055;15;35,0278756;43,5;9,007454723;6,923164368;1,891617645;3,220753074;0
7056;10;36,53138282;60,16666667;9,149682432;6,923321247;1,417125453;2,776832223;0
7057;15;40,81461403;50;10,86974713;6,923491955;2,294048867;4,946987391;0
7058;15;22,62092967;38,16666667;10,09871674;6,923779011;1,73449258;2,606736064;0
7059;10;24,72433154;41;10,03383564;6,924565315;1,222051185;1,604246378;0
7060;10;14,44548083;14,16666667;8,787284243;6,927655697;1,145937107;0,540521145;0
7061;10;17,84744061;27,5;10,2956616;6,927668571;1,208474296;1,044587493;0
7062;10;12,6877182;32,16666667;10,2481011;6,9279356;1,390110858;1,349716425;0
7063;10;20,58581179;24;7,384700317;6,928337097;1,232253556;0,828596473;0
7064;10;23,04629388;37,33333333;9,053447054;6,928744793;1,30801976;1,485225081;0
7065;10;9,756622648;9,444444444;11,00632041;6,93043232;1,055689484;0,220330358;0
7066;10;18,55502729;18;8,829548196;6,930642605;1,195905751;0,724319458;0
7067;10;18,2709945;20,33333333;8,62293156;6,931289196;1,195462046;0,818267465;0
7068;10;22,36850665;21,5;10,92640226;6,932245731;1,272496848;0,966662526;0
7069;10;16,67602096;22,5;10,03078669;6,932721615;1,105102298;0,78560853;0
7070;10;10,09654232;8,5;9,788523172;6,935668945;1,019826249;0,085312963;0
7071;10;11,83228998;13,33333333;7,606127778;6,935927868;1,092363638;0,385720611;0
7072;10;29,91043449;38;10,61188763;6,936060905;1,592234818;2,198728204;0
7073;10;10,71138424;10,83333333;8,952496946;6,936372757;1,04530113;0,229768872;0
7074;15;31,39789787;33,83333333;10,42812346;6,936430454;1,652752566;2,240490675;0
7075;10;28,51958714;33,66666667;8,598156011;6,937674999;1,398199408;1,650353909;0
7076;15;27,21184446;37,5;9,35028773;6,93894434;1,633345788;2,422813892;0
7077;15;30,27425031;62,5;10,63855974;6,94051981;2,109198346;4,115374446;0
7078;15;11,69614964;18;8,951948856;6,941697121;1,103498221;0,657060504;0
7079;15;5,22033343;8;11,26693657;6,942391396;1,007527134;0,07820797;0
7080;10;14,63649474;31;11,17095259;6,943082809;1,544477455;1,628602743;0
7081;10;12,70338875;17,66666667;9,571655307;6,943295002;1,145021899;0,412662387;0
7082;10;21,44600278;36;10,61019669;6,943478107;1,327345593;1,538243055;0
7083;15;37,5408273;53,5;9,597276518;6,94393301;2,144035235;4,281033397;0
7084;10;16,27588454;16,5;7,956583056;6,944161415;1,380245696;0,755129457;0
7085;15;24,40517469;31,66666667;8,683859263;6,944435596;1,487178636;1,706091404;0
7086;15;17,32369001;71,83333333;11,32855315;6,94453001;1,712863349;3,873357177;0
7087;15;17,49911802;39,66666667;10,87837711;6,945220947;3,560537579;5,312993884;0
7088;15;23,85822809;31,5;10,49776076;6,946474075;1,48628936;2,846399665;0
7089;15;3,693506621;8,166666667;12,37056233;6,947174072;1,108937785;0,612635374;0
7090;10;13,59707383;18,66666667;10,19418798;6,948444843;1,066765147;0,568261743;0
7091;15;13,12735579;41,5;8,405696363;6,94865799;1,573464763;2,223898888;0
7092;10;33,42359769;44;8,54453851;6,949601173;1,577046647;2,21871388;0
7093;10;19,84715026;25,83333333;10,65425292;6,950330734;1,141717384;0,952328444;0
7094;15;11,20083216;50,33333333;10,0796229;6,950577736;2,206764977;4,096063614;0
7095;10;19,77648265;24;9,222383741;6,950582981;1,155016687;0,92192781;0
7096;15;36,66135149;61,33333333;9,764679153;6,950611591;2,887313273;6,34373498;0
7097;15;27,37864304;27,66666667;9,879394126;6,951010227;1,643303005;2,107944965;0
7098;15;51,12418025;74,66666667;11,03461043;6,951407909;3,232429274;8,328471661;0
7099;15;29,13995014;42;9,373366891;6,951550961;1,969093779;2,947466016;0
7100;10;4,700260456;5,333333333;11,17926601;6,952647686;0,952798382;0,012882352;0
7101;15;25,35698888;27,66666667;10,09336789;6,954055309;1,490398818;1,759052038;0
7102;15;39,283543;48;9,425385605;6,954199314;1,996374523;3,81217289;0
7103;10;10,2956056;15;9,240569353;6,955728054;1,047726695;0,133354068;0
7104;10;17,8474992;21,83333333;8,479712398;6,957420826;1,514385931;1,114363194;0
7105;10;9,432765406;13,83333333;10,70746877;6,958527565;1,049874662;0,344291091;0
7106;15;30,68996186;59,33333333;9,921290838;6,959022045;1,715129243;3,49691236;0
7107;15;30,44625118;42;10,98032065;6,959535122;1,858749624;3,322794557;0
7108;10;6,673294873;7,666666667;11,66503231;6,96090126;0,883610548;0,180122256;0
7109;15;37,93441279;73,83333333;10,73831491;6,961663246;2,684952115;6,633990169;0
7110;10;4,902466068;5,333333333;12,65421678;6,961749554;1,023580916;0,0170753;0
7111;15;35,35512823;46,33333333;9,343487581;6,961800575;1,777225052;2,914279222;0
7112;15;22,89659091;36,5;8,593318515;6,962738037;1,696372283;2,187892675;0
7113;10;13,5189971;23,83333333;11,71586835;6,96297121;1,063552455;0,739247441;0
7114;15;26,60100279;44,5;8,996629888;6,964802265;1,634120687;2,080636144;0
7115;15;10,22935549;15,83333333;10,33135071;6,965177059;1,162880325;0,585248351;0
7116;10;34,73184498;43,66666667;10,14699129;6,96597147;1,717958667;2,647172928;0
7117;15;18,60412461;38,33333333;8,707997905;6,966560841;1,543454222;1,960205674;0
7118;10;32,95309453;36;9,113583536;6,970031261;1,547738497;2,040431023;0
7119;15;35,728876;73;8,850264157;6,970093727;1,962732485;4,66536355;0
7120;10;18,50344009;30,66666667;7,825022202;6,970680237;1,105132866;1,019029975;0
7121;15;9,422410773;20,66666667;10,86072477;6,971945763;1,051149516;0,166820049;0
7122;15;5,409831534;6;9,627046315;6,972242355;1,002837096;0,076385736;0
7123;15;24,73743438;63,33333333;9,535965991;6,972368717;1,635435878;3,354982257;0
7124;10;6,415432572;13,83333333;9,117487791;6,972443104;1,122860178;0,505124688;0
7125;15;28,17399603;46,83333333;9,843356368;6,972601414;2,522291556;4,336844087;0
7126;10;7,80261383;8,333333333;9,046438659;6,972689152;1,02226448;0,11796689;0
7127;15;33,74765583;75;10,33047557;6,973029137;2,375245179;5,811231971;0
7128;10;29,72145955;54;8,636990108;6,973219395;1,556147471;2,747069001;0
7129;10;7,105286624;7,166666667;8,92473154;6,974132538;1,034714201;0,125861168;0
7130;15;36,34477324;40,83333333;7,659677375;6,974169731;1,745516534;2,878222823;0
7131;10;18,20902642;27;9,766160327;6,974812031;1,255189653;0,957340002;0
7132;10;19,75143601;19,16666667;9,850741443;6,974973679;1,268858813;0,987519145;0
7133;10;29,04306903;30,83333333;10,25055146;6,975272655;1,750729782;2,089043379;0
7134;15;25,56344605;51;10,83088618;6,975495815;2,225714672;4,521602392;0
7135;15;25,52555834;30,33333333;10,33543771;6,975878716;1,627011578;1,997312546;0
7136;10;28,4095557;27,5;8,544435472;6,975889683;1,543196961;1,537018538;0
7137;15;40,76405259;51,83333333;13,09233348;6,976369858;2,644008094;6,149468184;0
7138;15;43,05307552;58,16666667;10,15848445;6,976511478;2,728813035;6,021433353;0
7139;10;7,069311242;5,833333333;9,703035163;6,979406357;1,025007131;0,053814411;0
7140;10;17,25647564;27,5;8,529534487;6,979636192;1,21607619;0,70501864;0
7141;15;16,74822253;32;9,999405998;6,979895115;1,330304971;1,073510408;0
7142;15;28,38583712;50;9,358006947;6,980774879;1,793686278;3,176942825;0
7143;10;14,15090054;15,83333333;9,33644519;6,980922699;1,120810305;0,457854748;0
7144;10;27,09046014;37,83333333;9,450986015;6,981554985;1,664822214;2,186778665;0
7145;10;20,62280616;29,16666667;8,191359051;6,983122826;1,161796622;0,872537374;0
7146;10;6,184982695;8,666666667;9,994348628;6,983948708;1,000720305;0,011566639;0
7147;10;21,41768616;34,16666667;9,047487616;6,985777855;1,394115527;1,517435312;0
7148;10;24,14846617;25,66666667;10,10759145;6,986634254;1,313713377;1,170744419;0
7149;10;11,43514388;10,83333333;10,64808236;6,987118721;1,096796277;0,36431253;0
7150;15;43,31785186;73;9,266978123;6,988258362;2,757859626;6,971172929;0
7151;10;20,70108199;43,5;8,747366423;6,989142895;1,214700062;0,819814205;0
7152;10;21,26792922;27,83333333;9,860711377;6,989305496;1,338537217;0,408754706;0
7153;15;8,531306331;12,66666667;8,52744249;6,989366531;1,261021623;0,461749673;0
7154;15;26,44728611;46,5;9,815271812;6,989508629;2,100757727;3,306348085;0
7155;10;16,82666471;24,5;8,396844351;6,989884853;1,125439864;0,884241343;0
7156;15;43,30460326;67;10,82612817;6,990219593;3,677596025;9,173310041;0
7157;15;36,69616324;45,66666667;9,541814621;6,990450382;1,918892858;3,512038112;0
7158;10;19,49047165;20,5;10,76747649;6,991583824;1,231095265;1,06856966;0
7159;10;20,95399652;22,66666667;10,59121393;6,991920471;1,300662536;1,150642633;0
7160;15;32,74161186;63,33333333;10,11321034;6,991963863;2,651692822;5,682767868;0
7161;15;7,765676542;28,33333333;12,77029555;6,992324352;1,445021971;1,452515125;0
7162;15;22,63678546;38,16666667;10,01505942;6,992896557;1,761686073;2,465180039;0
7163;10;22,63556157;23,44444444;9,668927219;6,992980957;1,257530403;0,876521707;0
7164;15;36,54256732;71,33333333;10,2684115;6,993802071;2,56622669;6,090697169;0
7165;10;27,2120428;54;6,098986974;6,993831158;1,015983077;1,690604448;0
7166;10;17,51212682;24;9,279500038;6,99423027;1,239045055;0,959842682;0
7167;15;25,12666142;63;9,302184744;6,994253159;1,72585718;3,355009675;0
7168;15;30,82070501;71,83333333;8,544593692;6,994353294;2,126810653;4,821242452;0
7169;10;15,16457208;25,66666667;10,91683312;6,994887829;1,126056412;0,870496035;0
7170;10;7,771914044;12;9,995980358;6,995198727;1,045211519;0,018584132;0
7171;10;31,13409324;40,33333333;9,024165184;6,996293068;1,72954742;2,430558562;0
7172;15;29,75403376;40,33333333;9,186005054;6,996978283;1,831968648;2,872059822;0
7173;15;23,54798858;45,83333333;10,94627552;6,997491837;1,289366268;1,994927287;0
7174;15;25,60190709;53,5;9,483948795;6,997603416;2,011306998;3,60828197;0
7175;10;29,72595722;31,83333333;9,558753771;6,997975349;1,393664702;1,555370808;0
7176;10;11,15664071;13,83333333;9,913953603;6,998444557;1,117562393;0,4275316;0
7177;15;22,25738851;33,33333333;10,0699379;6,998467922;1,640607835;1,974750638;0
7178;15;15,41607846;15,16666667;10,912013;6,998625278;1,153420234;0,76643908;0
7179;10;25,96734125;41,5;10,96872958;6,9997015;1,694001412;2,4221735;0
7180;15;12,93415035;17;9,24351234;6,999860287;1,179790652;0,745545387;0
7181;15;42,78344113;65,66666667;9,624371676;6,999911785;3,289374023;5,642607927;0
7182;10;4,30756333;11,5;9,259517116;7,001827717;1,050321146;0,334272146;0
7183;10;15,96829248;26,16666667;9,486925783;7,004512787;1,182050226;0,915675998;0
7184;15;25,44434925;44;9,75546133;7,004797935;1,621801023;2,595355868;0
7185;15;30,42255277;48,33333333;9,266624832;7,004811287;1,989418738;3,509699821;0
7186;15;14,88956933;30,5;10,92970456;7,004863262;1,200575481;1,182525277;0
7187;15;31,49854997;40,33333333;9,772935735;7,005175591;1,812500868;3,051663637;0
7188;15;34,62981742;44,16666667;10,617871;7,005587101;2,072009881;3,855498672;0
7189;10;11,44416116;12,5;8,777419294;7,006571293;1,073305383;0,448180914;0
7190;10;23,24709074;41,66666667;8,274394319;7,006682873;1,572512217;2,022259593;0
7191;10;10,02959019;14,5;10,08524832;7,007414818;1,064166675;0,425393939;0
7192;15;35,46130404;75;9,351912559;7,007598877;2,681212242;6,562653661;0
7193;15;29,64905585;47,5;10,11232169;7,008838654;1,921952823;3,45916605;0
7194;15;28,54985317;42,33333333;9,677921591;7,009348392;2,015471098;3,15762794;0
7195;15;44,03920247;74,16666667;8,635444922;7,010049343;2,024302858;4,92688179;0
7196;10;8,670617978;7;12,1632092;7,010606289;0,983543925;0,14285624;0
7197;10;8,639767649;21,5;10,20419218;7,011262417;1,131158665;0,64371562;0
7198;15;11,92693181;33,66666667;10,12625305;7,011739254;1,653489596;2,307986498;0
7199;15;6,779911576;9;11,30252506;7,012083054;1,073096479;0,250155568;0
7200;10;27,35945645;39,83333333;8,541170227;7,012684822;1,36285067;1,66955924;0
7201;15;23,78961629;22,5;8,754652847;7,013006687;1,473831679;1,453385472;0
7202;10;22,05466473;40,5;8,066626548;7,013047695;1,194492247;1,478016376;0
7203;15;33,30407069;45,16666667;9,491655065;7,013412952;2,090092661;3,661179304;0
7204;10;11,73243242;20,83333333;12,00358609;7,013690472;1,106455068;0,688324451;0
7205;15;25,87740601;39,5;10,2716689;7,01409626;1,994741678;3,293080211;0
7206;10;30,53673346;46,5;10,61414741;7,014575005;1,426368709;2,275694132;0
7207;10;11,80452685;17,66666667;10,21495188;7,015226841;1,089233493;0,542295098;0
7208;10;11,15410151;17,33333333;8,039544811;7,015962601;1,056099051;0,468417883;0
7209;10;4,983322393;5,166666667;13,06420965;7,016260147;1,004390515;0,034823656;0
7210;10;8,941669204;7;12,15135112;7,016725063;1,263460049;0,320679903;0
7211;15;34,44208338;57,66666667;10,06409773;7,017327785;2,52658314;5,258877754;0
7212;15;19,68384965;31,33333333;8,171147201;7,018716812;1,439273486;1,643231273;0
7213;10;13,73948825;17,16666667;11,32406939;7,019108772;1,130226235;0,607259512;0
7214;15;24,54828817;37;10,07329395;7,019432545;1,751547302;2,358148336;0
7215;15;38,62679002;53,83333333;9,31223024;7,019983292;2,047632369;4,195969462;0
7216;10;13,96141027;19,66666667;9,933453317;7,021416664;1,077286839;0,639540434;0
7217;15;35,64941368;55,16666667;10,55942272;7,022393703;2,544796802;5,276100159;0
7218;15;36,14303792;46,66666667;9,383919037;7,023137093;1,940399542;3,500682116;0
7219;15;14,67564024;17;8,395965195;7,023635387;1,155410207;0,702405572;0
7220;10;10,94184913;16;9,126565388;7,024304867;1,029240976;0,428934693;0
7221;10;14,1121903;14,83333333;10,24927265;7,024399281;1,179140425;0,539779544;0
7222;15;8,567957443;15,16666667;8,681564328;7,025594711;1,030790477;0,12064755;0
7223;15;39,55314599;65,16666667;9,74917911;7,025857449;3,119675292;7,266954541;0
7224;10;5,622394715;7,166666667;10,75872672;7,025922298;0,999845782;0,086882114;0
7225;10;19,8903908;17,83333333;9,478076543;7,026079655;1,264687235;0,850405574;0
7226;15;10,75411641;18,5;10,6578629;7,026911259;1,156860212;0,285061836;0
7227;10;14,85303636;37,83333333;9,619414597;7,027436733;1,516023426;1,907486558;0
7228;10;10,41838987;9,833333333;10,85836772;7,027599812;1,109680542;0,349613667;0
7229;15;36,8083221;68,16666667;8,463031154;7,028111935;2,077561016;4,771298885;0
7230;10;22,93732807;27,33333333;8,535193334;7,028633118;1,266647769;1,205561996;0
7231;10;14,00636461;15,83333333;9,557740042;7,031185627;1,160915315;0,561224461;0
7232;15;22,66205912;51;8,117323277;7,031646252;1,48589236;2,49421525;0
7233;10;17,76604424;14,5;9,784276248;7,032974243;1,149855443;0,663888812;0
7234;15;4,831642157;12,66666667;10,67319974;7,033569813;1,112472145;0,750523448;0
7235;10;8,939993455;7,5;10,78854163;7,03361702;1,103380593;0,221532822;0
7236;10;15,48662988;25,5;8,948360459;7,035540581;1,133830217;0,85687983;0
7237;15;13,03330022;23,5;12,36640539;7,035644531;1,083340641;0,860046864;0
7238;10;20,14985199;20,5;9,500264573;7,035980701;1,291997397;1,005642056;0
7239;15;21,37272855;25,5;9,82671025;7,037273884;1,513475819;1,561242938;0
7240;10;19,57069426;22,33333333;9,803270399;7,038011074;1,219582819;0,939977884;0
7241;15;25,304207;26,83333333;12,17415794;7,038984299;1,452324987;1,788693786;0
7242;15;33,09024988;45,5;9,79218346;7,039482117;1,852310238;3,203530192;0
7243;15;33,15131488;38,16666667;9,185647308;7,040203094;1,726357995;2,684160709;0
7244;15;36,70954442;57,33333333;10,29370827;7,040644169;2,120564558;4,408055544;0
7245;15;31,81775036;48,66666667;8,901016402;7,041397572;1,755280025;3,095692039;0
7246;15;36,46323715;43;10,12570132;7,041975975;1,729081255;3,294421196;0
7247;15;23,44828338;36,5;9,177046601;7,042642117;1,759487949;2,280853152;0
7248;10;4,76278233;5,166666667;11,78879775;7,04306221;0,879318504;0,009344339;0
7249;10;11,29495652;11,83333333;9,554706958;7,043108463;1,074180123;0,294504523;0
7250;10;8,771890568;10;9,99936612;7,04351759;1,067960453;0,305469871;0
7251;10;8,702078571;15,5;10,91191941;7,043541431;1,003442925;0,017374992;0
7252;15;31,10860853;41,16666667;10,61088845;7,043925285;1,967836528;3,374816775;0
7253;15;18,74911351;34,33333333;9,47327874;7,044146061;1,407762539;1,588297009;0
7254;15;16,65256808;33,5;7,896467245;7,044886112;1,3109859;1,401410818;0
7255;10;14,70234249;21;9,196841438;7,045003891;1,120040956;0,711072206;0
7256;10;20,74621376;30,33333333;8,592673221;7,045262814;1,428691814;1,392551303;0
7257;15;27,00378168;55,66666667;9,736133278;7,045394897;2,593233763;4,916704416;0
7258;10;17,50763911;14,83333333;9,683537146;7,045707703;1,180148637;0,602722168;0
7259;15;41,91630965;90,5;10,44240681;7,045911789;2,054704207;5,960766315;0
7260;15;20,60775888;31,66666667;9,133486456;7,046886444;1,291000667;1,57119894;0
7261;15;35,57606003;43,16666667;10,64390127;7,049552917;1,668065977;3,336583495;0
7262;10;4,693502086;5;12,19385529;7,049612999;0,977836879;0,000855446;0
7263;10;6,108890503;7;9,818843823;7,050219536;1,01864727;0,087767243;0
7264;15;37,09435476;44,5;10,1157641;7,051208019;1,923468079;3,700672746;0
7265;10;11,04347585;14,33333333;9,882072213;7,051893234;0,997140548;0,372300029;0
7266;15;15,10180207;26,16666667;9,302246598;7,052069187;1,283010497;1,16940105;0
7267;15;28,60586256;39;9,712731284;7,052665234;1,80290459;2,890877008;0
7268;15;33,1918718;95;9,831192864;7,053151131;1,63271;4,925286889;0
7269;15;40,85245308;44,16666667;11,43209441;7,053354263;2,153145398;4,498509884;0
7270;10;19,31117406;27,5;8,175583257;7,053804398;1,209147064;1,038792491;0
7271;15;22,58472804;28,83333333;9,986198979;7,055376053;1,399109648;1,606875777;0
7272;15;4,369282041;6,333333333;6,273245833;7,05698204;1;0,047804475;0
7273;15;19,47604823;40,5;9,628059661;7,057046413;1,722891912;2,680126309;0
7274;10;6,298741506;7,666666667;12,34973622;7,057884216;1,054455048;0,232128501;0
7275;15;7,428167621;8;10,92238511;7,058430195;1,060361564;0,229789615;0
7276;10;16,6078327;18,66666667;9,319338429;7,058580875;1,157993831;0,766975164;0
7277;15;35,97213071;62,83333333;10,35963646;7,059882641;2,207838269;4,916820765;0
7278;15;37,33463732;50,16666667;10,43998052;7,060061932;2,195148251;4,396435022;0
7279;15;31,87226743;70,33333333;9,209172302;7,060533524;1,750289705;4,082078934;0
7280;10;12,8019937;9,166666667;11,31137529;7,06227541;1,39319367;0,511225224;0
7281;10;12,42016328;21,5;8,703587858;7,06303978;1,205128808;0,776846886;0
7282;10;24,01135232;32,83333333;10,14698326;7,064231873;1,449714135;1,682860494;0
7283;15;37,18633069;59,83333333;10,63552388;7,064638615;2,37519851;5,270097017;0
7284;10;5,505345428;5,833333333;12,41272935;7,064723492;0,926427466;0,067584157;0
7285;10;11,85869989;14,33333333;12,14969539;7,066563606;1,13664803;0,563794732;0
7286;15;45,90782831;85,5;10,40850998;7,066871166;2,425658626;7,00082314;0
7287;10;17,81800354;31,83333333;7,185780997;7,067142963;1,161077484;1,090993285;0
7288;10;18,74130672;23,66666667;9,142177715;7,067626476;1,189778907;0,882074952;0
7289;15;39,71291796;65,83333333;9,813919541;7,070967197;3,196836382;7,58966291;0
7290;15;34,91907611;51,83333333;8,840987762;7,071100712;2,133782491;4,086729288;0
7291;10;20,25560982;37,83333333;7,75846309;7,071257591;1,078580297;1,222937107;0
7292;15;16,39530525;21,33333333;10,48864732;7,072175503;1,295378579;1,234040618;0
7293;10;6,15905618;68,5;9,080426428;7,072849274;1,564626869;3,390695453;0
7294;15;20,29866362;31,5;9,558859165;7,072972775;2,191848891;2,451705217;0
7295;10;5,481154712;5,333333333;11,01536696;7,074839115;0,767197031;0,04062593;0
7296;10;22,06514891;37,33333333;10,27184592;7,075037479;1,520263138;1,916968942;0
7297;10;21,42923583;19,66666667;9,844642262;7,075084686;1,308367941;0,982605577;0
7298;15;22,02330065;66,16666667;10,60731002;7,076442242;2,309286476;5,336444259;0
7299;#N/A;5,817415602;6,5;12,01961314;7,077916145;1,038471819;0,116877317;0
7300;10;30,05363033;34,5;9,879974487;7,078215122;1,420015031;1,736171007;0
7301;15;29,29141005;45,83333333;9,03941759;7,078471184;1,953185079;3,320251822;0
7302;10;17,91179018;13,66666667;9,451851866;7,078487873;1,166564282;0,719478488;0
7303;15;35,3771219;48,66666667;10,21921369;7,079108715;2,002117087;3,836309433;0
7304;15;26,27468755;48;9,945945228;7,08038187;1,802105821;2,476845026;0
7305;15;7,010943919;33,5;9,015658373;7,081773281;1,25268009;0,824489832;0
7306;10;19,04492953;16,5;9,611475423;7,082418442;1,258390569;0,834388256;0
7307;10;18,2483748;37,5;7,715306533;7,082566261;1,256471729;0,822593808;0
7308;10;6,523239199;8,166666667;8,46815145;7,082736492;1,027060093;0,131838441;0
7309;15;41,71838136;55,83333333;10,41128936;7,082893372;2,545089978;5,755692601;0
7310;10;5,638871975;32,66666667;10,44684418;7,082910061;1,223025713;1,32562995;0
7311;15;19,58962237;24,66666667;10,16817971;7,083637238;1,338209824;1,329051733;0
7312;10;46,84312053;95;6,954641728;7,08504343;1,017895385;2,993164897;0
7313;10;11,73991775;12,83333333;11,09469551;7,086026192;1,153502749;0,457699776;0
7314;10;16,51576402;19,16666667;9,988401483;7,086113453;1,102877745;0,689431906;0
7315;15;38,61263769;67,83333333;7,985990128;7,087589741;2,700339441;6,317484498;0
7316;10;16,26094609;16,5;9,42951846;7,088728905;1,213705255;0,693899751;0
7317;10;11,62911827;12,66666667;9,910994731;7,088917255;0,974589577;0,301103354;0
7318;10;10,68530275;8,666666667;11,48001039;7,089920998;1,09733094;0,323141098;0
7319;15;18,27488702;44,16666667;7,86173998;7,089971066;1,256984014;0,84406209;0
7320;10;25,15138718;29,33333333;10,74004002;7,090480328;1,389083538;1,516380548;0
7321;15;10,73915193;25,66666667;13,29901553;7,091958523;1,333639629;1,384082913;0
7322;10;8,32138729;13,16666667;11,54482984;7,091965675;0,987600154;0,286780238;0
7323;15;23,60570473;28,83333333;11,07571021;7,092333794;2,536588341;3,323101878;0
7324;10;11,45765137;10,83333333;9,176983693;7,093780994;1,031845135;0,306036234;0
7325;15;25,76977763;40,16666667;9,736668092;7,093825817;1,909535199;2,857752204;0
7326;10;5,321452422;8;11,97352753;7,094694614;1,015673201;0,034528732;0
7327;10;9,223669671;15,5;8,22218992;7,094915867;1,007659874;0,036382914;0
7328;10;25,66373465;39,66666667;8,377654461;7,095359802;1,446736669;1,792124271;0
7329;15;41,96231792;67,33333333;10,23763639;7,096434593;2,460833161;6,042160869;0
7330;15;35,50834358;51,5;9,804938374;7,097911358;2,112050344;4,379817367;0
7331;10;20,16199194;34,83333333;10,58278085;7,099070549;1,522821291;1,516510725;0
7332;15;25,63509222;45,16666667;10,59626124;7,09943676;1,885828997;3,191326141;0
7333;10;31,1626056;47,5;10,27485214;7,099948406;1,823443745;2,970441103;0
7334;15;32,4399674;43;9,463213946;7,100322723;1,911947658;3,192993999;0
7335;15;38,4660283;54,83333333;10,32448571;7,100492477;2,437614651;5,230220675;0
7336;15;29,27883415;40,5;10,34223802;7,100809097;1,857650446;3,143057704;0
7337;15;4,24923707;5,833333333;9,412848081;7,101064205;1,000021721;0,038973451;0
7338;10;36,17303721;65;9,462817341;7,101270676;1,960819956;4,055330038;0
7339;10;19,48998462;23,16666667;10,63749523;7,101816654;1,280948154;1,308544397;0
7340;10;25,67917856;31,83333333;8,269833158;7,102289677;1,257269984;1,386863708;0
7341;15;28,31443057;43;8,786433949;7,102408886;1,856264385;2,911587;0
7342;10;7,409591667;5,5;12,13634277;7,102841377;0,823595171;0,018714309;0
7343;15;40,65219728;38,16666667;10,97808544;7,103382111;2,32798231;4,491271257;0
7344;15;30,23614794;24;14,1191258;7,103997707;1,918431865;3,116320252;0
7345;10;6,4275201;6,333333333;11,00278037;7,104681492;1,007733453;0,091270924;0
7346;15;24,67185641;54;10,11857078;7,105109692;1,714042458;3,030102968;0
7347;15;17,80229032;42,54098361;7,181599722;7,105696678;1,54660313;2,099842072;0
7348;10;18,09617385;23,66666667;9,028592992;7,10618639;1,198770381;0,733373404;0
7349;10;26,66855122;36,16666667;8,6813161;7,106255054;1,350667082;1,665222764;0
7350;10;17,30346753;22,5;8,339741262;7,106430054;1,10230488;0,797698259;0
7351;10;35,38314385;48,66666667;10,75914636;7,107141495;1,628962608;2,870958447;0
7352;10;41,01527299;38,16666667;9,824958197;7,109139442;1,906367721;2,300169945;0
7353;15;4,848242732;20,5;10,02176373;7,109454632;1,296234043;0,886921525;0
7354;10;8,037104302;5,166666667;11,81438419;7,111231804;0,988085289;0,035080552;0
7355;15;24,52074088;53,5;8,843425988;7,111394405;1,927621011;3,404988527;0
7356;15;15,94353293;23;9,375272343;7,11180687;1,248138224;0,987245321;0
7357;10;15,23998722;21,33333333;9,909843204;7,111992836;1,112728474;0,459825516;0
7358;10;14,50477653;13,66666667;10,8899911;7,112722874;1,192993801;0,636679053;0
7359;15;8,4082722;10;10,29144951;7,113281727;1,083842901;0,385974407;0
7360;15;38,09089079;48,33333333;10,54984753;7,113853931;2,175805599;4,561326385;0
7361;15;29,97395069;48;8,9182123;7,115003586;1,875020801;3,21109724;0
7362;10;8,552523681;12,16666667;11,86223983;7,117209911;1,078615388;0,235689163;0
7363;10;7,767688214;11,16666667;11,45201238;7,117251873;0,684607731;0,19407022;0
7364;10;17,69564633;29,5;10,43065367;7,117467403;1,370467704;1,453050256;0
7365;10;25,43423166;38,33333333;8,159005167;7,118075848;1,511380173;1,815486908;0
7366;15;36,43182263;41,33333333;10,57915994;7,119438648;1,987539614;3,863752723;0
7367;10;36,4468647;48,77777778;8,012948064;7,120016575;1,220926275;2,048885822;0
7368;10;27,13461536;54,66666667;9,274459282;7,122289658;1,07697853;1,832875967;0
7369;10;16,36348623;17,16666667;9,37937117;7,122405529;1,22277432;0,659210324;0
7370;10;11,35063929;19,33333333;10,49197072;7,123158932;1,128897167;0,611397505;0
7371;10;14,27884416;25,66666667;9,024387534;7,123233318;1,255331454;0,925273061;0
7372;10;8,271585648;11,5;10,78971057;7,124328613;1,082728386;0,291341662;0
7373;10;12,40011859;17,5;9,509792551;7,12450695;1,173625222;0,489057541;0
7374;10;19,25985943;19,83333333;8,335128996;7,124523163;1,235536236;0,822196007;0
7375;15;22,38615028;37,66666667;8,560241642;7,12505579;1,616841365;2,128362656;0
7376;15;15,81227086;27;7,907025037;7,125568867;1,321218651;1,218754292;0
7377;15;38,66310702;56,66666667;9,485137802;7,126817703;2,620345848;5,543616652;0
7378;10;9,676150121;5;10,47332753;7,127142906;1,007194245;0,000594735;0
7379;15;17,39209836;63;7,338053622;7,127822399;1,005941161;0,035823464;0
7380;15;39,84885489;54,5;8,299801236;7,128401756;2,372614994;4,812932849;0
7381;10;34,80305939;47,66666667;11,09430887;7,128517151;2,4105168;4,248458147;0
7382;10;20,10722978;30,5;9,494936355;7,129083633;1,21204764;1,086112142;0
7383;10;32,73279158;72,5;7,650023956;7,129469872;1,155549375;2,595602632;0
7384;10;4,979425071;5,833333333;13,11353263;7,12947464;0,653905278;0,022711992;0
7385;15;36,23447429;55,5;8,850821784;7,129815578;2,232733242;4,550282598;0
7386;10;17,05659054;19,44444444;11,6286964;7,130179405;1,104013549;0,811144471;0
7387;10;19,49307089;34,33333333;7,902669726;7,130717278;1,260433052;1,170909286;0
7388;10;28,07538089;36,16666667;8,080917691;7,130809307;1,482344912;1,818667412;0
7389;10;32,54488855;46;7,921992791;7,130899429;1,086874252;1,720299482;0
7390;10;13,67942173;22,66666667;9,886097711;7,131068707;1,105145433;0,7589643;0
7391;15;29,4952571;57,16666667;9,693209087;7,131821632;1,505021662;2,105188727;0
7392;15;27,520749;46,83333333;11,54673234;7,134027481;1,525817207;2,79548645;0
7393;10;21,41799926;21,83333333;9,287126899;7,135197163;1,188332582;0,908165336;0
7394;10;17,16494736;39,33333333;9,827808847;7,135505199;1,500258687;2,054665565;0
7395;15;11,86503697;11,5;10,48464517;7,135890007;1,150363807;0,310265541;0
7396;10;38,49633628;39,83333333;9,3185891;7,137536049;1,684724348;2,617138267;0
7397;10;6,500575018;16,16666667;8,619498814;7,137691975;1,268158018;0,877699733;0
7398;10;18,33364584;25,16666667;8,595324057;7,140318394;1,143967862;0,961082935;0
7399;10;6,331134793;7,166666667;7,939251856;7,140490055;1,000150081;0,096433043;0
7400;10;22,09439406;27,83333333;9,095635648;7,141848087;1,314715584;0,960671544;0
7401;15;31,57255148;48,16666667;7,054715754;7,142119408;1,738907385;2,995006204;0
7402;10;13,27951162;13;10,95698548;7,142495155;1,098756597;0,470627189;0
7403;15;23,45177438;32,83333333;10,01614891;7,145513058;1,207709249;1,604991794;0
7404;15;27,90367026;37,66666667;9,25416115;7,145682335;1,486083115;2,23004353;0
7405;15;10,02017897;27;8,009998065;7,145718098;0,983774432;0,746413589;0
7406;15;28,17243216;60,5;9,983190462;7,146216869;1,535816276;3,166752577;0
7407;15;37,12297999;73,83333333;8,726607134;7,147810936;2,725054074;6,719177961;0
7408;15;28,29961654;38,16666667;10,41444292;7,147904396;1,720490031;2,673496604;0
7409;15;13,04667432;19,33333333;7,796082949;7,148240089;1,176848806;0,796847463;0
7410;15;22,39142811;46,5;10,33292346;7,148797035;1,936917352;3,509387374;0
7411;15;15,72387949;23,5;9,413945959;7,149495602;1,307612044;1,078759193;0
7412;10;18,29766498;19,66666667;9,54860227;7,149665356;1,344108234;0,938880444;0
7413;15;35,68039174;46,33333333;8,234594514;7,149901867;1,546787097;2,901448011;0
7414;15;6,727365685;8,166666667;11,62613845;7,151367188;1,108037543;0,267005086;0
7415;10;11,11517717;14,66666667;8,742846868;7,152620316;1,090589146;0,249953508;0
7416;15;38,99171824;38,33333333;10,56717764;7,152878284;1,876683008;3,575179696;0
7417;10;7,459276839;11;11,70911376;7,153014183;1,010708438;0,292149782;0
7418;15;32,51965833;56,83333333;9,163928815;7,153593063;2,020930103;4,002990246;0
7419;15;15,45960506;30,66666667;9,756261484;7,154920578;1,386487248;1,389595032;0
7420;15;31,00898523;37,78688525;10,24947412;7,155335426;1,635250192;2,7050879;0
7421;10;15,36976544;22,16666667;7,936063133;7,155612946;1,121521177;0,744320869;0
7422;15;14,25663183;14,66666667;9,371273656;7,157176971;1,236217683;0,684817433;0
7423;10;7,917188903;7,166666667;12,13892666;7,157315254;1,15619783;0,097429633;0
7424;10;13,68730687;25,33333333;9,925036202;7,158178806;1,016054298;0,792261124;0
7425;10;21,58543806;34,33333333;11,89933993;7,158228397;1,342066332;1,743339181;0
7426;10;29,91888193;46,16666667;8,689144862;7,158499241;1,532224699;2,324782848;0
7427;15;22,57761746;24,66666667;10,29567658;7,160104275;1,469034882;1,605843425;0
7428;10;24,42124179;30;9,787492809;7,160499573;1,472953959;1,599505305;0
7429;15;26,04498887;26,33333333;10,39290733;7,16112709;1,427750031;1,726355314;0
7430;10;10,35673689;9,5;9,060923757;7,161346912;1,044925175;0,267167687;0
7431;10;15,98627213;14,5;8,661653532;7,162065983;1,151146949;0,486939073;0
7432;10;25,88723311;32,5;8,528559058;7,162299633;1,384111561;1,558202982;0
7433;10;9,643708952;10;10,32983053;7,162806034;1,08640453;0,282113671;0
7434;10;14,03409776;16,66666667;10,02499658;7,162977695;1,059641313;0,560478568;0
7435;10;7,425907829;10;10,63067868;7,163977623;1,016689982;0,206063867;0
7436;15;26,4984375;40,33333333;10,44456564;7,164277554;1,620141467;2,61209178;0
7437;10;5,627945899;16,83333333;11,22041937;7,165033817;1,189822463;0,966432214;0
7438;15;30,581192;42,33333333;9,225896449;7,165219307;1,713620623;3,004353046;0
7439;15;29,55938107;53,66666667;9,062881046;7,166925907;1,991326804;4,084601402;0
7440;10;11,40427902;17,66666667;9,544897212;7,167929649;1,035193628;0,225652933;0
7441;10;6,608377515;13;10,14027942;7,168143272;1,042146246;0,39226675;0
7442;15;31,61731796;42,5;9,768730776;7,16849947;1,825962536;3,04696238;0
7443;10;13,15017368;17,16666667;10,79192834;7,168758869;1,107123784;0,60235858;0
7444;15;26,96546869;44,16666667;8,955330004;7,168889523;1,838672762;2,908196926;0
7445;15;21,14977447;49,5;8,459198824;7,169757366;1,692656672;2,759986401;0
7446;10;5,494084177;5,5;12,11489345;7,170411587;0,95455159;0,060447454;0
7447;15;13,99489247;19,5;9,620237626;7,171303749;1,159886369;0,599669218;0
7448;15;14,51892569;18,66666667;8,982320913;7,171506405;1,301876775;0,857011676;0
7449;10;8,833383335;11,5;7,686461437;7,171928406;1,001225177;0,264800072;0
7450;10;13,5793473;15,16666667;10,4276348;7,17215538;1,141966118;0,655119658;0
7451;10;23,7151673;29,83333333;10,82554818;7,17338562;1,279462919;1,022240281;0
7452;10;16,55748247;16,66666667;10,97059644;7,174157619;1,185260219;0,925145268;0
7453;10;22,4225421;36,5;9,920120397;7,174692154;1,633745537;2,281060934;0
7454;15;33,8135124;68,16666667;10,18721834;7,174822807;2,62550764;6,349566579;0
7455;10;17,67112094;24;10,18494011;7,175211906;1,331435781;1,03348577;0
7456;15;8,870615357;10,83333333;10,76919695;7,176320553;3,127748081;0,914037704;0
7457;10;23,13514108;31,66666667;9,275712012;7,1769557;1,381662432;1,469228029;0
7458;15;19,35345682;35,66666667;9,821837013;7,178058624;1,538988092;1,973080277;0
7459;10;4,822824147;5,333333333;7,698408431;7,178145409;0,950507739;0,016499639;0
7460;15;13,55145348;18,5;9,04732012;7,179273129;1,189225848;0,841174722;0
7461;10;16,6340881;13,5;8,404953097;7,180090427;1,030630778;0,441986084;0
7462;10;8,778272099;10,16666667;8,320646936;7,182842255;1,057262285;0,257727861;0
7463;15;28,86600616;39,16666667;9,085682412;7,183462143;1,604889372;2,532228351;0
7464;10;35,9710931;47,16666667;11,48965077;7,183525085;1,699205923;3,102695584;0
7465;10;10,02931961;15,83333333;8,71279586;7,183828354;0,992633273;0,409415126;0
7466;15;4,932443769;5,5;9,09386346;7,183879852;1,004701798;0,04757905;0
7467;10;21,79891061;25,33333333;10,25945839;7,184195042;1,435217723;1,358898878;0
7468;10;32,24105028;41,83333333;10,71236362;7,184235096;1,352618496;1,982942462;0
7469;15;4,599034781;5,666666667;14,00146595;7,184560299;1,028895287;0,126409292;0
7470;15;22,52237172;43,66666667;7,98038428;7,185396194;1,334811464;1,956215978;0
7471;15;33,21703105;39;9,080829553;7,185821056;1,814255966;2,90761888;0
7472;10;15,97459447;14;9,426678205;7,186384678;1,118842161;0,55159986;0
7473;10;26,39839864;41,16666667;11,0426178;7,186674595;1,480991172;2,152808189;0
7474;10;16,96700223;22,66666667;10,40419075;7,186724186;1,142085191;0,899746418;0
7475;15;26,27680926;46,16666667;8,15826061;7,187067509;1,52804798;2,640623212;0
7476;10;4,919414742;5,5;12,74869959;7,188230991;1,005754498;0,024857044;0
7477;10;5,644720888;10,16666667;12,44803146;7,188434601;1,070152334;0,343981266;0
7478;10;5,310375034;5,833333333;10,22334667;7,189287186;0,659379532;0,025717497;0
7479;15;34,6030662;58,16666667;9,611254136;7,189385891;2,324580687;4,986206174;0
7480;10;14,27658936;20,83333333;9,837464301;7,190033913;1,322509204;0,856294274;0
7481;10;6,966265261;7,5;12,30205592;7,191291332;1,00146827;0,126884341;0
7482;10;23,44070168;30,66666667;9,048500978;7,191809177;1,376630638;1,38468647;0
7483;10;37,19236812;43,16666667;10,1899322;7,191837788;1,780369048;2,964001179;0
7484;15;4,493454255;7,666666667;11,8283063;7,192332268;1,053004752;0,141341209;0
7485;15;19,63744303;29,83333333;7,657445666;7,192946434;1,417000387;1,599857569;0
7486;15;52,85561563;61,83333333;9,424296773;7,193073273;2,029744353;4,573073268;0
7487;15;33,47636335;68,83333333;10,39087524;7,193719864;2,763710154;7,046820998;0
7488;10;9,51680761;12,5;9,663823831;7,194616795;1,030459526;0,323954701;0
7489;15;37,16070314;65,66666667;9,814451298;7,194825649;2,31360052;5,241174221;0
7490;15;21,55449384;42,33333333;9,129208618;7,197686672;1,360076163;2,018869996;0
7491;15;23,75518452;47,16666667;10,06462022;7,198013306;1,620886119;2,690634847;0
7492;15;40,86331087;73,33333333;9,982428254;7,198221684;2,779959591;6,981235147;0
7493;10;12,70030012;12;10,99888703;7,198649883;1,098948135;0,533183217;0
7494;15;7,491452528;9,166666667;13,21958702;7,199857712;1,479095951;0,378861189;0
7495;10;17,04046219;25,5;9,984156824;7,200856209;1,002992387;0,81080246;0
7496;15;33,26590755;55,33333333;10,25018107;7,200899601;2,279006455;4,919533491;0
7497;15;28,31122768;46,5;8,330321693;7,201718807;1,648374612;2,739335179;0
7498;10;6,268130314;6;9,950044315;7,202486038;0,815260246;0,066933274;0
7499;10;3,731492158;5,166666667;10,51422854;7,202544212;0,929244327;0,015750527;0
7500;15;28,51071434;46,33333333;10,19686138;7,203123093;1,758449312;2,925732017;0
7501;15;31,48255314;62,16666667;9,221081609;7,203848839;2,132656827;4,615809798;0
7502;10;20,40246111;31,33333333;9,957032825;7,20392561;1,116273144;1,128564119;0
7503;10;7,933541579;7,666666667;9,935273118;7,20553875;1,057614172;0,163891792;0
7504;15;27,25313356;21;10,50239619;7,206433773;1,327508371;1,932768464;0
7505;10;10,76784888;11;8,825177241;7,208107471;1,053946508;0,250916958;0
7506;15;9,465808891;10,66666667;7,303103519;7,208172321;1,055549393;0,351575732;0
7507;15;5,114315557;7,666666667;11,96602403;7,208329678;0,984878403;0,134152174;0
7508;10;11,36985176;14,83333333;9,041230769;7,209628105;1,200065953;0,547344565;0
7509;10;23,42649292;29,16666667;9,165023007;7,210065842;1,348146649;1,374064326;0
7510;10;11,59736949;9,166666667;10,80201971;7,210533619;1,407160933;0,488010645;0
7511;10;20,34212885;26,5;9,30864038;7,210701466;1,284499266;1,116318464;0
7512;10;9,289718969;9,5;9,553006272;7,210994244;1,057344104;0,186334133;0
7513;10;20,64119123;33;11,58471875;7,211186886;1,202274985;1,277671576;0
7514;15;14,86995481;21,16666667;9,153200843;7,211735249;1,220440969;0,895398259;0
7515;10;6,421798486;8,833333333;9,060749207;7,211783409;1,002297209;0,044637084;0
7516;15;32,26423262;77,16666667;9,94749175;7,212805271;3,101095629;7,984219551;0
7517;15;23,72774027;65,16666667;9,87618317;7,213160515;2,434645082;5,616431475;0
7518;10;30,15047158;49,33333333;11,8515995;7,213308334;2,048978793;3,657064676;0
7519;15;31,74140057;42,5;10,47365697;7,214024544;1,866988619;3,29007566;0
7520;10;21,62255138;34;9,122543616;7,214631557;1,300616045;1,435730577;0
7521;10;10,43653909;13,33333333;7,491399074;7,214862823;1,101664908;0,300775528;0
7522;10;17,6792334;23,16666667;10,08288992;7,214908123;1,132933951;0,774233937;0
7523;15;21,82535307;29,5;10,70181772;7,215752125;1,535304894;2,0755018;0
7524;15;30,04045069;73,33333333;8,98400874;7,216016293;1,492688326;3,645050764;0
7525;15;21,2155889;21,66666667;8,119956252;7,216348171;1,286801799;1,405718923;0
7526;10;33,44127183;42,83333333;9,371985277;7,216492176;1,657116031;2,623624206;0
7527;10;18,48698427;29,5;8,49323092;7,216518402;1,254998111;1,157438636;0
7528;10;19,28090253;20,83333333;9,619933538;7,216642857;1,109239762;0,831029773;0
7529;15;28,51038087;21,66666667;10,67908666;7,217990875;1,53874671;1,92429328;0
7530;10;9,702012225;15,33333333;10,99658382;7,221177578;0,984790619;0,40354228;0
7531;15;39,90089964;51,16666667;11,68119208;7,222002029;2,469885391;6,046207786;0
7532;10;22,96478487;31,66666667;9,529827803;7,222054482;1,398966839;1,529946923;0
7533;15;21,53700822;46,66666667;10,2251617;7,223093987;2,156898065;4,036463618;0
7534;10;24,95110845;35,66666667;10,21687559;7,223720074;1,794163329;2,368483305;0
7535;15;19,50696106;36,83333333;10,6827442;7,224901199;1,859360514;3,014244914;0
7536;10;25,92132845;24;10,73139442;7,225892544;1,304909204;1,383755445;0
7537;15;21,16067378;35,5;10,1186851;7,226213455;1,491177315;2,039799809;0
7538;15;8,547499426;13,5;6,212155127;7,227082253;1,018221366;0,369017124;0
7539;15;39,49305698;53,16666667;10,27880872;7,22719717;2,357032202;5,192182064;0
7540;15;8,311913923;10,66666667;11,38951222;7,227232933;1,1968401;0,451954484;0
7541;15;20,85584548;31,16666667;10,92001903;7,2304492;1,396516231;1,699193597;0
7542;10;19,46656981;21,83333333;9,343882141;7,230510712;1,233321809;0,943929553;0
7543;10;8,184974982;10;8,643240782;7,231304646;1,029056956;0,196852565;0
7544;15;19,22899829;33,83333333;9,990432002;7,232005596;1,428829465;2,264849424;0
7545;15;25,72094385;28,16666667;9,873033488;7,232243061;1,499274877;1,939464569;0
7546;10;23,67905129;30;8,702614339;7,232710361;1,357184033;1,380354285;0
7547;10;17,21727498;17,16666667;11,38776554;7,232941151;1,234185838;0,768844724;0
7548;10;7,585141159;6,333333333;12,30345978;7,234026909;1,32002597;0,185854793;0
7549;10;24,10352017;44,33333333;10,70281202;7,234177589;1,244835785;1,769970894;0
7550;10;7,140068369;9,333333333;8,873414931;7,234365463;1,034184141;0,185999751;0
7551;10;12,90123381;7,5;11,35455891;7,235589981;1,106929944;0,393985033;0
7552;10;19,18604225;23,83333333;9,849982711;7,235674381;1,081449527;0,880298138;0
7553;15;19,2982277;41,66666667;10,08716433;7,236980438;2,342601232;3,822957993;0
7554;10;33,23395615;35,22222222;14,19947222;7,237185955;1,854021417;2,965759516;0
7555;10;11,56986502;18,33333333;11,72354998;7,237337589;1,125856547;0,644123793;0
7556;10;21,29086856;27,66666667;9,516532661;7,237764835;1,346865728;1,319118142;0
7557;15;18,0310473;19,66666667;8,080338396;7,238532066;1,195267488;0,998725057;0
7558;15;44,70638127;63;10,51160981;7,239908218;2,698276761;6,742949724;0
7559;10;13,9108618;19,33333333;9,072834384;7,241287708;1,137764147;0,680847526;0
7560;10;10,11477891;11,16666667;11,17650987;7,244321823;0,872924924;0,253529429;0
7561;15;8,658637502;15,5;12,03457872;7,244867802;1,000161205;0,921637893;0
7562;10;7,547393839;45,5;8,947049103;7,246228218;1,630072665;2,616775155;0
7563;15;13,73683947;17,83333333;8,385046436;7,246357918;1,233110733;0,773298264;0
7564;15;28,03411925;43,33333333;9,892272003;7,247000217;1,855363459;3,503306985;0
7565;10;13,39883592;12,16666667;10,66759841;7,248622417;1,168564679;0,477035046;0
7566;15;30,30583664;54,33333333;9,595548731;7,248815536;2,176750671;4,186332464;0
7567;15;4,925158076;7,333333333;13,90547569;7,24916172;1,009734257;0,078345418;0
7568;15;34,81606865;54,83333333;9,130638426;7,249400616;2,227558505;4,638161898;0
7569;10;27,26724783;29,5;10,5172176;7,251741886;1,559577459;1,461201549;0
7570;10;15,88754164;16,5;8,206651765;7,251906395;1,14845181;0,672675371;0
7571;15;28,50730756;49,83333333;8,963027745;7,25269556;1,804674457;3,328183055;0
7572;15;22,89169503;38,16666667;9,624951495;7,253678322;1,647941902;2,328126192;0
7573;10;27,9616608;29,66666667;9,892581995;7,256109238;1,56679926;1,813602567;0
7574;10;6,424500172;7,5;14,13815403;7,256764889;0,980688415;0,11224246;0
7575;15;13,71348987;12;9,615216844;7,256865025;1,153909713;0,589561105;0
7576;10;6,094588048;6;10,55381953;7,257059097;1,086295238;0,081251025;0
7577;10;18,19113703;35,66666667;8,827587311;7,257245064;1,374224892;1,469026208;0
7578;10;12,96561885;14,33333333;9,35971441;7,257256985;1,149414338;0,508350968;0
7579;15;28,17417229;53;9,666285408;7,258025646;2,127648669;3,98684001;0
7580;15;26,89652256;40,66666667;10,15908322;7,258342266;1,591570022;2,364805579;0
7581;15;32,16803866;60,83333333;9,486056085;7,258423805;2,075269115;4,34864378;0
7582;10;10,28262422;10,5;8,942682343;7,25895071;1,080408435;0,332347155;0
7583;15;22,20334521;35;10,16362413;7,259210587;2,018477287;2,744209409;0
7584;15;31,44677242;56,83333333;9,585607488;7,25938797;2,063209132;4,222401619;0
7585;10;10,99196131;14,33333333;9,849811838;7,25961113;1,034002726;0,439804673;0
7586;10;18,86516584;30,83333333;8,340795783;7,25975132;1,074038546;1,030987382;0
7587;15;41,69799439;58;9,680440941;7,259994984;2,350506059;5,289476633;0
7588;15;23,05114634;25,66666667;9,844191935;7,260982037;1,404541109;1,573058963;0
7589;15;18,37912138;27;10,88179616;7,262530804;1,448073508;1,781100035;0
7590;10;6,945291071;6,833333333;10,60783697;7,263236046;1,006847641;0,203314304;0
7591;10;14,12699355;16,33333333;7,974358429;7,263480663;1,171873805;0,543904185;0
7592;15;23,28147223;32,33333333;9,799452552;7,264358997;1,630912993;1,388299942;0
7593;10;10,4201604;10,5;9,870337319;7,264811993;1,080140709;0,356067777;0
7594;10;24,95226503;22,66666667;9,584940207;7,265571117;1,355320198;1,297337055;0
7595;10;21,95834642;33,83333333;10,71291398;7,266027451;1,432547262;2,030049205;0
7596;10;32,77226148;43;9,422900652;7,266543388;1,642312174;2,422162414;0
7597;15;33,11751767;57,5;10,5561357;7,266997337;2,315248188;5,021805286;0
7598;10;13,7041433;15,16666667;8,372129404;7,267531872;1,133150608;0,430882812;0
7599;10;28,17720974;27,5;10,28945114;7,268340111;1,418908819;1,860406876;0
7600;15;45,01806158;79;10,75578639;7,268674374;2,161506039;6,146834016;0
7601;15;36,37369944;64,83333333;8,591062604;7,268848896;1,887154774;4,287758946;0
7602;10;12,84440449;19,33333333;10,00712636;7,26941967;1,089052006;0,60608685;0
7603;15;18,66220864;28,5;9,873077023;7,269469261;1,736857197;1,826654553;0
7604;15;38,91291597;58,33333333;10,83331281;7,2703619;2,178043137;5,202211857;0
7605;10;28,46130432;23,33333333;10,66028173;7,270415783;1,386774385;1,45975697;0
7606;10;10,64572311;13,83333333;8,264184848;7,271178722;1,067986089;0,478873134;0
7607;15;10,94265726;10;8,419238976;7,272224426;1,031496675;0,126538634;0
7608;10;22,48766894;45,5;10,02149553;7,275869846;1,27997839;1,26585412;0
7609;10;9,002094806;10,33333333;9,308610094;7,276716232;1,031892986;0,299916387;0
7610;10;25,93193283;44,33333333;11,29122417;7,276949883;1,934702862;3,094148517;0
7611;10;26,02003128;46,33333333;9,426991392;7,277064323;1,447195451;2,215243936;0
7612;10;8,373900246;7,666666667;11,57775668;7,279060364;1,034800293;0,102873921;0
7613;10;14,43695649;27,66666667;7,22630121;7,279839039;1,067859906;0,297038078;0
7614;10;10,5229164;10,66666667;7,871891518;7,280117989;1,021624501;0,344530821;0
7615;10;27,05169576;30,16666667;10,95316176;7,28198719;1,674636018;2,037804246;0
7616;15;36,01325664;61,5;8,987629739;7,282721043;2,431446835;5,442479134;0
7617;10;23,28022011;27,33333333;10,89391536;7,283724308;1,256092369;1,229681015;0
7618;15;29,50789114;48,5;11,01591409;7,28391552;1,923240641;4,6293751;0
7619;15;12,26670545;29,16666667;10,76828868;7,284193516;1,49831192;2,215840697;0
7620;15;12,26721737;12,5;11,23794739;7,285986423;1,149469436;0,855435967;0
7621;10;19,33195904;18;11,10858807;7,286013603;1,125376854;0,725596309;0
7622;10;24,79615904;37,66666667;8,794749485;7,286542892;1,668489417;2,149185896;0
7623;10;12,78497447;13,5;10,14201934;7,286792755;1,147193636;0,508081436;0
7624;15;25,93830081;42,5;10,46141047;7,287494659;1,922982602;3,550317526;0
7625;10;19,18314999;32;9,888450738;7,287985325;1,259921492;1,302803278;0
7626;10;13,51915692;18,33333333;9,437731466;7,288365841;1,13514914;0,66616118;0
7627;10;12,30930598;12,70491803;11,15001088;7,28854084;1,147712863;0,519020677;0
7628;15;28,05394748;32,5;9,128214101;7,289588451;1,654124751;2,312039018;0
7629;10;17,33306309;18,5;9,605200162;7,289742947;1,325836051;0,958430886;0
7630;15;30,65398447;47,83333333;10,21161184;7,290240288;2,200991301;4,190295458;0
7631;10;9,50057141;10,66666667;10,09416439;7,291115284;1,072800467;0,323173165;0
7632;10;18,72093385;20,5;8,956797983;7,291402817;1,123584749;0,780383468;0
7633;15;35,30178694;76,33333333;10,26433947;7,292128086;1,599361768;2,352462769;0
7634;10;12,16886353;21,5;9,158037221;7,292689323;1,01643264;0,075390577;0
7635;10;18,81169939;25,33333333;8,758029081;7,293005943;1,283002167;1,014446378;0
7636;10;11,94888166;9,444444444;9,124885504;7,293022156;1,063769589;0,309824109;0
7637;10;24,6491548;26,33333333;9,19969217;7,293449402;1,359746487;1,442479372;0
7638;10;6,413443854;8,666666667;11,12273929;7,295591831;1,002442961;0,099924445;0
7639;10;27,52530495;50,5;7,948950674;7,295619965;1,182089704;1,923796773;0
7640;15;25,06554553;42,66666667;8,588925647;7,296264172;1,605245666;2,499718308;0
7641;15;30,59197096;43,16666667;10,0838094;7,296681881;1,757699066;3,07232666;0
7642;10;17,17454794;18,16666667;9,218934007;7,296788216;1,193437716;0,826050878;0
7643;15;30,93290966;48,16666667;10,56484871;7,296936512;2,109737566;4,080719471;0
7644;10;32,69966193;46,16666667;8,952063349;7,297255516;1,270650869;2,015367508;0
7645;10;26,36678447;27,66666667;9,979859781;7,298762321;1,405352556;1,356328964;0
7646;15;32,12001901;39,16666667;10,44309575;7,298869133;1,882878458;3,232257962;0
7647;15;21,80585811;25,33333333;9,292456128;7,299360275;1,434304815;1,557597041;0
7648;15;22,40866807;43,5;10,72293732;7,30006361;1,618276826;2,618518353;0
7649;15;35,67438465;54,33333333;9,694298949;7,300916195;1,765840725;3,657070041;0
7650;15;27,3136496;64,16666667;10,73116619;7,301641464;3,228493468;7,777653337;0
7651;15;34,25158249;53,83333333;10,05277208;7,301743031;2,600494901;5,319294572;0
7652;15;31,07566624;37,16666667;9,636085067;7,301807404;1,793869545;2,893788218;0
7653;10;13,92596757;19,5;9,424929936;7,302386761;1,283942711;1,085600257;0
7654;10;5,487565307;5,5;10,57032458;7,302913666;1,013181358;0,036603332;0
7655;15;32,87555078;50,66666667;10,9482009;7,303267002;1,545702946;2,794462085;0
7656;15;26,4075787;46,33333333;8,746488236;7,304028511;1,824615809;3,030791879;0
7657;15;7,721877428;7,666666667;10,53409893;7,304891109;1,044642624;0,243485689;0
7658;10;21,2487378;32;10,58375058;7,304896355;1,540966421;1,740811467;0
7659;10;21,04609278;29;8,560474189;7,305023193;1,210147923;1,073256373;0
7660;10;16,42574347;23,5;8,85893271;7,306493282;1,114065747;0,831224084;0
7661;10;12,51627272;18,33333333;7,585310592;7,31016016;1,078929873;0,57278204;0
7662;15;6,113477931;8,333333333;9,00208153;7,31253624;1,023036284;0,20113647;0
7663;10;17,54211513;26,66666667;8,956076699;7,313521862;1,212601567;1,057146668;0
7664;15;31,77725504;45,33333333;10,30056485;7,313996792;2,018357278;3,775883198;0
7665;15;25,89074551;54;9,882143996;7,314806938;1,96605463;3,751911044;0
7666;10;19,57102967;37,33333333;10,13889547;7,314872265;1,461130327;1,799104929;0
7667;10;8,643834951;7,166666667;11,53548539;7,315229416;1,052263146;0,232674241;0
7668;10;30,31182619;44,83333333;9,937398234;7,315618992;1,731940415;2,876196504;0
7669;10;5,108545587;5,166666667;10,94562335;7,316515923;0,982749924;0,033987761;0
7670;10;5,064943483;5,888888889;12,62218506;7,317311287;0,900844496;0,053343177;0
7671;15;24,104897;45,33333333;9,536971959;7,3180089;1,896630586;3,139863849;0
7672;15;29,22730801;67,83333333;9,919597557;7,318105698;2,514684307;5,958731771;0
7673;10;6,048235718;7,444444444;11,84260632;7,318356514;1,001624859;0,095726728;0
7674;10;26,50088864;25;9,559992379;7,318815231;1,31796856;1,339424133;0
7675;10;16,44149653;61,83333333;7,307705945;7,319216251;1,044785863;2,093178153;0
7676;15;35,72524259;49,66666667;9,754245137;7,319666862;2,003381057;3,974526048;0
7677;15;24,15484784;56,33333333;10,78088511;7,3204422;2,65472068;5,772833109;0
7678;10;13,60014662;15,66666667;10,61840676;7,321405888;1,102931005;0,644402862;0
7679;10;8,928820047;10,66666667;9,860884872;7,32294178;1,029633163;0,233677268;0
7680;10;24,12357712;29,33333333;9,870938818;7,324496746;1,343543837;1,375074625;0
7681;15;28,87200007;40,66666667;11,05866952;7,325112343;1,699027303;3,065032601;0
7682;15;15,48709713;28;10,44136812;7,325160503;1,395792803;1,272440434;0
7683;15;22,85752005;47;9,366956286;7,325399876;1,478276618;2,448491096;0
7684;10;19,196024;29,33333333;8,931458184;7,325916767;1,169522553;1,11875546;0
7685;15;31,64740629;35,5;9,968912614;7,326165199;1,700683168;2,976751685;0
7686;15;29,60209167;44;9,350596333;7,327566624;1,831329993;2,998813868;0
7687;10;25,35640217;35,5;9,739638048;7,328649044;1,467116286;1,787016749;0
7688;10;7,373952603;6,333333333;11,62361059;7,328933716;1,118826434;0,170249939;0
7689;10;7,228218371;8,5;8,441759514;7,329024792;1,010625357;0,169857144;0
7690;15;30,47851288;62,16666667;10,78982981;7,331519127;3,005972808;7,297211528;0
7691;10;8,88385967;10,5;6,343412862;7,331720352;1,033425452;0,2885952;0
7692;10;31,91875627;36,33333333;10,15916957;7,331733704;1,611246948;2,282505274;0
7693;10;10,7986478;31,33333333;8,443188301;7,331739426;1,007240938;0,995846868;0
7694;10;21,85847405;31,83333333;10,3352472;7,331813812;1,17764994;1,337990522;0
7695;15;35,71780726;48;10,2669219;7,332900524;1,90919298;3,787385345;0
7696;10;7,77541021;8,5;12,78910846;7,333171844;1,018736796;0,247441649;0
7697;15;38,62605169;62,16666667;10,95975903;7,333558083;2,968076621;7,221932054;0
7698;10;25,34099394;29;10,77747119;7,33607626;1,286073198;1,430289507;0
7699;10;9,580210906;14;8,822809663;7,33607769;1,034564063;0,330003381;0
7700;15;14,89401867;16,66666667;8,601309546;7,336285114;1,538743314;1,015415907;0
7701;15;26,24188551;65,16666667;8,561068058;7,338251114;1,216085941;2,67246151;0
7702;10;10,95350336;8,5;9,972467681;7,338434219;1,11790991;0,298521757;0
7703;15;12,89904113;33,83333333;9,442816454;7,338540554;1,477857212;1,875348449;0
7704;15;18,27237488;31,66666667;8,54004077;7,339976311;1,378055531;1,511809111;0
7705;10;7,356420287;7,333333333;7,078008363;7,340292931;1,005559887;0,111730099;0
7706;10;12,63755051;21,66666667;8,76314176;7,341468811;1,073681169;0,260148168;0
7707;15;26,2237694;50,33333333;8,404167655;7,341486454;1,718789656;3,137720585;0
7708;15;7,53662326;9,166666667;9,594415144;7,341507912;1,129180236;0,311937213;0
7709;10;6,505078216;11,16666667;9,270475502;7,341554165;1,104590981;0,472558618;0
7710;10;5,056530556;5,333333333;11,17304203;7,34169054;1;0,010611773;0
7711;10;9,87073537;13,66666667;9,72630094;7,343132019;1,014234764;0,141893029;0
7712;15;9,442048962;8,333333333;11,55006303;7,344124794;1,108062285;0,509239793;0
7713;10;23,7338877;21,33333333;10,15043623;7,345498562;1,258303582;1,184607744;0
7714;10;28,19077628;60;8,907956988;7,345561981;1,38333154;2,769798636;0
7715;10;22,13311728;69,66666667;11,83318005;7,346274853;2,06052863;4,464956522;0
7716;10;31,7465675;32,33333333;9,667601772;7,34689188;1,425813323;1,810317993;0
7717;10;7,37559092;8,5;9,905118436;7,348293781;1,010046479;0,069572449;0
7718;15;14,22997733;14,5;9,128551662;7,348361492;1,190977415;0,664090276;0
7719;10;12,26142234;15,66666667;9,373446902;7,348701;1,108872225;0,551462173;0
7720;15;25,89875779;32,66666667;9,643710118;7,348728657;1,643493613;2,269535184;0
7721;15;4,19460583;6,833333333;7,786364188;7,349223614;1,006236523;0,053149223;0
7722;15;14,41953369;25,33333333;10,37166583;7,34933424;1,228397459;1,119699597;0
7723;15;27,23799434;37,33333333;10,04646758;7,349470139;1,810766324;2,823032022;0
7724;15;33,96685582;45,5;13,7309907;7,349583626;2,40711504;5,515057087;0
7725;15;31,9783783;37,66666667;10,87172419;7,350788593;1,839740352;3,466060877;0
7726;15;35,02122837;48,33333333;8,737086099;7,35127449;1,928768016;2,796776891;0
7727;15;5,520474521;10,33333333;11,46670655;7,352463245;1,02090343;0,373915076;0
7728;10;9,630866839;8,166666667;9,948974293;7,352471828;1,165966671;0,264005423;0
7729;15;26,75412883;50,83333333;8,678335983;7,352597237;1,822923477;3,282162905;0
7730;10;10,20603006;14,33333333;8,842224221;7,352939129;1,02611002;0,117672682;0
7731;15;40,1106052;56;9,919737287;7,353167534;2,532512232;5,71969223;0
7732;15;25,7501582;49;10,5038959;7,353536129;2,418221269;5,004024506;0
7733;15;34,55749319;84,33333333;10,6393262;7,354070663;3,30576535;9,338580489;0
7734;15;21,4047907;46;9,937569984;7,354152203;1,362856011;2,235676408;0
7735;10;15,81800568;18,83333333;10,35813495;7,354588509;1,049842069;0,574065208;0
7736;10;42,34320394;51;10,27931517;7,355927467;1,405455234;2,661180377;0
7737;10;32,95691383;43,66666667;9,696722882;7,355941296;1,341911648;2,078298688;0
7738;15;22,61215856;17,16666667;11,0786692;7,356477261;1,36706963;1,249056458;0
7739;15;16,90248718;34,16666667;9,426884313;7,356784344;1,54361227;1,974264145;0
7740;15;5,935437767;9;11,60520195;7,356879234;0,999145477;0,176375151;0
7741;15;28,66674269;69,33333333;10,46137421;7,357453823;1,743847946;4,088648915;0
7742;10;13,4474292;16,5;10,02430116;7,357583523;1,095790614;0,669792414;0
7743;10;24,28815089;26,33333333;8,812432221;7,358334064;1,155244016;1,156605363;0
7744;15;17,53493272;25,16666667;8,632346892;7,358394146;1,287979213;1,22440052;0
7745;15;6,257586743;10;10,40838455;7,358653069;1,025872886;0,232379913;0
7746;15;40,0809113;67,5;9,369719833;7,358705997;2,983985924;7,292846441;0
7747;15;28,80636089;38,16666667;8,469579468;7,359366417;1,763643567;2,671375751;0
7748;10;18,08879978;30,16666667;10,35703327;7,359736443;1,054696858;1,02354598;0
7749;10;36,83107874;81,16666667;7,210776791;7,360966206;1,094273996;2,919396996;0
7750;10;24,51650046;22,33333333;9,597477074;7,361027718;1,311699;1,205535412;0
7751;15;19,73287602;25,66666667;9,217286175;7,361793518;1,378951485;1,445061445;0
7752;15;37,12198798;61,33333333;10,79548158;7,362278938;2,642835463;6,220681906;0
7753;10;9,779789205;11,33333333;9,89876803;7,362414837;1,02490909;0,318115234;0
7754;15;31,34008265;59,16666667;10,03961787;7,36311388;2,284332067;4,950350404;0
7755;15;8,620347574;12,5;10,94980665;7,363626957;1,062265873;0,458763361;0
7756;10;10,50227477;15,66666667;11,24822087;7,364267826;1,035848546;0,164731503;0
7757;10;15,37983507;19,16666667;10,22902916;7,364509583;1,166982314;0,476584792;0
7758;10;14,79365714;19,16666667;8,868648178;7,364723682;1,185995723;0,68893981;0
7759;15;31,98294991;50,16666667;9,481851419;7,36499691;1,906691403;3,843005538;0
7760;15;8,971406892;13,5;10,21846253;7,365051746;1,123070499;0,665938377;0
7761;15;6,789625896;12,5;12,27946777;7,367631435;0,94456855;0,271100044;0
7762;15;16,10064113;19,16666667;9,64127555;7,367733479;1,277001022;1,070364118;0
7763;15;31,8757705;47,16666667;9,881025792;7,368059158;1,925305488;3,522199512;0
7764;10;10,4182069;27,16666667;9,472878485;7,368077755;1,350435634;1,298504949;0
7765;10;28,18240671;40,83333333;8,946622766;7,368162155;1,543992302;2,232308745;0
7766;15;27,81134431;38,33333333;9,322153105;7,368788242;1,53311171;2,303860188;0
7767;15;3,408649106;6,166666667;9,176152625;7,370173931;1,015838608;0,097993016;0
7768;15;24,1214944;67,66666667;9,909586604;7,371603966;2,703282361;6,750818133;0
7769;15;23,79946329;40;8,85323579;7,372744083;1,519764022;2,249648929;0
7770;10;20,32592107;25,66666667;10,66191739;7,373035431;1,300218844;1,266338706;0
7771;10;22,3357451;31,16666667;9,327465862;7,373488426;1,176659003;1,250597358;0
7772;15;14,11599037;15,5;8,585507299;7,375323296;1,210129322;0,798365712;0
7773;10;25,78819956;22,83333333;11,44378479;7,375823498;1,358094127;1,506178498;0
7774;10;10,18311955;13,33333333;10,06424906;7,377376556;1,035592138;0,136873484;0
7775;10;15,83397223;19,33333333;8,998587041;7,377655983;1,104447855;0,76587677;0
7776;15;42,61761655;43,83333333;11,21090717;7,377761364;2,345420129;5,328840613;0
7777;15;32,33213572;50,33333333;9,822906698;7,377787113;2,394841253;4,955088973;0
7778;10;20,74362273;41,16666667;9,090686633;7,37837553;1,385868537;2,216086864;0
7779;15;38,4856721;48,83333333;9,157177433;7,380401134;2,059857228;4,062698126;0
7780;10;20,22029846;16,16666667;8,934904857;7,382175922;1,153661586;0,795905113;0
7781;10;10,89600599;14,33333333;10,79590554;7,382214069;1,08552574;0,327304602;0
7782;10;13,75994787;31,5;8,366265921;7,383826256;1,429985143;1,635067105;0
7783;15;16,48579417;19,83333333;9,458410484;7,384161949;1,31944274;1,069288731;0
7784;10;30,58085202;36,33333333;11,59731371;7,38547039;1,7384564;2,630519509;0
7785;10;22,78064056;19,83333333;9,936565367;7,385718346;1,175365886;0,900892854;0
7786;15;23,24705126;31,5;8,533950736;7,385764599;1,4431112;1,744847536;0
7787;10;22,50581688;23,16666667;9,604551733;7,385790825;1,231890831;1,076828003;0
7788;15;36,1562943;67,66666667;10,45544484;7,386071205;2,542266667;6,121336818;0
7789;10;14,91847206;13,33333333;8,440170701;7,386078358;1,004996838;0,379149199;0
7790;15;38,23221259;59,16666667;9,991423383;7,386105061;2,750276667;6,363260984;0
7791;15;27,57305573;47,5;9,722729302;7,386863708;1,748787332;2,627079606;0
7792;15;25,98138523;45,66666667;10,20997814;7,387133598;1,94034987;3,344148517;0
7793;10;8,562928387;10,83333333;9,131311388;7,387233257;1,053552169;0,26839745;0
7794;15;29,85304126;46,5;10,06574511;7,387471676;1,951228294;3,564881086;0
7795;10;34,24323696;40,16666667;10,26532102;7,387831211;1,71485513;2,902010322;0
7796;15;37,23317638;58,33333333;9,756050712;7,388607979;2,517778469;5,894766808;0
7797;10;31,10302856;53,16666667;9,034244424;7,390058994;2,014194839;3,694036722;0
7798;10;16,26591864;44,33333333;10,55693609;7,39012146;1,048615562;0,345915079;0
7799;15;31,95283688;61,16666667;10,09203622;7,390613556;2,20856215;4,769216776;0
7800;15;28,84387272;40,16666667;9,924860024;7,391823769;1,812284415;2,975945115;0
7801;15;29,981561;35,5;9,393094576;7,393156052;1,55506903;2,185351253;0
7802;10;8,911176921;11,5;9,387141129;7,393529415;1,243978587;0,368041158;0
7803;15;22,04100317;25,5;10,14985336;7,394465446;1,573568725;1,786968589;0
7804;10;27,57206064;40,16666667;8,723223185;7,394969463;1,41886694;1,629487038;0
7805;15;33,89905459;80,83333333;7,802012227;7,39667654;1,528743445;4,148882866;0
7806;15;21,84074701;47,5;9,779558572;7,397258282;1,344008265;2,170449376;0
7807;15;35,54849938;56,5;10,40559853;7,397485733;2,32694839;5,364323735;0
7808;15;15,67373942;25,5;10,57202922;7,397873402;1,214279078;1,267934322;0
7809;10;13,09981777;16,16666667;9,116142172;7,397879601;1,157954751;0,473757148;0
7810;15;20,96372782;90,16666667;10,70669748;7,398169041;4,125564102;12,5089879;0
7811;15;41,82337941;77,83333333;11,16588225;7,39894104;3,432882666;9,694359779;0
7812;15;34,8849077;56;10,03564059;7,400494099;2,331630154;5,040263891;0
7813;15;29,84520337;43;9,758016894;7,402144909;1,9477118;3,345292211;0
7814;10;8,532509778;9,666666667;11,79800634;7,403536797;1,030209475;0,180826306;0
7815;10;8,58485499;10;11,00416136;7,403880119;1,055221827;0,349928021;0
7816;15;41,80426477;59,16666667;11,02326158;7,404180527;2,434892195;4,555408359;0
7817;10;7,787453818;6,666666667;9,409434282;7,404685497;0,896319667;0,133909345;0
7818;15;23,6535533;29,66666667;13,55371718;7,405661583;1,990086481;3,327877998;0
7819;15;20,46354667;59,16666667;9,893000275;7,408320427;1,196884253;2,323658705;0
7820;15;21,51123219;46,5;9,551705035;7,409042835;1,682409566;2,731950045;0
7821;10;21,2356;24;10,07971503;7,409252644;1,528847282;1,441325188;0
7822;15;17,59458611;30,16666667;8,218945273;7,40929842;1,22010735;1,259875417;0
7823;15;32,12966676;32,5;10,87517662;7,409722805;1,71791976;3,212688565;0
7824;10;22,41540297;56,16666667;11,60062567;7,410006523;2,723541273;5,1831218;0
7825;15;31,33757963;44,33333333;10,17675418;7,410013199;1,949952499;3,676920772;0
7826;10;17,18536224;30,83333333;9,106987875;7,410189629;1,16104439;1,143752456;0
7827;15;25,87448405;16,33333333;9,636637433;7,410265923;1,221648298;1,073462844;0
7828;10;24,79010839;25,83333333;10,285687;7,411487103;1,347221339;1,422530413;0
7829;15;20,22491289;47;10,0994854;7,411691666;2,163508765;2,976879001;0
7830;10;8,911384501;6,333333333;10,93975481;7,411902905;1,062435682;0,22713697;0
7831;15;34,73105254;54,33333333;10,37240339;7,412590027;2,223609741;4,735815763;0
7832;15;15,89074722;19,66666667;12,11885079;7,415843964;1,42282043;1,83463943;0
7833;15;6,168408866;28;9,199034092;7,416275978;1,400491338;1,469647646;0
7834;15;11,09275831;20;11,49394873;7,417219639;1,082407872;0,764151692;0
7835;10;37,78290178;41,16666667;9,249917456;7,417221546;1,543254223;2,279250979;0
7836;10;19,31055566;34,33333333;9,02754417;7,417490959;1,493776462;1,75135684;0
7837;15;26,30271784;57,83333333;10,05467745;7,419484138;1,585603252;3,223880649;0
7838;10;18,24858028;26,33333333;8,601257118;7,422025204;1,256357267;1,180132389;0
7839;10;24,64480781;29;8,884496916;7,422302246;1,254449445;1,315200686;0
7840;15;31,14163114;48,16666667;9,582342662;7,422785759;2,003385838;3,807930827;0
7841;10;11,78996757;16,16666667;10,94458059;7,423657894;1,109538958;0,60187006;0
7842;10;13,88408271;17;7,038947988;7,424888611;1,175466137;0,632942677;0
7843;15;14,39841078;27,83333333;11,09626879;7,425343037;1,087925854;1,067804337;0
7844;10;14,1518842;14,55555556;10,44153119;7,425794125;1,206255397;0,636536121;0
7845;15;34,86287518;69,16666667;8,095896881;7,427296638;1,564262267;3,672410727;0
7846;15;45,1504687;51,66666667;10,74120525;7,427956104;2,820911107;6,942094088;0
7847;15;24,32623795;52,33333333;8,458750161;7,428691864;1,687470982;2,941841841;0
7848;15;36,59150129;58,33333333;10,46555929;7,428792477;2,506563698;5,763065815;0
7849;10;10,74198711;20,16666667;9,115170461;7,429706097;1,24575808;0,944710612;0
7850;15;5,376562273;5,166666667;12,12977836;7,430073261;0,971033522;0,03209722;0
7851;10;9,41081227;8,833333333;10,55526415;7,43037796;1,028317235;0,239517808;0
7852;15;9,874797875;7,5;8,83691273;7,431194305;1,089407591;0,338372111;0
7853;10;16,97371806;21,33333333;8,774985722;7,432053566;1,162747304;0,888306141;0
7854;15;12,92337438;25,5;5,308464847;7,432457447;1,086521882;0,868716717;0
7855;15;26,20707481;34;8,713148674;7,432492733;1,684603662;2,351524115;0
7856;15;34,46065177;34,16666667;9,79719601;7,43536377;1,794008977;3,017363548;0
7857;10;9,238445752;9,833333333;12,87890768;7,435462475;1,159580856;0,376560092;0
7858;15;14,6896823;28,5;9,710576168;7,436900616;1,41048613;1,721935272;0
7859;10;13,88214487;21,66666667;8,516443512;7,437200546;1,286418375;0,796964884;0
7860;15;6,341198926;19,83333333;11,47466949;7,438332558;1,086471058;0,736502051;0
7861;15;30,83975575;43;10,37689751;7,438554764;2,039646058;3,776499033;0
7862;15;13,8446389;12,33333333;9,757279198;7,438664436;1,176751235;0,65068078;0
7863;10;21,40215494;29,66666667;9,84969978;7,439621449;1,360549428;1,387886405;0
7864;10;6,238197043;6,166666667;7,734447052;7,439703941;1,155928432;0,066351175;0
7865;10;17,21895933;21,5;10,05822984;7,440131664;1,222042299;0,921684623;0
7866;10;21,59002207;23,5;8,522944319;7,440219402;1,28165671;1,223163962;0
7867;15;8,989927589;9;11,07305969;7,440807819;1,093424599;0,563515186;0
7868;10;21,33734019;33,33333333;10,44068744;7,441963673;1,273529385;1,463225484;0
7869;15;32,89921197;47,83333333;10,12053882;7,443362236;2,024676237;3,955956936;0
7870;15;27,95634789;39;9,962787794;7,443507671;1,825106794;2,808479071;0
7871;15;8,436212731;7,833333333;9,291636713;7,443680763;1,172183893;0,273332238;0
7872;10;14,48911893;19;10,79893987;7,444792271;1,155567599;0,624484777;0
7873;10;19,99551509;20,5;8,53199855;7,444849014;1,224102267;0,898621678;0
7874;15;30,82305606;72,83333333;8,940102528;7,445141315;1,768574731;4,426936746;0
7875;15;34,95004107;67,66666667;9,739084718;7,445147514;2,79837181;6,679419637;0
7876;10;19,92287018;28,16666667;8,307316448;7,445416451;1,276765145;1,187460542;0
7877;10;21,79316427;37,5;9,181157784;7,44782114;1,421576693;1,672184587;0
7878;10;24,66662278;31,5;8,802223929;7,44809866;1,309668935;1,498739481;0
7879;15;27,99174834;39,16666667;9,729321568;7,44879055;1,707210303;2,759299874;0
7880;10;33,25514967;56,66666667;9,212447373;7,44901371;1,351459175;2,521108627;0
7881;10;10,26973185;11;11,39159609;7,449760437;1,040991576;0,362269402;0
7882;15;8,94525601;13,66666667;9,401666945;7,451435089;1,138697;0,600477457;0
7883;15;29,65799775;42,16666667;10,18039091;7,451993942;1,858019423;3,761677504;0
7884;15;24,53661017;35,33333333;9,238580469;7,453051567;1,649659162;2,250948071;0
7885;15;20,855463;30,83333333;9,715134906;7,454677105;1,281555647;1,568110228;0
7886;10;5,437101118;6,333333333;9,139857351;7,455546856;0,985734029;0,057051063;0
7887;15;38,34335847;53,33333333;10,00869566;7,456739902;2,328682197;5,215706468;0
7888;15;8,76491611;43,66666667;10,22813365;7,456809521;1,36808299;1,513903499;0
7889;15;40,11128317;55,5;10,57277087;7,457015991;2,43994277;5,762191296;0
7890;10;19,03429898;19,33333333;10,58068913;7,457532406;1,303271979;0,918579102;0
7891;15;25,33166602;35,5;7,780083944;7,45801878;1,673991418;2,34808588;0
7892;15;40,6036557;55;10,75174034;7,458397865;2,568627406;5,91990006;0
7893;15;6,226530388;8,666666667;11,26777214;7,459187508;1,005379871;0,183953285;0
7894;10;28,90387572;50,16666667;8,478224274;7,459341526;1,392507894;2,351781726;0
7895;15;11,8687166;12;9,413614714;7,459362984;1,122284312;0,574877977;0
7896;15;28,24131695;34,66666667;9,347497429;7,459479332;1,540560355;2,29278326;0
7897;10;6,93288443;7,166666667;9,96589753;7,459556103;1,0167667;0,162694216;0
7898;10;5,680169654;5,5;11,26064309;7,460293293;1,008529367;0,052578449;0
7899;10;29,42473873;45,16666667;8,708569379;7,460515022;1,132680684;1,709169269;0
7900;10;16,84783031;22,33333333;8,944325532;7,461846828;1,147284063;0,940558672;0
7901;15;26,58908742;27;10,15212619;7,462331295;1,501604782;1,91864717;0
7902;10;29,04547101;47,16666667;10,9897911;7,462659836;1,763172056;3,1363132;0
7903;#N/A;30,60732067;38,16666667;10,82203336;7,4635396;1,640857384;2,727803349;0
7904;10;7,737940602;8,5;10,13768262;7,465515614;1,081148207;0,225082159;0
7905;15;10,33959985;19,83333333;9,917853468;7,46586895;1,136726036;0,79675734;0
7906;10;9,5647912;14;9,604707682;7,466752529;1,055278594;0,294493437;0
7907;15;23,47658112;70,83333333;10,2790649;7,466850758;2,904752003;7,385743141;0
7908;10;7,570495503;21;9,304345564;7,466893196;1,003381218;0,655608535;0
7909;15;35,6711615;53,66666667;10,52533678;7,466925621;2,262949027;4,642287731;0
7910;10;32,41747039;45,5;10,51521701;7,468338966;1,993731637;3,742653131;0
7911;15;31,45654919;46;9,847628684;7,468770027;1,968883092;3,715105534;0
7912;15;23,06060972;37,16666667;11,04094191;7,469283581;1,607938053;2,297519684;0
7913;10;9,253284687;8,666666667;12,45099658;7,469438076;1,061534631;0,250533938;0
7914;10;20,03356242;19,5;9,629072721;7,469907284;1,189166697;0,925065994;0
7915;10;7,375454943;8,5;8,616445067;7,470437527;1,115398496;0,209183812;0
7916;15;19,70856916;39,33333333;8,306381169;7,470527172;1,401209293;1,916630149;0
7917;15;23,89994416;32,16666667;8,916033566;7,472077847;1,471864151;1,967913389;0
7918;15;38,24997194;71,16666667;10,21569083;7,473426819;2,394447845;6,318713665;0
7919;15;16,02181527;17,33333333;10,49252001;7,473441124;1,163503886;1,061003804;0
7920;15;20,67753593;41,16666667;8,85707389;7,473628044;1,497222128;2,12725389;0
7921;15;42,44683898;44;10,06529191;7,473673344;2,019198772;4,316111326;0
7922;10;7,420397479;7;10,94358348;7,475437641;1,203321031;0,203679323;0
7923;10;28,37598684;33,16666667;10,69178932;7,476047993;1,666808931;2,231045604;0
7924;10;20,27821684;25,33333333;9,847544371;7,476337433;1,17420434;1,167434454;0
7925;10;6,625583333;5,833333333;10,92084105;7,476903439;0,942722102;0,052445054;0
7926;15;31,48358366;49;9,215990845;7,477204323;2,100920296;3,928473473;0
7927;15;34,75348468;55,66666667;10,29886184;7,477897167;2,479248944;5,652107477;0
7928;15;34,58124079;54;9,371208925;7,478154182;2,029500252;4,27925086;0
7929;15;24,18003429;49,33333333;9,246127801;7,478334904;1,902892519;3,749130726;0
7930;10;18,93130166;31;9,878763623;7,478427887;1,3425123;1,239141345;0
7931;10;9,809226965;7,666666667;10,56347909;7,47845602;1,011197779;0,20456481;0
7932;15;8,69618863;41;10,10510602;7,478876114;1,746807647;2,731192231;0
7933;15;21,05825405;56,16666667;9,48461995;7,47996664;2,099867882;4,305535793;0
7934;15;31,6942788;71,66666667;10,64340738;7,480386257;2,766748241;6,905856013;0
7935;10;9,057484588;9;8,706240873;7,482677937;1,062201258;0,240843058;0
7936;15;17,30854163;42,5;9,458485811;7,482990742;1,170679567;1,634533167;0
7937;10;5,967566415;6,666666667;10,5725487;7,483308792;1,011611508;0,104299307;0
7938;10;14,79896645;23,83333333;9,833198536;7,484249115;1,095114251;0,570662975;0
7939;10;23,47836022;44;11,39364176;7,484735012;1,263025622;1,044797897;0
7940;15;6,328645478;7,333333333;14,42482362;7,485130787;1,08668555;0,332897067;0
7941;10;5,697143297;6,5;11,34911411;7,485610485;0,998307108;0,07314539;0
7942;15;23,55454958;35,33333333;10,7864185;7,485622883;1,703953867;2,481467366;0
7943;10;11,08406919;51,66666667;8,544181734;7,486133575;1,881656924;3,339910388;0
7944;15;12,77693889;10,33333333;11,29486911;7,488302231;1,168394175;0,581851244;0
7945;15;6,013051111;6;9,560628083;7,488772392;1,0368632;0,070207953;0
7946;10;20,71354539;25,9375;8,951075551;7,489197731;1,455156379;1,391317606;0
7947;15;13,93542081;26,5;11,46849165;7,48980999;1,111776154;1,134887338;0
7948;10;14,741574;19,5;11,16811473;7,4905653;1,195167016;0,786118388;0
7949;15;33,3250272;52,5;10,10943985;7,490994453;2,322524512;4,793694377;0
7950;15;20,98342852;31;8,755630217;7,49203825;1,295806138;1,525967956;0
7951;15;30,16181747;45,5;8,948370555;7,492156982;1,922042714;3,153351426;0
7952;15;40,55540007;73,16666667;10,2935458;7,492993832;3,158563224;8,600900888;0
7953;15;20,17649578;52,83333333;9,476616195;7,493377686;2,351703181;4,715531707;0
7954;15;32,80228411;57;8,674203834;7,493719101;1,954740703;3,734734416;0
7955;15;6,345206692;8,333333333;12,15844414;7,493831158;1,043155935;0,262339234;0
7956;15;12,90546843;30,33333333;9,579192434;7,493854046;1,470934564;1,788406253;0
7957;10;29,1073826;41,83333333;10,27817467;7,494188786;1,689768075;2,534927487;0
7958;10;11,49124607;14,66666667;10,90344517;7,495112419;1,85025119;0,655832887;0
7959;10;4,738764479;5;12,2686113;7,495412827;0,915966387;9,74E-05;0
7960;10;12,07353241;12,83333333;9,233329396;7,495651245;1,047686565;0,375689149;0
7961;10;12,19784308;12;9,234594027;7,495898724;1,208606385;0,469521284;0
7962;15;23,8698633;46,33333333;9,070800458;7,495993137;1,689171962;2,800285101;0
7963;10;23,25736687;37,33333333;10,08216642;7,496442318;1,508974453;1,975449085;0
7964;10;17,47374368;16,83333333;10,23092436;7,497098923;1,172697585;0,802672148;0
7965;15;23,17536635;31;10,06013748;7,497131824;1,775268742;2,42839241;0
7966;10;16,82425946;23;9,908003302;7,498207569;1,317728109;1,021551371;0
7967;15;44,44923618;40,66666667;9,416466875;7,499764442;1,737046632;3,361742973;0
7968;15;26,37368501;57,5;10,62359508;7,499916553;2,379089517;5,647095919;0
7969;15;30,65562231;42,16666667;9,887957258;7,500663757;1,685250816;2,891215801;0
7970;10;26,63441052;33,16666667;9,152849784;7,500845909;1,209086876;1,326185226;0
7971;10;6,915219526;6,333333333;10,26001594;7,501309395;0,967687113;0,116090178;0
7972;10;20,00968288;30,83333333;8,370766542;7,503069401;1,454459009;1,556885004;0
7973;15;21,0366064;39,16666667;9,929155588;7,503581047;1,501699653;2,075767875;0
7974;15;24,85643265;46,5;9,191861518;7,504630089;1,471187391;2,526187778;0
7975;15;12,73977787;22,16666667;10,18603169;7,505203247;1,116905159;0,894358039;0
7976;15;24,5183124;50,66666667;10,63099961;7,505646229;1,882963458;3,525924325;0
7977;10;7,657882646;7,166666667;11,37686753;7,505868435;1,058476184;0,210113287;0
7978;10;24,78186564;26,33333333;8,853626584;7,506007671;1,296789133;1,174598813;0
7979;10;4,951014162;23,5;9,792261711;7,507077217;1,241250175;1,032821298;0
7980;10;18,59938917;29,5;10,15828792;7,50744009;1,286078762;1,25376761;0
7981;15;25,47803775;47,16666667;9,52829664;7,507730484;1,854937546;3,270798206;0
7982;15;23,89228815;47,83333333;9,575082222;7,50842905;2,179902861;4,387254953;0
7983;15;34,35161589;56,16666667;9,50492571;7,508559227;2,196201834;4,673095703;0
7984;15;26,95158802;44;9,917776107;7,510006428;2,277792602;3,867079377;0
7985;10;5,517084311;5,666666667;13,02482959;7,511347771;0,964983915;0,006983399;0
7986;15;13,20560443;16,33333333;9,949547679;7,511545181;1,140193457;0,726511121;0
7987;10;8,374978824;5;12,4694642;7,511864185;0,978441128;0,000528336;0
7988;15;39,25825653;93,5;10,71247061;7,512547016;2,662817829;8,380871773;0
7989;15;16,32216621;31,16666667;9,499311402;7,512648582;1,179663324;1,373804212;0
7990;15;33,04938822;56,66666667;9,71286296;7,514132977;2,000103823;4,227809668;0
7991;10;17,83625233;14,66666667;9,644749383;7,514405727;1,204802161;0,539380193;0
7992;15;51,92657699;76,66666667;9,983118087;7,515695572;2,552894936;7,142674446;0
7993;15;17,30270442;37,66666667;10,99708431;7,515876293;1,486284955;2,104814291;0
7994;10;9,864124456;10,33333333;10,35580135;7,517107487;1,108599963;0,372617364;0
7995;10;11,78307513;15,16666667;9,874528427;7,518036366;1,11215489;0,372104168;0
7996;10;8,488540266;11;8,462613393;7,519714355;1,131766198;0,326367617;0
7997;15;11,00359066;14,5;10,22625047;7,521280766;1,156676547;0,614751101;0
7998;#N/A;7,332765579;7,833333333;11,36301951;7,52396965;0,948294779;0,117641449;0
7999;10;16,73785652;26;8,519660798;7,524154663;1,171348529;1,004330993;0
8000;10;14,79499083;16,16666667;9,994623645;7,525231838;1,161922978;0,547679305;0
8001;15;27,5086502;40,66666667;8,955895903;7,52570343;1,281441064;2,099162936;0
8002;10;29,79419618;45,66666667;10,0380317;7,525814533;1,673262901;2,699842811;0
8003;15;35,18499883;53,66666667;9,417155624;7,525881767;2,024040602;4,184346199;0
8004;10;11,29536436;12,16666667;10,31487143;7,525943756;1,124760885;0,467377663;0
8005;15;27,43226797;36,66666667;8,996623338;7,526715755;1,66657147;2,675584078;0
8006;15;18,76397818;26,66666667;10,21543191;7,526752949;1,559303295;1,656495094;0
8007;15;19,71348055;40;8,580667128;7,527095318;1,502611768;2,111928463;0
8008;10;17,55618418;19,33333333;10,28528764;7,527293205;1,119370516;0,804783225;0
8009;10;30,50887846;56;9,381742138;7,527467728;2,079150547;4,024892449;0
8010;15;20,39118548;34,5;7,725305624;7,527772903;1,257780436;1,534296274;0
8011;15;4,524917337;5,666666667;10,69334137;7,528561592;1,003977014;0,055507898;0
8012;15;33,17715258;59,33333333;9,611205105;7,528894901;2,29397326;5,047003269;0
8013;10;21,9419588;34,83333333;9,596704608;7,530635834;1,274897305;1,535730839;0
8014;10;5,514078435;6,833333333;13,75125412;7,5312047;0,574188001;0,042566895;0
8015;15;31,48945921;66,66666667;9,444983906;7,531222343;1,991322852;4,685433745;0
8016;15;37,589397;58,66666667;11,27020504;7,531282425;2,949287825;7,35141933;0
8017;10;19,04213475;19,16666667;10,40672429;7,531676292;1,170015606;0,963257432;0
8018;15;28,40177806;21,66666667;10,25600209;7,532888412;1,461156225;1,452807546;0
8019;15;35,16304407;79,33333333;10,01280867;7,532944202;2,944137424;8,096948385;0
8020;15;17,83463014;15,83333333;8,73216356;7,533877373;1,196013763;0,978372097;0
8021;15;26,93598053;64;9,07819971;7,535168648;1,877813329;4,214854956;0
8022;15;30,52644368;62;8,798175308;7,535258293;1,959615271;4,298816442;0
8023;10;29,79345786;62;7,766243535;7,535290718;1,883203257;4,021560431;0
8024;15;27,51175594;55,16666667;9,825390886;7,535612106;1,872151447;3,570140004;0
8025;15;32,73831019;48,33333333;9,664410666;7,537978649;1,909336198;3,939925075;0
8026;10;28,73251553;52,33333333;12,08343701;7,539395332;2,071966849;4,230077147;0
8027;15;23,3936798;42,16666667;9,875181905;7,543396473;1,664376905;2,624145627;0
8028;10;8,130030396;8,5;11,08154609;7,543489933;1,023968528;0,181867838;0
8029;10;36,59477045;35,33333333;10,60808988;7,54410553;1,827415616;2,90278089;0
8030;15;9,65778656;51,33333333;10,53400376;7,544718742;2,709597147;5,819209814;0
8031;10;14,33020941;20,66666667;10,30799328;7,544848442;1,151946918;0,813838363;0
8032;15;31,96428016;63,66666667;8,977706806;7,545114994;2,178572437;4,998887897;0
8033;10;18,38133353;20;8,926153358;7,545155525;1,16742921;0,872269034;0
8034;10;16,8328372;22,83333333;8,032033099;7,545223713;1,247953789;0,886897087;0
8035;15;13,43515134;18;9,785269367;7,547262669;1,183139245;0,60923624;0
8036;10;19,36639675;19,16666667;11,57793779;7,547635078;1,348732206;1,129627585;0
8037;15;18,34280308;37,83333333;8,921630181;7,547637939;1,330888669;1,766156912;0
8038;10;28,82560828;29,83333333;8,762824066;7,549174309;1,54000517;1,731821418;0
8039;10;8,023066901;11;8,72530168;7,549821377;1,011369275;0,247630239;0
8040;10;26,86370435;46,83333333;8,940934754;7,549960136;1,601679841;2,674333572;0
8041;15;19,38838214;18,33333333;9,791403452;7,550317287;1,347860072;1,254052997;0
8042;10;12,05372228;19,66666667;7,973763377;7,550997734;1,046537535;0,624078751;0
8043;15;28,81864469;53;8,032890911;7,551089764;1,69402447;3,204186201;0
8044;15;21,14400054;34;9,554098229;7,551280499;1,515258459;1,998574138;0
8045;#N/A;6,910929143;7,666666667;11,06698865;7,553717136;0,959162713;0,105960488;0
8046;10;14,61430121;26,5;9,573487733;7,554079056;1,098505209;0,378736496;0
8047;10;18,25979568;32,83333333;7,796525373;7,555475235;1,007631651;1,044237256;0
8048;10;37,63463869;50,33333333;10,94023284;7,556751728;1,498540505;2,883021474;0
8049;10;5,085293996;29,33333333;9,081050076;7,556786537;1,121419468;1,04233849;0
8050;15;7,156733152;7,833333333;10,94479212;7,55703783;1,181525834;0,268431067;0
8051;15;39,4334925;74,16666667;10,11035389;7,559296131;1,833635605;5,109336257;0
8052;15;7,900716251;12;10,61724503;7,560883045;1,038096723;0,431965709;0
8053;10;10,8286448;11,83333333;9,015021244;7,561048508;1,090341255;0,384695888;0
8054;15;23,74417406;31,16666667;9,571001474;7,56188345;1,466352277;1,904342294;0
8055;10;15,78315531;18,83333333;9,511874593;7,561907768;1,270197619;0,875773668;0
8056;15;36,91883664;57,66666667;11,05752606;7,561979771;2,961834658;7,244988084;0
8057;15;10,07239603;19,16666667;8,652357281;7,562093258;1,085153899;0,622446418;0
8058;10;27,58645463;50,16666667;9,937200413;7,562107563;1,507831692;1,943787694;0
8059;15;8,528475831;7,833333333;11,19372216;7,562140942;1,083628919;0,437066913;0
8060;15;28,73794133;49;8,522925757;7,562174797;1,676678441;3,050584435;0
8061;15;31,05324918;42,66666667;9,63879778;7,562212944;1,742666871;3,035344005;0
8062;15;16,90386295;23,16666667;10,94205956;7,562421799;1,409985919;1,400990367;0
8063;10;5,675908528;5,166666667;14,24591643;7,563318729;1;0,00020647;0
8064;10;27,84924181;31,5;10,18747092;7,564350128;1,496357897;1,992812872;0
8065;15;11,36652449;10,66666667;11,11326477;7,564631462;1,058721307;0,659823775;0
8066;10;7,537859217;9,666666667;10,81101796;7,565341949;1,000910141;0,150753856;0
8067;15;47,16509381;47,66666667;10,20117023;7,566529274;2,33636598;5,697995305;0
8068;10;9,145401367;9,833333333;8,278015955;7,566541672;1,076814757;0,271074176;0
8069;15;16,90395043;18,5;10,71247714;7,566672325;1,274090334;1,212589502;0
8070;15;30,72072129;46,5;10,90575897;7,567331314;1,877499656;3,713238955;0
8071;10;16,7883963;12,33333333;10,41407593;7,567629337;1,103809852;0,704549551;0
8072;15;33,20949627;48,83333333;9,871549079;7,569828033;1,947097883;3,855422616;0
8073;10;11,55429227;9,5;11,05480541;7,569911957;1,062075307;0,334561706;0
8074;10;7,231499589;18;9,869205081;7,570210457;1,285930337;0,930001736;0
8075;#N/A;4,018386993;5;9,968530874;7,571221352;1,001512493;0,014940977;0
8076;15;4,003727192;9,833333333;9,010775659;7,57169199;1,040284765;0,12635541;0
8077;10;18,77761504;20,48387097;9,444164592;7,572697163;1,224306006;0,934552789;0
8078;10;11,52670728;19,33333333;7,789796164;7,572892666;1,099017985;0,633066177;0
8079;15;44,54210357;88,83333333;10,18463037;7,573397636;2,485765758;8,072288632;0
8080;10;12,52329362;15,16666667;10,33012554;7,573929787;1,171698921;0,568519115;0
8081;10;30,78004077;56,5;8,940671606;7,574836254;1,076192559;2,04392159;0
8082;15;18,11336748;26,16666667;8,953163867;7,574856281;1,5711319;1,589033365;0
8083;10;37,45271277;63;8,763057207;7,575750351;1,925519009;4,30446279;0
8084;15;24,05458401;33,83333333;9,110328658;7,577487946;1,596921779;2,227061749;0
8085;10;26,49581989;44,66666667;10,53267951;7,577601433;1,803721018;2,807825446;0
8086;15;23,58140227;25,83333333;11,41593387;7,578347206;1,376669048;2,231545806;0
8087;10;22,29809706;47,66666667;10,33792106;7,578919888;1,064158178;1,666508794;0
8088;10;22,33966163;19,5;10,48661811;7,581026554;1,302174741;1,041075706;0
8089;10;4,858379304;5,166666667;8,404162023;7,581694126;0,98702095;0,008728981;0
8090;10;26,00157934;28,66666667;9,015368339;7,581697941;1,392069457;1,451543331;0
8091;15;24,49075666;32,66666667;9,329293186;7,581879616;1,534091451;2,152673841;0
8092;10;23,77527618;30,33333333;9,741788766;7,581910133;1,502168327;1,645851254;0
8093;10;21,28941283;28,33333333;8,859317306;7,582823753;1,284140052;1,251629353;0
8094;10;6,699358583;6,166666667;13,44069493;7,582999706;1,173137072;0,094595313;0
8095;15;31,63776173;39,83333333;10,37428097;7,584084511;1,803771128;3,055171847;0
8096;15;38,08640123;52;10,73516766;7,584302425;2,590773083;6,003542781;0
8097;10;27,7615012;51,33333333;8,83852987;7,584665298;1,091110473;1,910107613;0
8098;10;12,49410809;14;8,376454545;7,586441517;1,085123762;0,439723969;0
8099;15;29,84359835;56,66666667;10,90265793;7,586502075;2,075833466;4,446404457;0
8100;15;5,353633373;6,333333333;9,403861721;7,586636066;1,003482158;0,093565345;0
8101;15;16,11236123;28,33333333;14,04535663;7,588588238;1,360036768;2,355725765;0
8102;10;10,50542961;9,833333333;8,563666215;7,588685036;1,084299719;0,357710719;0
8103;10;18,31740604;25,66666667;11,08372011;7,588711262;1,278770853;1,253108621;0
8104;15;9,898257292;22,83333333;10,66182611;7,588765621;1,038356273;0,261187315;0
8105;15;41,347026;61;9,417065162;7,588938713;2,106142587;5,209297538;0
8106;15;24,05256143;93,16666667;10,20920579;7,590579987;3,091870556;9,848834038;0
8107;10;18,82960214;24,5;9,545040602;7,591289997;1,268446746;1,12324214;0
8108;15;23,19846014;49,83333333;9,071967742;7,594091892;1,724300181;3,074373007;0
8109;15;53,47265715;71,33333333;9,693431763;7,594526768;2,958926335;8,090293765;0
8110;15;24,58506038;62,33333333;8,146658337;7,595098495;1,50320762;3,180812716;0
8111;15;39,57319106;60,83333333;10,43879614;7,595930099;3,061738791;7,654618621;0
8112;10;8,683226931;10,83333333;7,97259513;7,596086979;1,012845319;0,261181235;0
8113;15;12,79813098;22,66666667;9,321938233;7,597401619;1,262393554;1,142029166;0
8114;10;4,49586989;6,166666667;10,55594937;7,597565174;1,036167754;0,123431563;0
8115;15;15,79947518;17,83333333;10,62433186;7,598799706;1,217051826;1,069139242;0
8116;15;28,37150132;37,33333333;10,51791374;7,599063396;1,701612195;2,755829573;0
8117;10;16,05963669;21,33333333;9,524671162;7,601120472;1,091386363;0,816953421;0
8118;10;10,27207143;16,33333333;10,92095778;7,601565838;1,22602795;0,564199567;0
8119;15;35,37866102;46,83333333;9,96461531;7,601884842;2,184440645;4,614277005;0
8120;15;16,12691159;29,83333333;10,64347669;7,602957726;1,187013216;0,780579925;0
8121;10;12,22441266;13,66666667;9,919669527;7,603368282;1,053445724;0,434864283;0
8122;15;32,74201727;38,33333333;9,584340704;7,603755474;1,818237941;3,307710171;0
8123;10;20,40838336;23,83333333;8,313770031;7,604080677;1,34793458;1,128182292;0
8124;15;24,528947;32,5;9,538200385;7,604186058;1,618191249;2,2000947;0
8125;10;21,63528691;31,5;10,87296038;7,605213642;1,216338083;1,381524563;0
8126;15;17,65838815;17;9,20111116;7,607003689;1,24466021;0,968565822;0
8127;15;6,981503735;9,5;8,015754407;7,60750103;1,140692763;0,292440414;0
8128;10;29,63120754;56,33333333;7,961214191;7,607939243;1,348035208;2,450869441;0
8129;10;27,49417056;57,33333333;8,863647459;7,607983589;1,022053343;1,870334506;0
8130;10;3,758285569;5,333333333;10,04268065;7,607983589;1,000845658;0,048301935;0
8131;10;13,78109414;17,5;9,893752879;7,608334064;1,141151005;0,590517402;0
8132;15;6,737452713;19,83333333;8,759262525;7,609203339;1,174984557;0,87475729;0
8133;15;22,76159811;51,5;9,115794489;7,610180378;2,24204302;4,086460352;0
8134;10;10,37863215;12,83333333;9,672086952;7,611143589;1,014682709;0,400793672;0
8135;15;34,98820042;44,66666667;10,39076178;7,611957073;2,163528301;4,253147721;0
8136;15;33,5008103;43,33333333;10,20952293;7,612100124;1,781230089;3,045126796;0
8137;10;18,1134856;24;9,373706971;7,612145424;1,20230731;1,037062407;0
8138;10;10,65753968;9,833333333;10,4132153;7,612222195;1,083513467;0,276555538;0
8139;10;11,08390648;17,16666667;7,17137433;7,612262249;1,06129957;0,535871506;0
8140;15;21,4620245;40,83333333;9,659952683;7,612887383;1,992860691;3,60052669;0
8141;10;33,50501734;61,5;10,81568821;7,613332748;1,891840457;4,264808178;0
8142;15;22,90329373;29;9,934948509;7,613734722;1,48334796;2,049563646;0
8143;15;3,182430195;5;10,04698394;7,614692688;0,986686391;0,001816392;0
8144;10;14,48873831;24,5;9,47005098;7,614732742;1,012904702;0,803700924;0
8145;15;19,14574204;26,5;10,37787389;7,615175724;1,361531342;1,487612247;0
8146;15;22,16281897;28,33333333;10,23433104;7,615594864;1,663689697;2,13376534;0
8147;10;19,71012732;48,33333333;9,160984126;7,615969658;1,74674705;2,969865561;0
8148;15;28,69450603;39;8,458737313;7,616127968;1,90423335;3,110989094;0
8149;15;26,80739095;33,83333333;9,065143878;7,616594315;1,594332823;1,748525262;0
8150;10;17,63432869;19,33333333;8,788101602;7,616661072;1,194438851;0,780889988;0
8151;15;32,94991806;47,83333333;10,78717809;7,616696358;1,763457817;3,574103713;0
8152;10;19,37936823;28,83333333;8,753310841;7,616710186;1,347296365;1,031280994;0
8153;10;9,117720591;10,5;11,83853097;7,616968155;1,091321187;0,339270115;0
8154;10;25,50257978;38,16666667;9,950630315;7,617312431;1,414062124;1,628263235;0
8155;15;32,05335788;40,33333333;9,786166451;7,618521214;1,881164831;3,405881524;0
8156;15;31,26892093;45,83333333;9,802354743;7,618971825;1,990395256;3,728023887;0
8157;10;26,14948245;28,33333333;8,538333803;7,619950771;1,364837585;1,39164114;0
8158;10;9,654779299;14,33333333;12,07563263;7,620685577;1,079787142;0,395955324;0
8159;10;6,387147928;14,16666667;9,803829987;7,620737553;1,165482297;0,674951434;0
8160;10;25,77594244;44,5;8,044050584;7,620788097;1,430463367;2,262674928;0
8161;10;5,999756104;7,166666667;9,553325702;7,621299267;1,019850702;0,116551638;0
8162;15;26,9700662;42;10,2546645;7,622636318;1,788873848;3,044138312;0
8163;15;5,061189372;6,333333333;12,46276906;7,622680664;1,034860834;0,396074414;0
8164;15;30,39149116;70;10,50458297;7,623067856;2,766501839;6,874807119;0
8165;15;14,90679314;31,16666667;9,872405905;7,624447823;1,167425057;1,290221572;0
8166;10;25,49775656;32,33333333;8,745283968;7,625010967;1,393318796;1,48622489;0
8167;10;22,44867157;37,16666667;9,352243515;7,625305653;1,375347178;1,79601562;0
8168;10;23,23849192;33;11,02947224;7,625396252;1,249691543;1,65451014;0
8169;15;26,22359758;57,33333333;10,49212729;7,625478745;2,312351788;5,220865488;0
8170;15;33,60582149;51,83333333;10,94853372;7,625972271;2,219572686;4,936779022;0
8171;15;30,65817479;51,83333333;9,573109092;7,626256943;2,174065362;4,474461913;0
8172;15;31,52408573;49,33333333;8,976924357;7,627202511;1,934814027;3,828184485;0
8173;15;7,911038941;7,666666667;11,53976181;7,628497601;1,049139997;0,201479673;0
8174;15;27,75464279;49,5;9,304893227;7,628505707;1,782151507;3,041484356;0
8175;10;23,46448058;22,83333333;11,1825196;7,629598141;1,221211823;1,340732217;0
8176;10;14,85214173;15,33333333;10,29802392;7,629713535;1,22813775;0,694853902;0
8177;10;9,319031838;10,83333333;9,516458526;7,629722118;1,068162875;0,367173314;0
8178;15;25,47513333;36,83333333;11,30352112;7,630232811;1,607987713;2,570218801;0
8179;10;30,35677797;37,83333333;9,999585364;7,630286694;1,513008974;2,278001189;0
8180;10;9,191442431;13,66666667;9,383382217;7,63199091;1,01556828;0,370340347;0
8181;15;11,46739585;16,5;8,319650364;7,632090092;1,445681795;0,613942027;0
8182;15;21,90153937;40,86956522;11,53672105;7,632130146;1,381845018;1,616832256;0
8183;10;16,3776356;24,66666667;9,781022411;7,63287878;1,173985231;0,976013184;0
8184;15;40,87123885;82,5;10,39012565;7,633442879;2,168569427;6,407710552;0
8185;10;10,1500306;33,33333333;8,992310081;7,633721352;1,515714495;1,805149555;0
8186;10;25,27884478;37;9,763503108;7,63382864;1,598805955;2,222067595;0
8187;10;17,02886892;25,16666667;8,431822158;7,634222984;1,216926865;0,931850076;0
8188;10;15,13724359;25,83333333;8,239774974;7,634997368;1,109180961;0,987140536;0
8189;15;31,03735625;51,5;9,587699082;7,635522842;2,380339615;4,781976819;0
8190;10;4,363487069;5,588235294;12,18467513;7,63598299;0,987201276;0,027403712;0
8191;15;29,42363999;38,83333333;8,886870053;7,636557579;1,726892147;2,930189967;0
8192;10;19,40658883;21,33333333;9,893104976;7,637308598;1,176564039;1,139513493;0
8193;15;28,63547478;47,66666667;9,711388394;7,637907028;1,992419989;3,741910696;0
8194;10;20,27395051;28;11,39539795;7,638422012;1,446484851;2,134310722;0
8195;15;11,89917824;17,16666667;10,04648607;7,638595104;1,195944528;0,804516673;0
8196;10;29,11071465;51,33333333;10,09019213;7,63860178;2,075785254;3,737401247;0
8197;15;28,33302754;53,66666667;9,365600329;7,639446735;1,806724376;3,524577737;0
8198;10;11,2443436;10,66666667;9,906699277;7,639657021;1,166152505;0,453047633;0
8199;10;20,42772607;29,83333333;9,908210051;7,640026093;1,224099183;1,497140765;0
8200;10;8,873049877;24,66666667;10,92221218;7,640717506;1,48570153;1,266979218;0
8201;10;17,1243036;24,16666667;8,245832768;7,642571926;1,206670885;0,991959095;0
8202;15;39,27209115;58,66666667;10,55226678;7,643230915;2,920475127;7,175422072;0
8203;15;13,89327356;28,5;9,247122031;7,643512726;1,391619006;1,295670152;0
8204;15;39,68821608;78,5;9,655859602;7,64371109;1,731419451;4,962195754;0
8205;15;38,06462769;52,83333333;9,183783783;7,643891811;2,259269817;5,091548324;0
8206;10;6,38717223;10;9,913825218;7,64398241;1,014501515;0,267615676;0
8207;10;13,83809801;12,83333333;10,75056895;7,64427948;1,203812013;0,631145;0
8208;15;21,4967682;33;8,057432417;7,645092964;1,382257677;1,960993767;0
8209;15;6,173778866;20,83333333;9,838276682;7,645584583;1,267796353;1,229901314;0
8210;10;8,786795936;11,66666667;8,179867104;7,646825314;1,02038039;0,285018682;0
8211;10;3,963269675;5,166666667;10,23785449;7,647341251;1,007578438;0,031149626;0
8212;10;8,756233876;12,33333333;8,816767247;7,648898602;1,009641506;0,320922256;0
8213;10;11,23001955;12,16666667;7,451990233;7,649206638;1,071280048;0,425632715;0
8214;10;8,246434913;9,666666667;10,35259744;7,649568081;1,034186225;0,258373976;0
8215;15;25,6495506;36,83333333;10,09033134;7,650090218;1,688585249;2,664364934;0
8216;10;29,7108938;46,16666667;9,74775175;7,650521755;1,515475134;2,642375112;0
8217;15;10,17253834;6,166666667;13,67539277;7,650828838;1,180620722;0,294209957;0
8218;15;26,65728728;44,16666667;9,919470977;7,651134014;1,7124728;2,963005185;0
8219;15;27,72566895;52,66666667;10,43990204;7,652031422;2,266954641;5,046705246;0
8220;10;13,41436644;17,33333333;9,972300227;7,652520657;1,16810435;0,45751965;0
8221;10;10,54139601;13;12,31843608;7,653888702;1,000875886;0,324253917;0
8222;15;26,06609086;36,66666667;10,39262488;7,654533863;1,640866063;2,793651342;0
8223;10;34,31674359;42,33333333;10,43504757;7,655289173;1,30406211;2,186000705;0
8224;10;20,62422967;22,16666667;9,173135715;7,655783176;1,164056782;0,837514639;0
8225;10;5,121666667;5,833333333;9,679503204;7,656182289;0,930329617;0,045707941;0
8226;15;27,52968985;50,33333333;9,130655539;7,656453609;2,006771506;3,781713724;0
8227;15;7,740185826;10,66666667;8,520652479;7,656883717;1,106870498;0,372806072;0
8228;15;17,62787485;23,66666667;10,28815859;7,658067226;1,323432227;1,341904163;0
8229;10;15,45752918;17,83333333;8,60202134;7,658293724;1,160927594;0,67273891;0
8230;15;3,648914272;5,666666667;10,63766297;7,658504486;1,035312571;0,070503712;0
8231;15;17,17446339;22,16666667;9,515779385;7,659059525;1,303563572;1,282485247;0
8232;10;23,76558851;38;10,21115812;7,660820961;1,484712526;1,643402815;0
8233;15;33,27028786;41;11,24158309;7,661542416;1,824824326;3,645700097;0
8234;10;14,91905206;43;9,41790512;7,662750244;1,365638404;2,028643727;0
8235;15;20,92620708;30,66666667;8,792003538;7,663912773;1,469843696;1,931248307;0
8236;15;32,54131718;55,33333333;8,855688239;7,664092064;1,938651596;4,137353182;0
8237;15;25,9132186;37,5;8,268335049;7,664927959;1,370045723;2,100254655;0
8238;15;33,3501245;55,16666667;9,782567374;7,665520191;1,946210084;4,282567739;0
8239;15;25,29097849;40,16666667;10,11922675;7,666074276;1,80176549;3,16763401;0
8240;15;40,57104163;78,33333333;10,46104853;7,666333199;2,044449338;4,488096237;0
8241;10;33,03319322;44,5;11,75870753;7,666717529;2,083926462;3,918069482;0
8242;15;34,78481695;54;10,05939651;7,669970989;2,131009671;4,565490961;0
8243;15;33,22754797;48,16666667;10,48149823;7,67052412;1,826427378;3,750895262;0
8244;10;40,0222141;71,16666667;8,120209461;7,670780182;1,3605387;3,342366099;0
8245;10;18,04564445;17,16666667;11,44898554;7,67136097;1,233972346;0,966798544;0
8246;10;7,051565178;8,833333333;6,99285001;7,672597408;1,001160007;0,221820593;0
8247;10;19,62695037;23;10,93457876;7,673252583;1,383679024;1,345275521;0
8248;15;35,88035215;43,33333333;9,26525695;7,67347765;1,918945123;3,619148254;0
8249;10;12,73512887;10,83333333;9,399315984;7,674108505;1,143360901;0,438108802;0
8250;15;39,52763978;70,5;9,358877561;7,675649643;2,41254639;6,213537097;0
8251;10;6,5986052;23,66666667;9,32698764;7,67595768;1,341533647;1,267835736;0
8252;10;26,04210262;33,83333333;8,891060496;7,677453518;1,366884946;1,692237735;0
8253;10;6,561776185;8,333333333;6,896613357;7,677655697;1;0,020099759;0
8254;10;13,7757175;15,22222222;9,35822756;7,678126812;1,143948168;0,546071291;0
8255;15;28,74387276;48,16666667;10,50228784;7,678792477;2,066041887;4,125629306;0
8256;10;16,28337292;22,66666667;9,192935966;7,678883076;1,048120295;0,767011523;0
8257;10;23,84067971;10,66666667;13,91099716;7,679146767;1,196523021;0,700169683;0
8258;10;15,2663756;22,83333333;8,904859221;7,679153442;1,095235504;0,810651302;0
8259;15;32,19540228;54,66666667;8,948089601;7,679308414;1,840686557;3,712735176;0
8260;15;35,73210172;46,16666667;11,75695627;7,680146217;2,223133241;4,85983336;0
8261;15;3,919490013;10,16666667;9,904954933;7,681002617;1,104232387;0,406093955;0
8262;10;19,39006654;24,83333333;10,51594703;7,681609154;1,946650269;1,921993852;0
8263;10;13,20985758;21;9,020795712;7,681652546;1,067517875;0,69357419;0
8264;10;17,45038003;22,33333333;8,165205979;7,681871414;1,16592449;0,904640555;0
8265;10;31,70533375;36;10,23914446;7,68200779;1,723947086;2,560140252;0
8266;10;30,96733614;51,66666667;9,993961648;7,683445454;1,93539762;3,611326814;0
8267;10;12,38789213;11,5;11,34136377;7,683862209;1,122234497;0,476433635;0
8268;10;4,699584436;10,5;12,26128221;7,684458256;1,097602831;0,656801343;0
8269;10;27,20848627;46;9,633344104;7,684792042;1,502840757;2,333794117;0
8270;10;11,79312172;5,666666667;14,04708467;7,685791016;1,10963957;0,08075726;0
8271;10;8,830562497;12;10,28713165;7,685904026;1,085961445;0,356447816;0
8272;10;16,56844185;18,83333333;9,855560825;7,686058521;1,169683394;0,785124183;0
8273;10;25,19577171;36,16666667;8,584601809;7,687382698;1,417359649;1,726571202;0
8274;15;29,11758035;27,66666667;9,311314322;7,68819952;1,615751598;2,212523222;0
8275;15;9,425284076;47,5;10,10852056;7,688222885;1,621187739;2,336895466;0
8276;15;29,4382525;50,66666667;9,976615643;7,691110134;1,553095905;3,061881423;0
8277;10;7,676247982;8,666666667;7,69821139;7,691244125;1,004975071;0,171503782;0
8278;15;4,790025931;6,5;12,66816706;7,691838264;1,00334669;0,080820799;0
8279;15;21,8844829;39,5;9,407582983;7,692988396;1,728983599;2,604178548;0
8280;15;41,76255197;94;9,518632246;7,693357468;2,12074871;6,824352503;0
8281;10;12,11694033;17;8,584611686;7,694363117;1,028197883;0,49968183;0
8282;15;26,3038046;26,66666667;9,630848156;7,694488525;1,477139216;1,908577323;0
8283;15;33,81099183;61,33333333;10,17636555;7,694846153;2,597695479;6,245317459;0
8284;15;32,18929789;76;7,707538733;7,696414948;1,290069334;3,34325254;0
8285;15;37,09507997;50,33333333;10,15510558;7,697823524;1,662193502;3,660781145;0
8286;15;36,04989226;63,83333333;10,39347513;7,697858334;2,460178029;6,292586327;0
8287;10;6,703407703;7;10,74140609;7,697896004;1,019119838;0,132456064;0
8288;15;21,50177757;25,16666667;9,592393393;7,697911263;1,315399745;1,40599668;0
8289;10;20,711235;31,33333333;9,067549405;7,700037956;1,212209774;1,268983126;0
8290;15;32,80122773;52,5;10,22305921;7,700052261;2,131923196;4,51271224;0
8291;15;19,50214607;32,16666667;9,833232369;7,700710297;1,171976107;1,470611572;0
8292;10;17,16318434;22,83333333;9,902400015;7,701841354;1,257232633;0,838321567;0
8293;15;34,79695404;49,16666667;10,42868968;7,702095032;2,341007686;4,935360074;0
8294;15;27,90794398;49,33333333;9,590784395;7,70232439;2,021269349;3,798136711;0
8295;10;31,59268808;27;10,37309177;7,702354431;1,263151192;1,757578731;0
8296;15;19,65201412;45;9,660266942;7,702716827;1,955128311;3,578398228;0
8297;10;10,83491255;18,5;7,924583244;7,702795982;0,830591484;0,403802752;0
8298;15;5,828085906;5,833333333;8,828740235;7,702936649;1,022791082;0,119422674;0
8299;15;25,0797742;49;10,83881849;7,703237534;1,353996194;1,684730768;0
8300;10;6,404266446;33,66666667;9,793062936;7,703868389;1,506304579;1,923433304;0
8301;10;3,953161459;14,83333333;9,938395009;7,703977585;0,989214049;0,04405129;0
8302;15;49,11517702;75,5;8,650708227;7,704018593;3,042108226;8,903188467;0
8303;15;19,11620097;26,66666667;8,930627295;7,704320908;1,46471505;1,558810592;0
8304;10;15,35529916;22;10,15644492;7,704651833;1,131755693;0,854789734;0
8305;10;18,59193589;17,5;9,315502109;7,705645084;1,200152106;0,703043222;0
8306;10;20,94379769;32,33333333;9,905800938;7,705739975;1,253198377;1,341718435;0
8307;15;26,26380661;37,66666667;8,959219626;7,706662178;1,631517478;2,520543575;0
8308;10;8,897318599;9;8,654664922;7,710110188;1,051606404;0,264831543;0
8309;15;22,25573752;29,16666667;10,84117351;7,710934162;1,340081957;2,63177228;0
8310;10;26,10641773;35,16666667;11,40728791;7,712803364;1,551193286;2,341295004;0
8311;15;26,3119118;37,66666667;9,977727773;7,713125229;1,547288875;2,551916957;0
8312;15;19,8687177;29;10,14724565;7,713919163;1,4903535;1,921080947;0
8313;15;14,82005251;22,16666667;10,33253863;7,713943005;1,175300627;1,037448287;0
8314;15;4,220854701;5,166666667;10,28751756;7,714534283;1;0,023771882;0
8315;15;27,46142966;40,33333333;8,594302797;7,714668274;1,540391467;2,575561523;0
8316;10;14,29456854;18,33333333;10,63278261;7,715449333;1,1835753;0,800440073;0
8317;15;40,42030885;62,66666667;9,562880936;7,7163167;2,727735001;6,837042093;0
8318;10;6,789395194;9;9,962795371;7,716777325;1,087675482;0,624563813;0
8319;10;11,99622514;15,5;9,969969565;7,717088223;1,165343389;0,579393744;0
8320;10;17,0849107;21;8,715933864;7,717900753;1,213576954;0,908865094;0
8321;15;15,24122901;18,33333333;9,263605;7,718921661;1,244772927;1,063593626;0
8322;15;30,38465657;63;10,5924655;7,718963146;1,932671644;3,866991162;0
8323;10;17,89631746;21,66666667;9,276984984;7,719067574;1,268182771;0,929400206;0
8324;15;34,68473897;65,5;8,79317997;7,719679356;2,103941024;5,170041442;0
8325;15;20,21747688;47,33333333;11,0540346;7,721878052;1,98947947;3,026885271;0
8326;15;24,6544927;38;7,517446593;7,722041607;1,566173438;2,258140326;0
8327;15;11,1194309;14;11,42887396;7,722438812;1,18482516;0,791288257;0
8328;15;27,10344708;35,66666667;9,079533876;7,722517967;1,361152818;2,25666678;0
8329;15;34,07692043;55,33333333;9,632364631;7,723846436;1,829124556;4,008112192;0
8330;10;26,41572962;21,66666667;9,188010333;7,724134445;1,277734499;1,236899018;0
8331;15;13,02788865;20,5;11,21478708;7,724940777;1,183980349;1,068403959;0
8332;10;34,51093685;54,66666667;9,663439498;7,725880146;1,920439826;3,740067244;0
8333;15;27,90132244;60,16666667;10,14563531;7,726182461;1,46249209;3,203449368;0
8334;15;36,66290571;58,16666667;10,52074991;7,726813316;2,160221843;4,856381416;0
8335;15;28,62703025;56,5;9,363627998;7,727033615;2,038902095;4,25302124;0
8336;15;20,43288625;34,83333333;8,465460221;7,728932858;1,210532031;1,550918937;0
8337;15;36,77206492;49,83333333;10,45077869;7,729350567;2,13128696;4,903844595;0
8338;15;38,30933503;64,83333333;10,13547593;7,729858398;2,05704974;5,019257545;0
8339;15;16,79145251;21,66666667;11,22902009;7,730772972;1,276474274;1,485014558;0
8340;15;26,33402418;34,5;9,542117022;7,730862141;1,669309139;2,495458126;0
8341;15;29,65014743;37,83333333;10,26930367;7,730964661;1,556138466;1,88578856;0
8342;10;24,75150011;34,5;9,088989427;7,731432438;1,255323402;1,643838882;0
8343;15;34,256424;66;9,368125921;7,734911919;2,713845203;6,695791602;0
8344;10;7,966077389;7,333333333;10,51468274;7,735170364;1,074793209;0,193501711;0
8345;15;33,10826387;43,88888889;10,34542905;7,735176563;2,120159361;3,087567806;0
8346;10;20,0253064;30,66666667;8,068986145;7,735530376;1,102043874;1,112470865;0
8347;15;29,20222991;51,5;10,84603348;7,735666752;2,468024176;5,825425744;0
8348;10;22,00735462;18,5;6,622717759;7,736416817;1,137267523;0,808201432;0
8349;10;14,33218954;24,66666667;9,063559288;7,73682642;1,051822336;0,782482505;0
8350;15;28,41975357;36,33333333;8,808577805;7,737864017;1,515296164;2,389696717;0
8351;15;17,34123161;31,33333333;9,560077942;7,738255024;1,283745894;1,571167946;0
8352;10;25,24086319;32,5;10,64531372;7,738584518;1,514678696;1,887342572;0
8353;15;13,40760969;20,66666667;10,67949828;7,739087582;1,295458171;1,033837795;0
8354;15;30,99854522;38,66666667;9,766560427;7,739284515;1,753786879;2,99177134;0
8355;10;7,200529438;8,833333333;9,667240289;7,739301205;1,007393457;0,146575689;0
8356;10;7,649916192;8,333333333;10,16945378;7,739603996;1,003998879;0,190313816;0
8357;15;34,80278708;63,33333333;10,46633554;7,740002632;2,808002682;6,954851508;0
8358;10;7,05479257;6,5;9,577988917;7,740032196;0,979267626;0,103542805;0
8359;15;24,82907882;51,5;9,737969321;7,740551949;1,738842353;3,370108128;0
8360;15;10,1821811;15,5;10,69660378;7,740715981;1,103827084;0,403055549;0
8361;15;9,659305971;13,66666667;10,51944168;7,741580486;1,102743743;0,524098754;0
8362;10;9,957749392;24,83333333;9,377464382;7,741611958;1,356278361;1,143604636;0
8363;10;8,786428238;9,590163934;10,73900005;7,742229939;1,022151762;0,152335882;0
8364;15;21,03270512;30,33333333;10,41186776;7,743612766;1,441093405;1,783313036;0
8365;15;4,388931421;7,333333333;9,054044968;7,744216442;0,986996099;0,001193643;0
8366;10;21,91848785;41,16666667;9,304860128;7,74509573;1,465798456;1,602325559;0
8367;10;13,90549872;18,16666667;9,608675976;7,74542141;1,084920119;0,697427034;0
8368;15;23,8006927;36,16666667;10,4754205;7,745495796;1,461165636;2,465726495;0
8369;15;26,9591542;28;10,99920488;7,745696068;1,607507593;2,512939811;0
8370;15;4,128986647;5,333333333;11,70673256;7,746345043;1,000413964;0,006694913;0
8371;10;5,108191834;5,333333333;9,859185036;7,746515274;0,983643725;0,016827226;0
8372;10;17,74493383;20,66666667;10,51994502;7,746578217;1,092841897;0,769733191;0
8373;15;36,22276841;63,5;10,55344853;7,746595383;3,175090711;8,226326823;0
8374;10;7,817755584;8,666666667;10,33565796;7,747582912;1,091365603;0,237689853;0
8375;15;28,67974123;51;9,460916501;7,747651577;1,959704846;3,782389164;0
8376;10;19,37041687;19;10,19935207;7,74825716;1,51693123;1,154797316;0
8377;10;12,73876703;16,16666667;9,707310578;7,749253273;1,092048115;0,495902419;0
8378;10;20,61485793;40,5;10,70412687;7,74960041;1,249509182;1,639824271;0
8379;15;8,002568746;13;8,725570506;7,750646114;1,042682343;0,422326922;0
8380;15;34,17301368;33,16666667;10,64646426;7,750828743;1,766845867;3,253788114;0
8381;10;7,787387948;7,833333333;9,20351705;7,751532078;1,06518899;0,197390079;0
8382;10;4,91243123;24,33333333;11,9255055;7,751832485;1,10310395;1,173572659;0
8383;15;35,88431749;62;10,93386212;7,752336979;2,40339926;6,247884512;0
8384;15;23,90254738;44,16666667;10,97629493;7,753160477;1,555327002;2,704523802;0
8385;10;9,249132195;10,33333333;9,592223278;7,753306389;1,077906174;0,298563838;0
8386;10;8,2718327;15,5;9,932978406;7,754168987;1,106588203;0,539363742;0
8387;10;10,21606458;17,83333333;8,108251466;7,75606966;0,996312538;0,504377961;0
8388;15;17,66064926;30,66666667;10,47352779;7,756176472;1,340462194;1,207200289;0
8389;10;16,34257851;21,33333333;9,682545827;7,756708622;1,137980668;0,678420544;0
8390;10;32,72233013;46,16666667;10,10702322;7,756993771;1,275941114;2,214276314;0
8391;15;33,48950233;41,5;10,48284821;7,757228851;1,941822351;3,804607153;0
8392;15;17,57517001;20,5;11,75317288;7,757854462;1,253945982;1,409172058;0
8393;15;21,00964594;57,16666667;9,848507292;7,7604146;1,99672787;4,503781796;0
8394;15;22,12034369;15,83333333;10,06849785;7,76120472;1,231707589;0,918961644;0
8395;15;26,94011634;29,16666667;9,292105941;7,761356831;1,586321289;2,136055946;0
8396;10;19,45239956;25,66666667;10,66821782;7,761534691;1,227845066;1,383415461;0
8397;10;12,8610904;15;8,975355171;7,762729645;1,061470027;0,280443907;0
8398;15;17,2143137;42,11111111;10,40200072;7,76344347;2,697953576;3,323861599;0
8399;10;29,91082724;40,5;10,57956327;7,763929367;1,658584959;2,691953897;0
8400;15;8,659013926;14,83333333;9,493880879;7,764413834;1,025447585;0,464621305;0
8401;10;27,7920585;43,16666667;9,538618845;7,764808178;1,463975802;2,299657822;0
8402;10;13,21604587;15,5;11,33346231;7,764937401;1,399993413;0,786933422;0
8403;10;15,69166115;25,66666667;9,398844408;7,76522398;1,100135892;0,968234181;0
8404;15;25,1278807;45;9,494154695;7,76561451;1,945571237;3,379310966;0
8405;10;11,18257225;29,66666667;12,74980169;7,766044617;1,037995175;1,048338175;0
8406;10;19,84774482;34,83333333;8,095928947;7,767511845;1,180809786;1,378512144;0
8407;10;6,360248392;6,555555556;10,70628663;7,768030643;1,005585784;0,103025436;0
8408;10;12,52007419;15,5;9,207007227;7,768148422;1,163542528;0,581023335;0
8409;10;8,178387912;8,5;10,47758504;7,768750668;1,110166013;0,242954969;0
8410;15;23,11717515;49;9,675827751;7,769307613;1,64752917;2,95699358;0
8411;15;15,40184564;36,83333333;9,749671984;7,770041943;1,171913827;1,512762308;0
8412;10;14,83759908;21,5;10,77176974;7,770800591;1,307804398;0,9810462;0
8413;15;34,25844982;66;11,17875468;7,771406174;2,88295459;7,547939777;0
8414;15;8,833397503;46,66666667;10,54411878;7,771472454;1,560801799;2,028480649;0
8415;10;19,93871266;37,66666667;7,936671927;7,771572113;1,351837671;1,627288938;0
8416;15;37,93783826;64,83333333;10,10578187;7,772587299;2,960871238;7,624238014;0
8417;15;28,36925723;49,66666667;9,141371675;7,773384571;1,952537379;3,836834192;0
8418;10;22,46524618;50,66666667;8,811389319;7,775731564;1,108954097;0,911859035;0
8419;15;37,26181408;87,83333333;9,564915802;7,776585579;2,735807223;8,527731657;0
8420;15;34,30422545;72,33333333;9,689529995;7,777048588;3,095398901;8,314501166;0
8421;15;14,10439918;30,5;9,476556935;7,777401924;1,197259316;1,310555816;0
8422;15;32,25439034;47;9,470931197;7,778167725;2,012143136;4,026546597;0
8423;10;14,85335132;23,83333333;9,073445252;7,778542995;1,150889973;0,623785973;0
8424;15;30,00839832;40,66666667;9,449889458;7,778874397;1,896613773;3,517692804;0
8425;10;11,85025387;9,5;11,16425925;7,779448986;1,03134441;0,32577002;0
8426;10;19,75814351;17;9,74280845;7,781452179;1,149084447;0,891858816;0
8427;15;29,66403273;33,83333333;10,87816731;7,782197952;1,765008849;3,224327683;0
8428;15;26,6996766;54,66666667;8,831273127;7,782544613;1,84747853;3,503768086;0
8429;15;17,0980169;29,33333333;9,75562502;7,782629967;1,336757708;1,305971265;0
8430;15;27,66874138;36,66666667;9,058488764;7,782700062;1,668797134;2,664167166;0
8431;15;20,84492316;25;9,394813974;7,783151627;1,425444129;1,792829633;0
8432;10;12,11432741;15,16666667;10,13834211;7,783500671;1,126407106;0,57443881;0
8433;15;25,9204665;43,33333333;10,14571032;7,783585072;1,72832223;2,820597172;0
8434;10;9,274275405;10,33333333;10,22718526;7,784418106;1,025278234;0,328959703;0
8435;10;10,00292861;12,16666667;7,505753829;7,785149574;1,076743405;0,327285767;0
8436;15;22,62386214;35;9,923971588;7,785541534;1,516760168;2,168503165;0
8437;15;24,72892356;34,66666667;10,64224856;7,787052631;1,666443539;3,015853167;0
8438;10;14,23913847;18,33333333;9,324838933;7,7874856;1,174898693;0,751757264;0
8439;15;29,07025694;42,5;10,404978;7,788224697;1,994356578;3,956581593;0
8440;15;22,60171113;32,16666667;10,76693856;7,788453102;1,644933083;2,27454257;0
8441;15;35,70851296;64,16666667;11,45660752;7,789449692;3,062746416;7,988099575;0
8442;10;19,31575937;32,55555556;9,849007612;7,790788174;1,26204184;1,427838922;0
8443;15;24,2155414;45,16666667;9,719241356;7,791469574;1,643167373;2,830156803;0
8444;15;30,34072888;41,66666667;9,872994682;7,791525364;1,929817868;4,07773006;0
8445;10;15,32392885;18,5;10,05221526;7,791972637;1,108950947;0,769691348;0
8446;15;28,25207084;35,33333333;10,73157689;7,792050838;1,621020061;2,75917995;0
8447;10;32,51053641;41,66666667;10,86857903;7,792161942;1,717908459;2,867111683;0
8448;10;12,58390926;18,16666667;9,19475455;7,79236269;1,210364915;0,697711468;0
8449;15;21,93806328;50,66666667;10,19996939;7,793579102;1,491311599;2,773002148;0
8450;10;18,11022027;23,5;9,087486798;7,79412508;1,247650723;0,980469465;0
8451;10;25,64530388;35,83333333;8,487997587;7,794394493;1,290211265;1,321527958;0
8452;15;17,86649755;36,33333333;9,532887591;7,796092987;1,534439214;2,309962392;0
8453;15;9,248699266;18,83333333;10,6055535;7,797475815;1,192302759;0,216034293;0
8454;15;34,82116725;52,33333333;11,09719098;7,797966957;2,333643637;5,331808209;0
8455;15;21,17111209;28;9,713409943;7,798599243;1,478749211;1,945495129;0
8456;10;5,32740578;6,5;11,1704337;7,799909115;0,988182078;0,067641735;0
8457;10;12,29351939;9;10,34995399;7,800933838;1,081766202;0,429822803;0
8458;15;10,05099337;12,66666667;10,62410414;7,801749706;1,111420081;0,509262562;0
8459;10;32,38806537;61,33333333;10,20121389;7,802307606;2,201873919;3,804210067;0
8460;15;24,23589401;46;9,690427732;7,803041458;1,890777564;3,298522711;0
8461;10;5,325997039;5,5;9,385920853;7,803496838;0,998179554;0,03875792;0
8462;15;19,04460581;23,5;9,746565871;7,8040905;1,367698454;1,414806604;0
8463;10;23,14702841;22,83333333;9,902355104;7,804618835;1,217182097;1,098522067;0
8464;15;19,25953455;23;9,906993316;7,805286407;1,475115557;1,428278804;0
8465;10;21,257196;24,66666667;9,602303875;7,805837154;1,283355941;1,185850382;0
8466;15;28,11378698;52,33333333;10,34691852;7,806405067;1,942262097;3,953456521;0
8467;10;15,2838174;20,66666667;7,796615746;7,806614399;1,174430287;0,901802421;0
8468;15;36,03104776;49,66666667;9,716186629;7,807048321;2,15553739;4,535107374;0
8469;10;7,411850837;7;10,38308283;7,807588577;1,050501794;0,185009122;0
8470;10;19,60195491;30,66666667;9,242050056;7,808374882;1,328192573;1,383642793;0
8471;10;17,28626339;35,66666667;9,649334586;7,808700562;1,499679628;1,976106882;0
8472;15;9,451360335;13,5;10,86340206;7,810177326;1,120458138;0,638754129;0
8473;10;26,08532574;55,33333333;8,855327248;7,811438084;1,06902194;2,000963211;0
8474;15;20,61993221;24;9,833171148;7,812393665;1,36287042;1,40312171;0
8475;15;31,28340798;32;8,922435732;7,814508438;1,271268741;1,855765581;0
8476;15;23,9208241;28,66666667;9,375851421;7,815327644;1,504542981;1,991206408;0
8477;10;10,28130536;10,83333333;11,41454615;7,817059517;1,086128703;0,445892334;0
8478;10;5,006195309;5,166666667;11,66990882;7,817087173;0,970738464;0,010449052;0
8479;10;25,71743866;35,33333333;10,25165404;7,817340851;1,486909986;1,855701089;0
8480;15;34,47747526;84,66666667;10,81689389;7,817886829;3,057448011;9,373448849;0
8481;10;5,078855012;5,5;12,19835095;7,820883751;1;0,032938004;0
8482;10;6,390937097;6,666666667;12,272768;7,821485043;0,993449132;0,143237114;0
8483;15;12,33670883;16,16666667;9,61065685;7,823106766;1,159953074;0,83081007;0
8484;10;8,337478798;9,666666667;11,89809407;7,824070454;1,119388707;0,401641011;0
8485;10;12,26474579;11,33333333;10,82382603;7,824334145;1,145146148;0,488093734;0
8486;10;47,08040579;86,16666667;9,6508835;7,824634552;1,583459005;4,976356983;0
8487;10;10,90568093;12,66666667;9,322563962;7,825726986;1,181799737;0,472747684;0
8488;15;4,637999965;5,333333333;12,30992019;7,827244282;1,011250069;0,051078677;0
8489;10;4,825700068;15,66666667;9,497657307;7,827426434;1,174072578;0,805532932;0
8490;15;21,49929582;30,83333333;9,872454454;7,827730179;1,491425211;1,750995517;0
8491;10;7,258805398;9,333333333;8,828750472;7,829197884;1,002827397;0,240658522;0
8492;15;10,90322286;7,333333333;11,26417613;7,830030918;1,567789626;0,53629303;0
8493;15;36,05421076;49,33333333;11,15801048;7,830116272;2,430818084;5,476887941;0
8494;15;29,54529286;84,5;7,068347338;7,830973148;1,200263674;3,490520954;0
8495;15;36,25656211;50,66666667;10,252985;7,831336498;2,150620738;4,747210264;0
8496;15;47,80872319;93;9,199087447;7,831480503;2,413589562;8,051258802;0
8497;15;15,9284977;37;9,868783581;7,833115101;1,574844317;2,443404555;0
8498;10;11,13807126;8,833333333;8,66946404;7,833187103;1,061610561;0,294657946;0
8499;15;27,70298061;40,16666667;8,097821287;7,833445072;1,727884752;2,82261014;0
8500;15;10,18298686;29;12,10109546;7,833825111;1,028051679;0,192685246;0
8501;15;15,16631857;22,33333333;9,831921469;7,833978653;1,21872671;1,04149437;0
8502;10;7,085613889;14,33333333;10,45817807;7,83473444;1,061543497;0,466507435;0
8503;15;20,62435067;27,33333333;10,23128078;7,835452557;1,459137329;1,801131487;0
8504;10;5,481763664;6,333333333;8,87130744;7,835608959;0,990191732;0,066764116;0
8505;10;18,55179222;24,83333333;8,577233625;7,835803509;1,3550195;1,199216962;0
8506;15;29,61562955;56;10,09201857;7,835953712;2,09947337;4,571921468;0
8507;15;4,102443887;5,166666667;10,93362867;7,836088657;0,99302843;0,018761158;0
8508;15;12,17030462;19,83333333;9,04095173;7,836482048;1,166669469;0,907598376;0
8509;15;35,6440417;68;10,65294156;7,837493896;2,325032752;5,596246123;0
8510;15;33,58415147;83,16666667;10,85117351;7,840755939;1,915449194;3,944011569;0
8511;10;24,56670454;37,66666667;9,531768687;7,842945099;1,397114233;1,880749226;0
8512;10;13,68838558;24,5;11,28977143;7,844293118;1,056545727;0,875122309;0
8513;15;20,241048;35;10,33591546;7,844616413;1,470707598;1,980478048;0
8514;15;44,72526215;67,66666667;10,02437405;7,845103741;2,82735503;8,320437074;0
8515;15;21,73597714;27,83333333;9,58623983;7,845609665;1,469869752;1,82152915;0
8516;15;15,42165057;34,33333333;9,113196075;7,845706463;1,509127964;2,253580332;0
8517;15;17,70699966;32,16666667;8,390365897;7,845817566;1,460355669;1,886107087;0
8518;10;9,088189557;6,833333333;11,99613978;7,845943451;1,383918215;0,251074433;0
8519;10;9,422461735;14,66666667;9,757707732;7,846391678;1,158207025;0,758991718;0
8520;10;18,26324945;18;11,09953953;7,848764896;1,279782584;1,048850417;0
8521;10;6,763876636;6,666666667;9,986521847;7,849062443;1,014927664;0,148481369;0
8522;10;8,704307885;10,16666667;9,229718995;7,849718094;1,026828235;0,14970839;0
8523;10;5,382042672;6,333333333;11,23123559;7,851588726;0,87580661;0,041794419;0
8524;10;17,45966365;30;9,573038829;7,851611614;1,083370562;1,069060564;0
8525;10;5,023672407;5,333333333;8,27980401;7,851754665;0,931052225;0,013549566;0
8526;15;32,03367101;51,33333333;9,834877395;7,853323936;1,801354829;3,493485451;0
8527;15;22,11618721;30,16666667;10,39973396;7,853724957;1,374680179;1,469843388;0
8528;10;10,71754306;12;11,07750292;7,854862213;1,140100618;0,48742497;0
8529;10;17,47276985;22,66666667;10,67467645;7,856344223;1,247321403;1,121689081;0
8530;15;17,62539255;31,83333333;9,386680418;7,856604576;1,417124714;1,710566401;0
8531;10;7,827815525;10,33333333;9,467777747;7,857269764;1,033575326;0,10734868;0
8532;15;28,19545454;32,16666667;9,608469711;7,857902527;1,642787472;2,552688956;0
8533;15;29,48137516;53,33333333;10,30504752;7,858298302;2,261219351;4,823402286;0
8534;10;5,439210483;6,333333333;9,068167967;7,861878872;1,00467587;0,06363368;0
8535;10;11,93365649;12,83333333;10,46876589;7,862232685;1,06379967;0,489540339;0
8536;15;7,917996686;11,66666667;11,32242366;7,863820076;1,04779663;0,38955617;0
8537;15;27,83092349;46,5;10,35713532;7,864477158;2,029460866;4,3376863;0
8538;15;31,61440311;65,5;9,40347711;7,867420673;1,828711155;4,509705663;0
8539;10;6,659206571;38,66666667;9,450678718;7,867841244;1,699796459;2,539351106;0
8540;15;11,78463609;12,33333333;11,00893542;7,868350029;1,18224254;0,667308331;0
8541;10;7,44941543;8,666666667;9,206415075;7,869816303;1,004322354;0,200546622;0
8542;15;35,12386989;57,83333333;8,074404436;7,871882439;1,76715828;3,76132524;0
8543;10;22,42660229;33,83333333;9,68417443;7,872143269;1,567358219;1,915411353;0
8544;15;22,22397376;41;11,00264893;7,872164726;1,806512976;3,153057694;0
8545;15;26,11694282;47,5;9,76508653;7,872409344;1,793975232;3,383780479;0
8546;10;28,96878425;52,33333333;11,49060496;7,873538017;2,01156063;3,932512522;0
8547;10;16,61391373;23,5;9,676667947;7,873677731;1,170421352;0,973342419;0
8548;10;4,837550068;10,83333333;9,843741535;7,87561512;1,139195245;0,338873982;0
8549;15;10,05014711;50,66666667;8,96327393;7,875701904;2,149582075;4,572318196;0
8550;15;35,45168011;63;10,43139285;7,876612663;2,846485824;7,162905216;0
8551;15;26,17549811;47;9,40101439;7,877723217;2,151507579;4,026733875;0
8552;10;12,46025513;14,66666667;10,31564081;7,878057003;1,136755352;0,573319077;0
8553;15;28,14526537;56,83333333;10,78004288;7,878395557;1,872175132;4,073702216;0
8554;10;17,98149032;30,16666667;8,45373587;7,878499985;1,282648027;1,200507879;0
8555;10;7,897622488;8;11,13848668;7,878890038;1,045093375;0,252138138;0
8556;10;10,38450042;9,666666667;9,273061353;7,878992558;1,030077945;0,237452507;0
8557;15;18,10190247;37,16666667;9,673087059;7,879225254;1,40524464;2,005500674;0
8558;10;12,58994933;17,16666667;9,030812766;7,880120277;1,106375739;0,617026567;0
8559;10;36,02188453;34,5;9,288535788;7,881597519;1,41537432;2,237566948;0
8560;15;38,32882296;51,66666667;11,17444215;7,881906986;2,869920839;6,957948327;0
8561;10;13,36873487;16,33333333;9,695853806;7,8822155;1,304437357;0,714860797;0
8562;15;23,89535045;28,66666667;10,39015797;7,882715702;1,452769682;1,818468809;0
8563;15;30,3551678;33,66666667;9,128632075;7,882765293;1,639024056;2,628697634;0
8564;10;20,51066677;26,83333333;7,453724093;7,883098602;1,376548827;1,390206933;0
8565;10;5,861751692;6;9,367842772;7,883286476;0,979778257;0,06743443;0
8566;15;29,79724103;70,33333333;9,881670186;7,883538246;2,294121894;5,28590703;0
8567;15;13,43751222;16,66666667;9,290629356;7,883829117;1,162941721;0,726214528;0
8568;15;14,42004072;15,66666667;8,891826592;7,883890629;1,193009505;0,797765017;0
8569;10;10,82877015;12,16666667;9,460201966;7,884852886;1,065709989;0,436280489;0
8570;15;31,19328874;32;9,729405865;7,884941578;1,585021977;2,592649341;0
8571;15;28,98334824;41,16666667;10,0931416;7,88522768;1,889197923;3,440176606;0
8572;15;9,226617276;16,83333333;9,779870967;7,886080265;1,031551265;0,629101515;0
8573;10;10,64827619;16,16666667;11,41327036;7,8864007;1,164706028;0,618041515;0
8574;15;29,02553371;65;10,05399673;7,88830471;2,29150386;5,514246702;0
8575;15;26,44501003;39,88888889;8,567937887;7,890704155;1,449623283;2,206128597;0
8576;15;16,31947884;35,33333333;9,560292904;7,890826225;1,314700376;1,728850842;0
8577;15;38,01315479;65,83333333;10,50020792;7,891160965;2,688752369;7,325160623;0
8578;15;31,82803801;85;9,405759341;7,891165733;2,163773571;6,046969891;0
8579;15;30,50969606;35,83333333;10,14697629;7,891597271;1,694281818;3,023878932;0
8580;10;28,64361972;42,33333333;10,04411514;7,892569065;1,627997844;2,339165092;0
8581;15;6,986053586;8;12,1040816;7,892637253;1,040925832;0,240383387;0
8582;10;29,51548273;40,83333333;11,98336242;7,892646313;1,826815664;3,094829679;0
8583;15;29,81471255;57,33333333;10,15875294;7,89516449;2,200078831;4,92773807;0
8584;10;4,813123995;7;13,75643343;7,895644188;1,032089018;0,112707138;0
8585;15;19,93552819;32,16666667;10,79315905;7,895738602;1,269278998;2,063665509;0
8586;10;27,10889617;35,33333333;10,10280387;7,896183491;1,649099519;2,313062072;0
8587;10;6,82429328;6;9,571335513;7,897419453;0,813918903;0,116445541;0
8588;15;16,32598458;35,83333333;10,55143036;7,89789772;1,641323745;2,259202719;0
8589;15;9,767568544;15,44444444;11,22230929;7,89791584;1,164969645;0,554124594;0
8590;15;23,35102125;29;11,97956752;7,898167133;1,676209539;2,560192466;0
8591;15;17,81161456;20,83333333;9,347713306;7,898859978;1,362053647;1,297032595;0
8592;15;26,98828586;25;10,54121774;7,90003109;1,507768206;1,95548892;0
8593;15;30,38124552;38,83333333;9,876983064;7,900211811;1,791810503;3,294741035;0
8594;15;19,80942155;26,33333333;8,772416468;7,900514603;1,464085704;1,609289169;0
8595;10;5,571827539;6;9,677073718;7,902668953;0,97408696;0,053544521;0
8596;10;17,68567917;16,16666667;10,89166983;7,903019905;1,181378399;0,780629516;0
8597;15;17,39531793;25,33333333;10,22982808;7,903190613;1,529829153;1,664214253;0
8598;15;25,45149984;53,5;10,26565248;7,905002117;2,350992359;4,852486491;0
8599;10;27,21004678;33,5;10,0645565;7,906753063;1,351022303;1,774345517;0
8600;15;30,97843853;43,83333333;9,873578114;7,907025814;1,813532332;3,339601636;0
8601;15;7,062392445;6,666666667;9,95832775;7,907679558;1,063462134;0,184489727;0
8602;10;10,24507014;27,5;9,124691396;7,907784462;1,112979767;1,104776382;0
8603;15;21,16237789;47,5;10,67875321;7,908173561;1,996146804;4,13364625;0
8604;10;27,67040139;37,16666667;10,79521944;7,908264637;1,38092925;2,296868563;0
8605;15;23,54704262;66;9,877594785;7,908380032;2,449193467;6,215387225;0
8606;15;33,64238555;65,16666667;9,764686865;7,908877373;2,37982733;5,855746746;0
8607;10;10,67646074;19,83333333;10,12307535;7,909265995;1,047304213;0,283623934;0
8608;10;8,049809273;7;9,917490923;7,909470558;1,038510139;0,177454233;0
8609;10;17,92991557;30,83333333;11,04663361;7,909503937;1,397601639;1,176922083;0
8610;10;11,30440417;10,66666667;9,990440645;7,909529209;1,173935453;0,386562943;0
8611;15;33,77122962;51,33333333;10,66731636;7,911752224;2,286117812;5,040259361;0
8612;10;6,474556944;6,5;9,845260986;7,912793159;1,01906294;0,091421604;0
8613;15;17,67537502;18,66666667;10,45945263;7,913310528;1,218828516;1,290017605;0
8614;10;24,46330526;23,5;10,53809093;7,913529396;1,449448173;1,520798802;0
8615;15;39,03131215;58,5;10,41941352;7,913635731;2,578375684;6,416863322;0
8616;10;5,371593026;14;9,304693488;7,913760185;1,204257057;0,692692518;0
8617;15;17,61155171;36,83333333;8,925349432;7,915126801;1,125103643;1,495461822;0
8618;10;21,6843726;39;9,160597861;7,915211678;1,301940804;1,871055126;0
8619;15;36,68937786;69,16666667;10,90456116;7,915235519;3,131326787;8,626352191;0
8620;15;24,74816756;37,5;9,473634088;7,915573597;1,55800792;2,737707615;0
8621;10;12,057098;15,5;7,900239164;7,916368961;1,066027292;0,498883843;0
8622;15;31,35240539;37,66666667;10,80775259;7,916885376;1,719141947;3,127031565;0
8623;15;27,37096417;39,66666667;10,05371716;7,918153286;1,576864425;2,646090388;0
8624;15;21,13396961;38,33333333;9,856086293;7,918628693;1,342702183;1,998808503;0
8625;15;24,87431007;63,83333333;11,26072993;7,918989658;1,347532789;3,143715739;0
8626;15;22,279767;34;10,54673366;7,919989586;1,781968685;2,668855309;0
8627;10;8,720859623;8,666666667;10,73124395;7,920006752;1,030758152;0,235146165;0
8628;15;27,53050483;41,66666667;9,760428254;7,921876907;1,648159563;3,032554746;0
8629;15;29,07876347;54,67213115;8,363569624;7,922102451;2,01206799;4,360892057;0
8630;15;27,64767616;44,16666667;9,269680903;7,9230299;1,649302357;2,849510312;0
8631;15;12,14174214;25,5;11,00332439;7,923202515;1,170654334;1,116057277;0
8632;15;30,84218963;61,83333333;9,682610017;7,9239645;2,513719989;5,956121564;0
8633;10;8,490061111;7,5;10,22739333;7,924069405;1,038441302;0,242367506;0
8634;10;9,953165314;14,33333333;9,519527556;7,92471838;1,173993871;0,493975163;0
8635;10;11,38613002;11,5;11,76539833;7,927503586;1,013531944;0,089893341;0
8636;10;23,68027789;23,33333333;9,614756274;7,927608967;1,282122961;1,263463259;0
8637;15;21,73046089;28,66666667;9,081914884;7,927737236;1,414980733;1,736525893;0
8638;15;20,3109529;36,83333333;11,69253928;7,929280758;1,392685693;2,246976256;0
8639;15;33,78721858;57;10,52866491;7,930649757;2,391268211;5,467133403;0
8640;15;34,63087234;60,33333333;9,56638734;7,931523323;1,708183139;4,062565923;0
8641;10;21,40030029;32,83333333;9,096476832;7,932357311;1,341541327;1,284701943;0
8642;10;22,00606282;24,16666667;9,810218242;7,932747841;1,344470043;1,334954023;0
8643;10;5,438393056;5,166666667;11,92325349;7,932801247;0,73189903;0,015409589;0
8644;10;13,34208855;15,83333333;9,247679668;7,93385458;1,123259657;0,536114931;0
8645;15;23,94877459;27,5;8,798285898;7,934873104;1,473127459;1,818361759;0
8646;15;20,17312073;29,66666667;9,756058749;7,935258865;1,493300234;1,911395073;0
8647;15;9,014676548;20;11,21868501;7,935283184;1,08229405;0,321309328;0
8648;10;14,1652518;22,16666667;10,18824267;7,935426235;1,085230438;0,790562987;0
8649;15;31,08078604;53,16666667;8,205424785;7,937266827;1,721251425;3,627602696;0
8650;10;16,09202099;19,5;8,058287867;7,937693119;1,244521807;0,91704464;0
8651;10;5,088526986;21,83333333;9,072329691;7,938293457;1,257003693;0,969546676;0
8652;15;29,41962888;54,33333333;9,648484527;7,938586235;2,006432078;4,197250724;0
8653;15;17,98230254;15;13,4885972;7,938907623;1,499147054;1,246708989;0
8654;10;12,47242087;16,5;9,613915696;7,939393044;1,097242722;0,577643633;0
8655;15;37,00842617;55,33333333;11,33484482;7,939633369;2,411134923;6,953699589;0
8656;10;24,32177661;38,33333333;9,804901952;7,940173149;1,356307167;1,685670853;0
8657;15;25,44789521;40,16666667;9,666149323;7,940947533;1,54417154;2,346190572;0
8658;15;35,6911684;52,16666667;10,17134035;7,942110062;2,237126056;5,128613234;0
8659;10;20,39124127;19,33333333;8,620198817;7,942318439;1,229497106;0,94463563;0
8660;15;20,023302;39,16666667;9,437507932;7,942409992;1,545304896;2,210476279;0
8661;15;20,02843653;56,66666667;9,353729914;7,942544937;1,962816215;4,313319683;0
8662;10;19,47359981;36,83333333;8,615916729;7,94327116;1,126455786;1,383153915;0
8663;15;38,93155801;52,83333333;10,74960116;7,944201946;2,383880667;5,770115256;0
8664;10;13,72402045;16,33333333;8,340726687;7,944585323;1,061852082;0,589417458;0
8665;10;26,60674458;31,5;9,506221408;7,944601059;1,454223284;1,859588504;0
8666;10;20,26371968;25,33333333;9,009476841;7,945871353;1,217505377;1,183276892;0
8667;10;17,52708123;30,83333333;10,64246007;7,946802139;1,559555671;2,124711752;0
8668;10;16,94010174;25,5;9,145068596;7,947249889;1,19885794;1,067100525;0
8669;15;3,65432278;8,5;12,18719367;7,94756937;1,00645379;0,022605538;0
8670;10;39,48187616;51,5;9,552540297;7,948105812;1,278789172;2,817201257;0
8671;15;10,66526528;12,5;11,0654808;7,948164463;1,065936657;1,010786772;0
8672;15;32,65821087;48,16666667;10,15059902;7,949408531;2,071804973;4,305852532;0
8673;15;45,31034443;76,83333333;11,08744659;7,949501991;2,716426442;8,705443382;0
8674;10;4,344378226;8,833333333;7,586977784;7,950992584;0,965504659;0,163022399;0
8675;10;21,70396595;30,33333333;9,022749023;7,951184273;1,552507386;1,784194946;0
8676;10;13,58790365;20,16666667;7,381687226;7,952300072;1,158136022;0,792216539;0
8677;10;5,900525526;6,166666667;10,12732353;7,952464581;0,999504094;0,089803815;0
8678;10;16,91607676;21,33333333;9,937052113;7,953174591;1,27727895;1,003157496;0
8679;15;37,62126116;42;9,798216483;7,953408241;1,99728278;3,150333643;0
8680;15;35,44030724;61,33333333;9,795332761;7,955156803;2,458000796;6,316332102;0
8681;10;11,25034168;9;10,33933053;7,955535412;1,032460938;0,280557394;0
8682;15;21,87950975;34,66666667;9,851158826;7,95688343;1,59129212;2,351867437;0
8683;10;10,6571863;14,5;10,21146727;7,957778454;1,054140987;0,189025283;0
8684;10;22,81226023;23,5;8,777218446;7,957874298;1,269325655;1,202675104;0
8685;15;17,6962024;29,16666667;10,7421787;7,959856033;1,381519224;1,74384594;0
8686;10;13,40427992;24,5;12,0644417;7,9615798;1,064509934;0,862821579;0
8687;15;4,086770425;5,333333333;8,973044134;7,963127136;1;0,003424048;0
8688;15;14,70389164;20;11,33489544;7,96350956;1,25013673;1,247720718;0
8689;15;12,34004616;14,33333333;11,70229634;7,963525295;1,132124714;0,670429349;0
8690;10;21,16230417;26;10,79265619;7,964814663;1,258569637;1,249037027;0
8691;15;25,3434764;47,83333333;9,202449442;7,965147018;1,851403536;3,447911382;0
8692;10;10,23034453;15,16666667;9,974243253;7,965817451;1,292884153;0,092005491;0
8693;15;31,26070267;44;9,524223465;7,96651268;1,981081094;3,870016217;0
8694;10;8,611132562;9,333333333;10,18334996;7,966639042;1,590616785;0,406854153;0
8695;10;14,00929837;20,16666667;9,534138397;7,966925621;1,139780116;0,450650454;0
8696;15;18,86909516;35,16666667;8,652867137;7,967219353;1,738855168;2,319256783;0
8697;15;6,523385328;6,666666667;9,195884591;7,968196869;1,037622567;0,199127793;0
8698;10;16,464365;17,83333333;11,19134679;7,96832037;1,175680629;0,85005784;0
8699;10;8,507721048;12,33333333;7,600720259;7,968642712;1,030770551;0,308000684;0
8700;15;27,61741737;38,33333333;11,01588194;7,970044136;1,710706838;2,833768606;0
8701;10;32,50755021;52,66666667;9,546905533;7,971940517;1,32766821;2,613812566;0
8702;15;16,99284636;22,33333333;10,60809551;7,973701954;1,215301244;1,318879962;0
8703;15;39,41531975;47,5;9,574257942;7,974593639;2,076702243;4,488450646;0
8704;10;10,12267511;12;11,47976987;7,974683762;1,080555916;0,46690917;0
8705;10;11,8396923;13;7,986331562;7,976314545;0,815316945;0,327823877;0
8706;15;31,3238943;49;9,536830837;7,977711201;1,993803763;4,03848052;0
8707;15;19,64478336;37;10,2655779;7,977778912;1,905571769;3,374262691;0
8708;15;30,4693857;51,5;9,024069422;7,979525089;2,13955328;4,245193601;0
8709;15;29,23434454;60,66666667;7,918229182;7,979860306;1,723802339;3,992867112;0
8710;10;13,94067778;13;10,4409966;7,980248928;1,191966527;0,607603192;0
8711;15;8,163459372;16;10,57365992;7,980280399;1,068833404;0,524686337;0
8712;10;13,95109895;15,66666667;9,859843177;7,981519699;1,219181141;0,649437189;0
8713;10;23,57063063;17,66666667;9,193560615;7,982151985;1,42420048;1,21599865;0
8714;15;22,05181555;37,5;9,64046971;7,982420444;1,426074568;2,13747406;0
8715;10;22,3523325;26;10,05033899;7,9827075;1,351016169;1,543592215;0
8716;10;14,42618326;21,5;8,405120422;7,983049393;1,100129465;0,770661473;0
8717;10;13,1450457;15,16666667;9,398593343;7,985783577;1,080662461;0,572603345;0
8718;15;34,66543889;38,83333333;11,01816446;7,986070156;1,935230932;3,875937343;0
8719;15;23,21048943;27,5;8,534682749;7,987221241;1,506045484;1,923327804;0
8720;10;5,073563277;5,166666667;11,31957977;7,98876667;0,932531381;0,011882544;0
8721;15;19,76164798;26,16666667;9,398126262;7,988795757;1,443789882;1,658310175;0
8722;15;22,99352389;36;9,895888184;7,988965034;1,52080473;2,347154021;0
8723;10;19,47415052;24,66666667;10,40465708;7,989319801;1,141079315;1,011070967;0
8724;15;25,48057788;44,33333333;10,04158278;7,989367962;1,762262319;3,187483907;0
8725;15;31,43159981;43,33333333;9,687097131;7,989949703;1,935350915;3,855689406;0
8726;15;32,44487837;52;10,02618714;7,99047184;1,876490874;4,524250984;0
8727;10;27,40574329;39,83333333;9,153505061;7,991061687;1,462857755;2,133992314;0
8728;10;5,456148965;6,5;12,88898838;7,992120266;0,988268185;0,07375598;0
8729;10;21,14325785;43,33333333;9,954492798;7,992366791;1,318919329;1,159558058;0
8730;10;19,89535693;31,66666667;9,39841682;7,993532658;1,161957194;1,286548138;0
8731;15;12,54716106;37,5;8,759131059;7,993664265;1,755356118;2,563665748;0
8732;10;5,844954535;8;11,16609774;7,995226383;1,000010164;0,281331897;0
8733;10;18,67445518;24,5;8,730663147;7,99587965;1,297298142;1,187244892;0
8734;15;23,75913303;42,66666667;10,09338381;7,996297359;1,575506283;2,151139736;0
8735;10;8,726747025;8,666666667;10,82577851;7,996370792;1,023470629;0,237433434;0
8736;15;30,42529968;49;9,604904996;7,997832298;2,130214206;4,386017203;0
8737;15;14,59757781;20;11,14331492;7,998094082;1,465230336;1,454147935;0
8738;10;11,45989246;15,66666667;9,612279493;7,998122692;1,034322191;0,51908803;0
8739;10;4,732954486;8,166666667;6,09177523;7,998918533;1,021871398;0,224850774;0
8740;15;28,93345588;39,5;9,075625017;7,999290466;1,761913394;3,012429953;0
8741;15;15,60551627;16;11,64059026;7,999487877;1,205350967;1,268020511;0
8742;10;18,97580898;24,83333333;9,997166251;7,999722004;1,285969664;1,304116726;0
8743;10;7,002202839;5,5;10,99154525;7,999978065;1,005254211;0,043425441;0
8744;10;11,98060224;9,333333333;9,778222663;8,000364304;1,099501041;0,371563673;0
8745;15;21,15722035;32,33333333;9,177350033;8,001297951;1,514150308;2,164272547;0
8746;15;32,88785416;42;10,1041654;8,001332283;1,898671989;3,705051303;0
8747;10;22,43346054;32,83333333;9,06954166;8,002642632;1,261918251;1,336582899;0
8748;15;13,86276715;25,88888889;10,2612608;8,003405571;1,157927276;1,050707698;0
8749;15;29,68127849;48;9,142022509;8,004369736;1,674137884;3,422670603;0
8750;10;26,94962759;33,5;10,44410619;8,004756927;1,560943274;2,223425269;0
8751;15;35,12102871;54,33333333;10,20507192;8,004846573;2,20709572;5,080189943;0
8752;15;17,40165647;24,16666667;8,497600316;8,005942345;1,418871328;1,454984188;0
8753;10;14,17370121;18,16666667;8,691261956;8,006232262;1,131335913;0,580727577;0
8754;15;20,08437611;30,83333333;8,786671686;8,006379128;1,536646219;1,998042464;0
8755;15;25,72246964;21;10,31140684;8,007817268;1,410063024;1,71673429;0
8756;15;28,4306316;52;8,982110488;8,007920265;1,852498181;3,687062979;0
8757;10;29,60537866;36,5;10,40902122;8,009325981;1,488919934;2,41574347;0
8758;15;16,13836546;29,66666667;8,1107987;8,009448051;1,322991208;1,507499337;0
8759;10;9,60385063;6,666666667;10,86135577;8,010105133;1,050294651;0,194181323;0
8760;15;31,56901874;68;9,192556049;8,010732651;2,213282882;5,751675844;0
8761;15;5,947218375;5,833333333;8,299211392;8,010951996;1,054104577;0,131932378;0
8762;10;13,43567875;18,33333333;10,18970605;8,011850357;1,069930157;0,736383557;0
8763;10;4,854230268;5,166666667;6,605744346;8,013185501;0,988748995;0,01057744;0
8764;15;27,7196329;35,16666667;10,12557597;8,013465881;1,692285183;2,834082246;0
8765;10;13,34065495;15,33333333;8,23372628;8,013973236;1,0663915;0,446258426;0
8766;15;35,73143196;57;10,3657182;8,014054298;2,098481352;5,156221271;0
8767;15;12,14901354;14,66666667;8,530625749;8,014160156;1,138933845;0,78729403;0
8768;10;20,03467237;35,5;9,094337552;8,015175819;1,215128276;1,470208049;0
8769;15;39,81457039;53,33333333;10,32491191;8,015325546;2,150274361;4,936505437;0
8770;10;18,18403372;22;10,71164935;8,016274452;1,218690332;1,060070634;0
8771;15;10,37821264;14,66666667;9,523047366;8,017850876;1,103380889;0,628702879;0
8772;10;7,189784383;13,66666667;10,15911423;8,01789856;1,156666232;0,567657232;0
8773;10;23,30053719;34,16666667;10,41858063;8,018670082;1,510537043;1,945457101;0
8774;10;11,28837914;10;8,159330451;8,020107269;1,052425867;0,241732121;0
8775;15;19,62177813;34,16666667;8,661656634;8,02087307;1,448429547;1,843635321;0
8776;10;11,76309832;14;9,800471594;8,022024155;1,124056338;0,572402835;0
8777;10;24,77192712;30,66666667;9,844722332;8,022795677;1,466548687;1,841918826;0
8778;15;19,09886095;21,33333333;9,38191098;8,022921562;1,465513316;1,483676672;0
8779;15;29,15688589;43,83333333;9,086363983;8,023153305;1,738796286;3,217926502;0
8780;10;15,18984406;14,16666667;9,848557167;8,023194313;1,180118949;0,750962615;0
8781;15;24,75560212;43,83333333;10,9540159;8,023597717;1,789993511;3,414087176;0
8782;10;10,39246375;11,5;9,279362412;8,025032043;1,043422597;0,392956972;0
8783;10;25,22267161;36,83333333;7,910368085;8,02542305;1,401320969;1,824114919;0
8784;15;19,27705599;39,33333333;10,47616365;8,025986671;1,561825417;2,424634933;0
8785;10;18,50319232;15,83333333;10,08626788;8,027423859;1,133703263;0,738648415;0
8786;15;34,48101726;34,33333333;9,662727757;8,027837753;1,768293691;3,276824832;0
8787;10;14,96125556;15,66666667;10,13342461;8,028111458;1,20674312;0,704427242;0
8788;15;5,318885024;6,166666667;11,3134849;8,028517723;1,006972164;0,110582232;0
8789;15;27,39146425;49,66666667;10,07019373;8,029075623;2,074749989;4,133522987;0
8790;15;42,89350279;48,5;11,84862672;8,030349731;2,751028668;7,009033561;0
8791;15;24,86941152;33;10,13008991;8,031392097;1,755628654;2,659721255;0
8792;15;24,5474778;37,5;9,680660423;8,032822609;1,592976924;2,613961697;0
8793;10;15,56914223;18;9,136601274;8,032846451;1,212668174;0,811077714;0
8794;15;3,538585398;15,66666667;11,54696643;8,032969475;1,063936663;1,057940483;0
8795;15;14,25784228;25,33333333;8,811410779;8,03331852;1,308748829;1,300788999;0
8796;15;24,16897879;40,83333333;10,03581883;8,033675194;1,665078764;3,50611949;0
8797;10;6,546204132;8;9,805477546;8,034276009;0,985857541;0,037578821;0
8798;10;5,425070149;6,666666667;11,64427494;8,035792351;0,989782089;0,080451727;0
8799;15;17,67584102;16,33333333;10,59763762;8,03595829;1,238242032;1,255573392;0
8800;15;3,586228708;5,666666667;10,87695114;8,036640167;1,006066694;0,072924256;0
8801;15;26,96218019;25,16666667;10,17350546;8,037259102;1,446148154;1,958627582;0
8802;15;8,376651931;17;9,603668857;8,037753105;1,037366344;0,562875032;0
8803;15;26,72323201;45,83333333;9,542339819;8,038358688;1,837601704;3,263196349;0
8804;10;12,95530218;14,16666667;10,1771102;8,038576126;1,156539358;0,610427499;0
8805;15;16,32387566;47,16666667;9,22439414;8,038777351;1,965054583;3,467093229;0
8806;10;12,28783663;11,16666667;9,546863759;8,039066315;1,118751569;0,585039258;0
8807;15;22,23250358;38,16666667;9,505660882;8,039083481;1,381440898;2,17174077;0
8808;15;15,77683311;24,83333333;11,37418229;8,039535522;1,523468947;1,707476974;0
8809;15;16,11206748;25,66666667;10,10060751;8,039803505;1,299475389;1,565198302;0
8810;15;22,85963174;37;9,960230109;8,040143013;1,58951322;2,749738574;0
8811;10;9,279186428;12,33333333;8,505575552;8,041908264;1,041717616;0,370785832;0
8812;15;15,63798022;23,83333333;9,115598747;8,042734146;1,32745587;1,241151929;0
8813;15;31,03397704;56;10,53893318;8,043318748;2,232202043;5,104740143;0
8814;15;25,18337152;37,16666667;10,05999329;8,044269562;1,633211519;2,616842866;0
8815;10;7,832477657;8,5;9,902669951;8,044879913;1,052253265;0,240632653;0
8816;10;16,2006441;18,66666667;10,17661645;8,045025826;1,085374436;0,744017005;0
8817;15;25,43247093;38,16666667;11,01591516;8,04554081;1,702838396;3,00476861;0
8818;15;43,69722377;53,66666667;11,56132971;8,045824051;2,579204989;6,837017417;0
8819;10;6,634306965;8,166666667;11,13058542;8,046193123;1,080077177;0,312285542;0
8820;10;16,73705329;23,83333333;8,411684963;8,046355247;1,089941231;0,593809247;0
8821;15;10,41738543;14;9,936536531;8,046773911;1,15789619;0,844639897;0
8822;15;20,76355333;50,16666667;10,6939959;8,046907425;1,74254593;3,326729298;0
8823;10;8,725233649;15,33333333;8,388418395;8,047224045;1,001557543;0,400347233;0
8824;10;20,05032779;14,5;8,803892686;8,04751873;1,160433864;0,766689301;0
8825;15;6,952697256;15,33333333;7,130119554;8,04811573;1,013487619;0,459731102;0
8826;15;3,263288929;10,33333333;14,4957866;8,0483675;1,007385383;0,046753764;0
8827;15;28,76544568;40,66666667;9,450243808;8,050741196;1,788211721;3,068014026;0
8828;15;19,56627588;60,16666667;10,28047783;8,051425934;2,484586158;5,709750772;0
8829;15;11,21152074;36,5;10,27281196;8,052428246;1,002484186;0,041836381;0
8830;10;28,3410363;40,5;8,327910099;8,053750038;1,336181387;2,061008573;0
8831;15;7,557598137;13,83333333;8,996884064;8,054583549;1,150103147;0,686267376;0
8832;10;9,678537717;19;11,94184833;8,054783821;0,903308112;0,612244964;0
8833;15;8,844281576;15,83333333;14,60181005;8,054795265;1,306730277;1,759235382;0
8834;10;8,235314298;6,666666667;10,74131483;8,054927826;1,066051108;0,233257174;0
8835;15;40,29759477;59;10,65882074;8,055727959;2,779643769;7,499430656;0
8836;15;14,35672764;19;11,35793884;8,055886269;1,33037269;1,141683578;0
8837;10;9,684160079;11,66666667;8,830279809;8,056444168;1,025662164;0,363239765;0
8838;10;4,371518661;6,166666667;9,484679146;8,057450294;0,986218308;0,092173696;0
8839;15;25,21099756;57,33333333;10,45500814;8,05796051;1,754128447;3,778056622;0
8840;10;15,32164771;19,83333333;9,178788631;8,058077812;1,103741066;0,783427;0
8841;10;30,43354499;55,33333333;8,496306871;8,059505463;1,187292362;2,413822651;0
8842;15;38,18427984;67,83333333;9,58612132;8,061284065;2,283712134;6,218609691;0
8843;15;26,81223147;38,83333333;10,35280708;8,061709404;1,667980724;2,87238884;0
8844;10;13,10882673;17,83333333;10,79784601;8,063962936;1,242468257;0,805031419;0
8845;10;13,47834375;15,66666667;9,783891164;8,065010071;1,232616945;0,665494919;0
8846;15;28,84126063;41,5;10,33607572;8,065612793;1,914160952;3,627655029;0
8847;15;31,74542204;48,33333333;10,00282723;8,065863609;1,911026057;3,992902398;0
8848;10;6,184861201;6,5;10,46149812;8,066149712;1,000644286;0,028374672;0
8849;15;24,94102593;47,83333333;9,95954363;8,066372871;1,86573155;3,582434058;0
8850;10;16,97119497;18,5;10,76720479;8,06758976;1,278216669;1,085834503;0
8851;10;40,71357666;63,83333333;8,672553651;8,068995476;1,629473922;3,892267346;0
8852;10;19,2325531;23,83333333;10,05197979;8,070620537;1,354472845;1,218932271;0
8853;10;12,76529343;20,33333333;11,72511427;8,071009636;1,05580138;0,724911094;0
8854;10;15,91908948;18,33333333;9,865119445;8,071496964;1,25380242;0,901610732;0
8855;10;11,06464327;11,83333333;9,380074781;8,071521759;1,064188717;0,380942822;0
8856;15;33,70433331;44,83333333;10,71130276;8,071995735;2,058347912;4,22195971;0
8857;15;30,31678497;35,83333333;10,44410094;8,072509766;1,926227551;3,446502209;0
8858;10;27,26443989;36,16666667;11,13603926;8,07256031;1,290485467;1,922197819;0
8859;15;32,82400011;62,33333333;9,901514396;8,073027611;2,243911941;5,587570071;0
8860;10;16,47575925;19,5;9,39895158;8,07438755;1,238915398;0,80121994;0
8861;10;11,64910293;17,83333333;10,49757983;8,074762344;1,132288697;0,611753702;0
8862;10;19,24237407;37;9,016910205;8,074780464;1,062964182;1,346140027;0
8863;15;16,22884108;49,16666667;12,49718962;8,074986458;2,490463347;5,336863518;0
8864;15;30,83042632;31;9,957553807;8,07619381;1,63352518;2,757680535;0
8865;15;13,62823514;17,33333333;11,87302011;8,076473236;1,280902458;1,036927462;0
8866;15;27,44943793;41,16666667;12,02046908;8,077301979;2,698695927;5,288861871;0
8867;15;14,62210997;21,33333333;9,255939277;8,078440666;1,297189142;1,258977294;0
8868;15;24,5420352;20,33333333;9,289556147;8,078977585;1,336271004;1,500585318;0
8869;15;29,67039281;39,66666667;10,25836133;8,079434395;1,685449078;3,551910162;0
8870;15;19,26099884;21,33333333;10,04105994;8,079939842;1,391192605;1,489591956;0
8871;10;24,21972381;33,16666667;11,2130648;8,081184387;1,585783538;2,192072272;0
8872;10;8,118314771;57,16666667;10,13001964;8,081278801;2,279550082;4,869053841;0
8873;15;15,25808667;16,83333333;10,31068905;8,081777573;1,095482712;0,842571139;0
8874;15;28,47880015;49,66666667;9,744910261;8,083761215;1,887607279;3,7635566;0
8875;15;17,6338115;38,16666667;9,742256446;8,08498764;1,87440401;3,264974356;0
8876;10;26,15950443;53,16666667;11,46096988;8,085086823;1,325985541;2,551856041;0
8877;15;18,50641832;17,5;10,88031876;8,085287094;1,427175584;1,38783133;0
8878;15;17,47435332;35,66666667;9,332386522;8,085590363;1,487062168;2,0387609;0
8879;10;11,11460208;10,16666667;9,435623166;8,08602047;1,10956646;0,356210232;0
8880;10;25,34797413;31;11,61556129;8,086148262;1,448587586;1,85635376;0
8881;10;19,30544923;24,16666667;10,93755721;8,086368561;1,203628988;0,955325365;0
8882;15;17,45667369;18,33333333;9,659615569;8,086624146;1,492979427;1,330464602;0
8883;10;15,67731501;18,33333333;10,07379098;8,088169098;1,107792369;0,765451908;0
8884;15;16,73775367;37,83333333;8,81872766;8,088762283;1,538832526;2,167516351;0
8885;10;11,95969685;10,33333333;10,63767709;8,089372635;1,083620746;0,382967591;0
8886;15;25,5335009;44,16666667;9,294138407;8,089428902;1,546020528;2,764417052;0
8887;15;32,06154708;56,83333333;10,18508246;8,08966732;2,379879109;5,379872203;0
8888;15;21,91748467;77,66666667;6,835361922;8,090355873;1,012215408;2,73486197;0
8889;15;20,50823832;56,66666667;10,90464642;8,090484619;2,313149257;5,677584529;0
8890;10;15,17407741;25,66666667;9,484454566;8,091920853;1,036294255;0,931548119;0
8891;15;23,49279048;40,5;10,56972427;8,092103958;1,605387737;2,848344207;0
8892;10;20,68922514;26,5;10,93870403;8,092292786;1,455091568;1,563229203;0
8893;15;27,34219693;31,33333333;10,3068294;8,093202591;1,423345447;2,306992769;0
8894;10;20,05417411;29,16666667;9,730799002;8,095034599;1,232435307;1,382315159;0
8895;10;15,66127823;12,83333333;10,2918557;8,095359802;1,174722297;0,711640358;0
8896;10;5,150141714;5,333333333;12,40159573;8,096355438;0,960730636;0,040307045;0
8897;10;18,72251195;14;9,424221186;8,096601486;1,176775966;0,836062551;0
8898;15;28,57773067;36,5;10,20146564;8,097571373;1,68290453;2,871358871;0
8899;15;13,93957193;16,83333333;11,75024961;8,098706245;1,286986061;1,136795163;0
8900;#N/A;7,680972913;7,333333333;10,98487766;8,099902153;1,008654805;0,23159039;0
8901;10;12,57531259;18,16666667;7,828187664;8,101204872;1,08681483;0,621261716;0
8902;15;30,04329345;34;9,316462805;8,101829529;1,57912973;2,867293119;0
8903;10;7,106879795;7,5;9,500193782;8,102144241;1,103707037;0,108958602;0
8904;15;16,68188432;25,5;8,815699037;8,103034973;1,383960866;1,390018463;0
8905;15;37,89029458;58;11,55679492;8,103281975;2,884934015;7,727599621;0
8906;15;10,96047891;20,5;7,7706006;8,104165077;1,150504476;0,94145453;0
8907;15;21,61439046;36,83333333;8,521518649;8,10495472;1,630586377;2,328150392;0
8908;10;15,13995298;23;9,030651094;8,10529232;1,172516857;0,883936524;0
8909;10;17,52667743;32,5;9,24656778;8,105923653;1,127985014;1,291165113;0
8910;10;27,78187727;32,33333333;11,87353197;8,106869698;1,541228166;2,340908289;0
8911;15;34,00419745;57,66666667;10,13127744;8,106930733;2,068389822;4,879299641;0
8912;15;28,16022209;34,16666667;8,946840879;8,107442856;1,703130295;2,691162705;0
8913;15;31,35501794;39,66666667;10,07593242;8,108130455;1,902360556;3,823006988;0
8914;10;8,692576259;8,333333333;7,343456277;8,109237671;1,017921671;0,228741646;0
8915;15;35,37225074;49,66666667;9,806630009;8,109895706;2,562035393;5,553780675;0
8916;10;9,210706732;9,833333333;10,42668827;8,110330582;0,925890946;0,363015413;0
8917;10;23,36797279;37,83333333;9,829757079;8,111097336;1,851676963;2,737951398;0
8918;15;19,09509008;26,16666667;8,802826098;8,111353874;1,235479778;1,439455986;0
8919;15;31,34914593;63,66666667;10,02262062;8,113083839;1,815129287;4,438833117;0
8920;15;34,53649972;49,5;10,06120034;8,113623619;1,961044777;4,371215224;0
8921;10;5,375981693;5,833333333;9,611755817;8,11438942;0,999495859;0,053697348;0
8922;15;18,80017592;23,83333333;9,576039685;8,114522934;1,350391979;1,568439603;0
8923;10;14,66577083;16,33333333;10,8347664;8,114527702;1,205490337;0,771917343;0
8924;10;21,20250346;35,66666667;10,14100514;8,114685059;1,390869969;1,830575228;0
8925;10;40,3360679;52,33333333;8,763465752;8,114709854;1,669058047;3,712698102;0
8926;15;21,57301469;38,66666667;10,79813219;8,115492821;1,293765287;2,082888007;0
8927;10;14,29152733;15,5;11,20949641;8,115607262;1,106759433;0,687771082;0
8928;15;16,18873393;14,16666667;10,32412417;8,115659714;1,192021344;1,058582425;0
8929;10;30,34276238;59,5;10,06747809;8,116304398;1,812362821;3,2620157;0
8930;10;25,21304738;49,16666667;8,616705218;8,116392136;1,373498599;2,493618488;0
8931;15;35,71677527;58,5;10,21534455;8,11786747;1,939258318;4,556342483;0
8932;15;11,93012241;27,83333333;9,907755435;8,118282318;1,195926931;1,117018104;0
8933;15;11,61431021;16,5;8,666522397;8,118523598;1,195192526;0,773118138;0
8934;10;12,95366891;21,83333333;8,55518117;8,119054794;1,195808051;0,854353428;0
8935;15;19,32804092;41,5;9,852198736;8,119220734;1,931237224;3,576299071;0
8936;15;11,01688921;10,66666667;10,03597784;8,119355202;1,027157352;0,568016529;0
8937;10;21,38170952;35,83333333;8,79155693;8,120276451;1,384534984;1,870849371;0
8938;15;11,69270169;23,16666667;10,02519893;8,121015549;1,23173418;1,000392437;0
8939;15;23,96246145;37;9,125593885;8,121907234;1,497303514;2,224962473;0
8940;10;13,27247129;12,83333333;9,437283728;8,122084618;1,091896858;0,529310822;0
8941;15;9,095270954;8,166666667;12,44631225;8,122654915;1,047389183;0,462988615;0
8942;15;13,08472639;21,16666667;10,05887071;8,122788429;1,28213946;1,106871486;0
8943;10;16,80928483;18,5;9,630721324;8,125450134;1,259420737;0,953288913;0
8944;15;24,6072478;47,66666667;9,40089141;8,126485825;2,022611606;3,684486628;0
8945;10;11,7814498;16,5;8,760002441;8,128046036;1,087555629;0,565679908;0
8946;15;13,5182583;17,5;9,344600704;8,12911129;1,209311154;0,926128268;0
8947;15;30,41761809;41,5;9,642466728;8,129394531;1,822255096;3,405805707;0
8948;15;34,76425147;56,5;10,94246862;8,129546165;2,373542644;6,001344204;0
8949;15;6,631024781;9,333333333;12,16286255;8,130632401;1,026937028;0,281272531;0
8950;15;27,63698147;68,16666667;9,572438443;8,131884575;1,205110638;3,29262507;0
8951;10;31,05188247;60;8,9871822;8,132087708;1,333228376;2,955386519;0
8952;10;9,208088001;8,5;9,440687178;8,132144928;1,022480019;0,277435541;0
8953;10;5,616063496;5,333333333;9,538638368;8,132329941;1,000042217;0,068893909;0
8954;15;30,3679657;48,33333333;10,18817953;8,133823395;2,088810863;4,481422305;0
8955;10;14,19944524;21,16666667;9,007020843;8,135345459;1,081880327;0,771263719;0
8956;10;7,523402448;6,833333333;12,30947883;8,135476112;0,975443287;0,13444674;0
8957;10;7,940440465;10,5;9,940510122;8,136138916;1,001189479;0,275933623;0
8958;15;22,81827161;33,16666667;11,04451125;8,1370821;1,514252045;2,024246454;0
8959;10;16,06929003;28,16666667;11,62771144;8,137274742;1,245081304;1,336580515;0
8960;15;33,87572496;53,66666667;10,6499107;8,138075829;2,134920121;5,086048007;0
8961;10;7,158475486;7,333333333;12,85285652;8,138607025;1,058295566;0,242635727;0
8962;15;26,01866981;46,33333333;9,298731082;8,139305115;1,759976692;3,405307055;0
8963;10;36,25853999;42,66666667;8,140530882;8,139406204;1,465890183;2,653385997;0
8964;15;28,34248998;57,78688525;9,085386009;8,139956474;1,997763066;4,450035691;0
8965;15;33,11644131;61,83333333;8,823322155;8,142951012;2,47819268;5,986603618;0
8966;15;25,57582966;31,83333333;10,53909977;8,143079758;1,69663667;2,722412348;0
8967;10;6,278183317;9,833333333;11,21466991;8,144124985;1,001409836;0,029652834;0
8968;10;4,994640813;5,333333333;9,242524986;8,144608498;0,914870166;0,027400136;0
8969;15;8,520151039;12,83333333;10,73685357;8,146756172;1,076565813;0,612985373;0
8970;10;13,00701916;18,16666667;9,241702018;8,146879196;1,071650911;0,615549803;0
8971;15;19,28575764;30,16666667;9,1482607;8,147153854;1,424388506;1,782078147;0
8972;10;18,84734636;29,83333333;10,9269003;8,147539139;1,651072931;1,899962068;0
8973;15;35,17749803;48,66666667;10,36422344;8,148194313;1,877523656;4,096690655;0
8974;10;14,63687004;12,83333333;13,59034468;8,148933411;1,138569717;0,674009204;0
8975;15;9,642966472;9;9,411018673;8,149051666;1,050048988;0,375851154;0
8976;10;7,018322782;23,66666667;12,59582293;8,149121284;1,008432859;0,070050359;0
8977;10;24,53850813;33,16666667;9,606428505;8,149355888;1,433160374;1,762102485;0
8978;15;28,00506583;36;11,00390398;8,149616241;1,794989846;3,160066366;0
8979;15;12,38158709;24,5;10,10466008;8,15045929;1,345607182;1,2293787;0
8980;15;29,81898885;54,33333333;9,611162318;8,151339531;2,061776941;4,471394777;0
8981;10;4,752130276;9,166666667;12,66181858;8,152189255;0,914807746;0,247812271;0
8982;10;11,41178275;17,33333333;8,228233209;8,152635574;1,019647328;0,523592949;0
8983;15;5,751936222;8;12,83551203;8,152718544;1,020516562;0,135938764;0
8984;10;12,2620008;18,5;9,961337018;8,152942657;1,117998834;0,706263065;0
8985;15;6,988333866;6,111111111;11,81569267;8,152968407;1,07278002;0,041330457;0
8986;15;20,21390158;33,16666667;9,698035275;8,153973579;1,579579193;2,205125451;0
8987;10;16,05488067;29,33333333;8,245657913;8,154876709;1,039215917;0,206401229;0
8988;15;22,78920217;49,16666667;9,372139807;8,156052589;1,815872594;3,345419288;0
8989;10;46,43978018;61,16666667;8,008200362;8,158321381;1,301103422;3,148722291;0
8990;10;11,17302396;12,5;10,969962;8,158356667;1,270615578;0,597637057;0
8991;10;15,65242622;22,16666667;8,731484026;8,159596443;1,094951274;0,808973908;0
8992;10;13,11427798;11,5;11,14016203;8,160075188;1,129499189;0,299603343;0
8993;15;31,85924812;49,16666667;10,81103161;8,160694122;2,030100418;4,720705867;0
8994;15;30,97896555;50,66666667;9,833690466;8,16226387;2,00108442;4,318208575;0
8995;15;17,49161494;38,33333333;10,21682581;8,16237545;1,887728028;3,709940434;0
8996;15;23,72007333;31;8,596221685;8,162833214;1,512916972;2,110910654;0
8997;10;11,76073137;15,5;8,037144278;8,164113998;1,119785171;0,550517082;0
8998;10;27,13603991;25,83333333;10,48167243;8,164676666;1,361523037;1,700466633;0
8999;15;24,86352365;28,16666667;10,4892615;8,168416977;1,608156231;2,374154449;0
9000;10;15,74088249;17,66666667;9,781312803;8,169063568;1,232040432;0,844653845;0
9001;10;13,06667132;13,66666667;8,860996375;8,170348167;1,134405618;0,559442282;0
9002;15;12,83160069;17;10,82479318;8,173540115;1,185036165;0,909134269;0
9003;10;5,749385814;6,5;10,17880344;8,174007416;1,041054725;0,069398642;0
9004;15;25,02606805;40,66666667;11,31640534;8,174677849;1,946750503;3,480585456;0
9005;15;21,39126951;39,16666667;8,169487362;8,174850464;1,453644321;2,186969757;0
9006;15;18,83460596;32,16666667;9,308927408;8,176524162;1,37525958;1,7396487;0
9007;15;23,6821163;32,5;9,867318465;8,176568985;1,593435107;2,343472719;0
9008;10;7,748277307;13,16666667;14,46365604;8,178129196;1,176729509;0,653507113;0
9009;15;20,16322434;51,16666667;10,51136252;8,178557396;1,956350922;4,116890311;0
9010;10;21,79124812;25;9,257236163;8,178614616;1,311131947;0,888429403;0
9011;15;13,90289583;29,5;9,930859334;8,178748131;1,388798565;1,935515404;0
9012;10;13,69367317;18,66666667;7,834401671;8,179642677;1,057883088;0,646436453;0
9013;15;30,07340075;31,33333333;10,07791429;8,180051804;1,614373075;2,836853385;0
9014;10;8,362018629;9,5;11,89736584;8,180415154;1,013749103;0,323847055;0
9015;15;38,39547838;58,33333333;11,29202698;8,180765152;2,897464242;7,770787835;0
9016;10;7,806599161;18,66666667;8,442565605;8,1821661;1,18937927;0,723150373;0
9017;10;7,799331452;9,5;10,94294081;8,18384552;1,031906156;0,24270153;0
9018;15;8,31918097;10,33333333;11,51525897;8,185113907;1,044787055;0,361756206;0
9019;15;36,20610181;77,16666667;11,27848941;8,186454773;1,78957197;5,646825314;0
9020;15;20,93271544;25;9,251219616;8,187679291;1,528984798;1,860303521;0
9021;15;30,44867991;39,16666667;9,648040352;8,188425064;1,718280083;3,117112756;0
9022;10;12,29623487;12;11,0826291;8,190386772;1,168840086;0,496989012;0
9023;15;22,48514128;37,33333333;9,943419867;8,191130638;1,548668566;2,525967121;0
9024;10;12,03365485;13,16666667;8,412465293;8,191393852;1,062403343;0,495061994;0
9025;10;7,53746121;8,666666667;10,11637505;8,191618919;1,052784756;0,260692954;0
9026;10;35,93578452;38,83333333;9,340695498;8,191702843;1,596710615;2,519316673;0
9027;15;21,43019995;35,33333333;8,923399916;8,191903114;1,359976431;2,080410004;0
9028;10;10,56121457;11,33333333;12,03943983;8,192710876;1,035860117;0,24453783;0
9029;15;34,24514311;66;9,938574812;8,193496704;1,913022746;4,984387279;0
9030;15;18,34396481;21,5;9,896797524;8,194054604;1,299890186;1,380588412;0
9031;10;18,49464625;24,83333333;11,14463928;8,194125175;1,14607914;1,087940335;0
9032;15;24,94636547;38,33333333;9,79442541;8,194367409;1,665985282;2,807945967;0
9033;15;21,33275215;52,5;9,31633862;8,194986343;1,50528962;2,913527966;0
9034;10;17,60129184;27,33333333;9,036595256;8,195981026;1,295876263;1,31391263;0
9035;15;23,51199321;32,16666667;10,43613038;8,196043968;1,641519932;2,499187112;0
9036;10;19,14129403;29,83333333;8,699593783;8,196070671;1,248371762;1,399138331;0
9037;15;24,04644311;31,5;10,39174976;8,199443817;1,564171151;2,45089972;0
9038;15;23,43478193;46,16666667;10,32226187;8,200239182;1,955486017;3,774582505;0
9039;10;10,89791527;33,5;8,835537566;8,20056057;1,052921729;1,24350512;0
9040;15;14,62709943;12,83333333;8,832161651;8,200846672;1,093645018;0,635882258;0
9041;15;30,41601736;51;10,54614989;8,201570511;1,944784754;4,269340396;0
9042;10;29,40049313;23,5;9,495534565;8,205191612;1,39790731;1,648240805;0
9043;10;10,91826305;16,66666667;9,47531593;8,205231667;1,009240047;0,534291267;0
9044;15;16,99588276;24,16666667;8,011674595;8,206155777;1,341573201;1,396299243;0
9045;15;16,56167593;23,33333333;9,616692551;8,209158897;1,255833166;1,25706017;0
9046;15;25,96647914;43,83333333;9,603166883;8,210417747;2,05447575;3,805860519;0
9047;15;11,50342426;21,66666667;10,50123941;8,210517883;1,130446582;0,399535894;0
9048;10;5,559188651;5,333333333;10,89455907;8,210778236;1,000134716;0,021779299;0
9049;10;24,08114493;33,33333333;11,59705397;8,210808754;1,415822577;1,972194552;0
9050;15;27,37255936;39,5;10,28663956;8,211513519;1,656350713;2,793686748;0
9051;15;15,5621274;47,66666667;10,00140118;8,212049484;1,864893575;3,571264982;0
9052;15;22,3731443;43,83333333;9,999376906;8,212277412;1,401587561;2,328073502;0
9053;15;31,76645792;50;9,781321175;8,212711334;1,954573315;4,15544045;0
9054;15;9,69766738;18;11,98520069;8,213651657;1,129706062;1,002163529;0
9055;15;13,61401358;31,66666667;9,369877036;8,214338303;1,204187696;1,57893157;0
9056;10;21,82768191;33,66666667;10,08360532;8,21535778;1,384368454;1,819892168;0
9057;10;15,59090164;14,5;9,579049461;8,215810776;1,165333795;0,770664215;0
9058;10;12,70613684;19;6,173708991;8,21591568;1,054051583;0,643477559;0
9059;10;33,28512016;50,66666667;9,284344225;8,215969086;1,328405174;2,61234498;0
9060;10;10,30082947;9,833333333;10,17086457;8,217181206;1,098632129;0,430670381;0
9061;10;17,96856866;27,16666667;7,339540107;8,217926025;1,151138648;0,884773731;0
9062;10;8,597564736;8,5;8,491545224;8,218504906;1,034049499;0,168194771;0
9063;15;13,2220218;17,5;11,5418757;8,218752861;1,179991132;1,384495974;0
9064;10;17,97665928;35;7,328354738;8,219046593;1,06229842;1,252430916;0
9065;15;20,35067084;34;9,60638819;8,220360756;1,459650662;2,463443279;0
9066;10;13,11398345;12,66666667;10,20353517;8,220384598;1,092697437;0,602948189;0
9067;10;20,1034066;28;7,868277031;8,220393181;1,232742788;1,287914276;0
9068;15;5,078619139;31,66666667;10,57179511;8,220646858;1,062463784;1,185928583;0
9069;10;38,592275;49,66666667;12,26961029;8,221330643;2,145451157;5,031532645;0
9070;15;11,4399679;57,33333333;9,213540239;8,22191906;1,986746906;3,977083564;0
9071;15;9,067103751;8,5;11,83854495;8,222416878;1,262656628;0,927573919;0
9072;10;30,84014929;23;9,873907224;8,222506523;1,226389914;1,470054626;0
9073;15;26,20477209;45;9,960634463;8,223505974;1,916658458;4,082065821;0
9074;10;34,35562441;37,33333333;10,63047384;8,224328995;1,76149277;3,118513584;0
9075;15;33,13842888;49,5;11,68923372;8,22471714;2,588516001;6,352284193;0
9076;10;17,21008677;16,5;9,463790819;8,226258278;1,152018868;0,780757308;0
9077;10;18,06047745;20;9,191899208;8,226590157;1,224859683;0,982331514;0
9078;15;6,063440475;6,5;11,83715911;8,226895332;1,042386241;0,173797727;0
9079;10;10,5481826;10,83333333;9,855608778;8,228618622;1,134320215;0,458882928;0
9080;10;5,267699995;6,333333333;14,28979723;8,228759766;1,007585049;0,052383423;0
9081;15;16,5665895;20;11,17207103;8,230224609;1,249487317;1,382674694;0
9082;10;24,31770238;36,5;11,46344365;8,230361938;1,604167491;2,823028207;0
9083;15;4,877071381;7,666666667;12,61784572;8,230507851;1,006750305;0,044484496;0
9084;15;10,96038232;11,66666667;10,07294557;8,231552124;1,210807282;0,604266763;0
9085;15;35,64715475;57,66666667;10,65016697;8,231657028;2,452815676;6,102200627;0
9086;10;20,55563704;23,5;9,984592783;8,232008934;1,286193973;1,217146039;0
9087;10;15,93240202;17,16666667;8,908704093;8,232248306;1,136214018;0,757450342;0
9088;15;17,72944907;27,5;8,521895841;8,232776642;1,332497408;1,498198867;0
9089;15;20,71904183;24,83333333;11,43967636;8,234110832;2,191718082;3,326134562;0
9090;10;13,89339633;21,33333333;9,295937942;8,234287262;1,130098554;0,707765579;0
9091;10;8,332723676;12,83333333;7,807147948;8,235186577;1,048238817;0,39312017;0
9092;10;23,00129893;27;10,85373811;8,23520565;1,272286055;1,226528645;0
9093;15;13,84016508;22,83333333;10,35341608;8,235965729;1,403462012;1,301124096;0
9094;10;31,5206187;43,66666667;10,26003978;8,236217499;1,748694092;2,949942708;0
9095;15;33,78200011;64,16666667;9,723097478;8,236519814;2,270224525;5,878916979;0
9096;10;8,866249563;8,666666667;9,255853308;8,236905098;1,056783612;0,235700011;0
9097;15;4,43659995;5,166666667;13,44968134;8,23710537;1,011319065;0,046586156;0
9098;15;13,21394443;19,33333333;8,719631791;8,237260818;1,142543941;0,90986073;0
9099;10;21,3263474;30,66666667;11,26590225;8,237631798;1,393698511;1,784904003;0
9100;15;5,29072148;8;13,48620721;8,237835884;1,093475357;0,431675315;0
9101;10;34,35049744;50,33333333;9,121718571;8,238397598;1,297473485;2,522693753;0
9102;15;18,15205253;52,33333333;10,45245201;8,238814354;1,983230778;4,151817679;0
9103;15;27,15602725;33,33333333;10,48654645;8,241130829;1,715655874;3,073778987;0
9104;15;11,05688682;16,5;10,42604348;8,241477966;1,145664584;0,778594255;0
9105;15;14,94942437;20,66666667;10,57478343;8,242362022;1,199252061;1,081392646;0
9106;15;5,702508638;8,333333333;12,90051842;8,242543221;1,012460899;0,115762591;0
9107;15;29,91072401;26,66666667;11,06777469;8,242547989;1,74644328;2,877129674;0
9108;10;15,43027838;15,66666667;10,50304736;8,24294281;1,191131696;0,816514015;0
9109;10;21,01930167;21,66666667;9,010428251;8,243199348;1,246352274;1,145097613;0
9110;15;30,02329443;57,66666667;10,5147528;8,243462563;2,118323811;4,861122489;0
9111;15;35,38131394;62,5;9,662556395;8,244298935;2,776231971;7,17563951;0
9112;15;32,08477237;40,83333333;9,367856502;8,244499207;1,804061944;3,313268185;0
9113;15;29,39185225;44,5;9,977698362;8,24546051;1,867322997;3,840964079;0
9114;15;14,04248159;29,5;10,79863395;8,245668411;1,380521655;1,595499754;0
9115;15;30,93842164;59;10,13870417;8,245732307;2,355262294;5,468602538;0
9116;10;19,8323559;23,33333333;11,6387561;8,246858597;1,324167961;1,378201008;0
9117;15;4,764990623;6,166666667;10,43315876;8,247035027;1,006614721;0,035307884;0
9118;10;9,127528473;8;10,44139726;8,248376846;1,059729643;0,244743109;0
9119;15;28,54979201;43,33333333;10,04424249;8,249248505;1,90409311;3,581550598;0
9120;10;11,19661077;14,83333333;10,04869581;8,249872208;1,060190156;0,255405903;0
9121;15;22,61884464;43,16666667;8,298540957;8,249995232;1,669477176;2,843091726;0
9122;10;6,044307578;6,333333333;8,863975934;8,250525475;1,011684948;0,083366752;0
9123;15;5,556251247;9,166666667;13,54406461;8,251194;1,067298199;0,451931596;0
9124;10;9,670099748;13,66666667;9,014425741;8,25180912;1,039645134;0,582837701;0
9125;10;15,3210125;24;9,9350467;8,252132416;1,249216767;0,908451796;0
9126;15;11,19607308;15,66666667;8,840248796;8,252534866;1,09882576;0,666972518;0
9127;15;34,37199872;41,66666667;11,01177214;8,253839493;2,031075294;4,432935953;0
9128;15;14,67594102;19,16666667;8,674884929;8,254321098;1,265502698;1,11490202;0
9129;15;27,78576484;47,33333333;10,3833498;8,254999161;1,913394839;3,976332068;0
9130;10;24,25258278;38,83333333;10,0209647;8,255084038;1,595851839;2,420019746;0
9131;15;33,42576326;53,16666667;10,42802367;8,255361557;2,270403508;5,308711529;0
9132;15;11,16150263;15,33333333;11,02816151;8,255724907;1,279033538;0,862954021;0
9133;15;21,17080731;40,66666667;10,52953112;8,257088661;1,912180116;3,729363441;0
9134;10;5,927407504;6,666666667;9,366792588;8,257561684;1,001533018;0,093892932;0
9135;15;30,6432274;50,16666667;10,20021179;8,258351326;2,067916493;4,647495151;0
9136;10;24,43676464;38,33333333;8,480467772;8,259552002;1,312208271;1,918239474;0
9137;10;20,47795544;30,5;12,27289201;8,259893417;1,239272294;1,627622604;0
9138;10;17,11466526;25,83333333;9,539972203;8,260281563;1,123445949;1,091007829;0
9139;15;33,91050471;50,16666667;10,42741744;8,260678291;1,856552368;4,173602939;0
9140;10;5,342611695;7,5;8,703866273;8,260750771;0,995220075;0,237225294;0
9141;10;18,65165182;24;8,533570262;8,260958672;1,220474123;1,1195575;0
9142;15;23,69758689;33,16666667;12,57151985;8,261479378;1,603203975;3,036809325;0
9143;10;7,390586995;7;9,393561111;8,26268959;1,02070339;0,172149539;0
9144;10;7,736532153;9;10,04082055;8,263611794;1,108714348;0,246379256;0
9145;15;4,297500992;7,333333333;7,297698591;8,264058113;1,013531785;0,179452419;0
9146;10;19,74655365;62,5;8,411884671;8,264656067;1,324802832;2,995828032;0
9147;15;22,34178813;28,66666667;9,931235405;8,264799118;1,466725643;1,930796146;0
9148;10;10,03431182;10,66666667;9,174297948;8,266236305;1,105390891;0,407083631;0
9149;10;13,38110364;26,33333333;8,660675668;8,267191887;1,177306105;1,190589428;0
9150;15;25,35157503;40;11,40050398;8,26738739;1,775845007;3,287779808;0
9151;10;37,70599558;46,5;10,54306271;8,267398834;1,843705164;3,7398597;0
9152;15;7,034448533;8,333333333;11,66048661;8,267663002;1,087798042;0,645651937;0
9153;15;23,90821136;39,83333333;7,938653487;8,26854229;1,415978842;1,442828417;0
9154;15;34,28904444;45,33333333;11,19805668;8,27077961;2,240228236;5,052449226;0
9155;15;11,84571651;32,83333333;10,18501087;8,271195412;1,373876771;1,943968654;0
9156;15;13,01499005;13,16666667;10,17793561;8,271312714;1,200306081;0,795766234;0
9157;10;6,08799622;6,5;9,954352405;8,271595955;1,001287857;0,023765802;0
9158;10;9,984250253;9,5;10,4198344;8,271708488;1,05783912;0,300868988;0
9159;15;15,99130311;29,5;11,09554055;8,271714211;1,315780743;1,744184613;0
9160;15;19,63323111;25,83333333;11,33240973;8,273409843;1,32200602;2,071347833;0
9161;15;6,180113725;11,66666667;12,00804031;8,274472237;1,096696931;0,459785819;0
9162;15;33,30305237;81,66666667;9,549782087;8,274531364;1,50636238;4,550315261;0
9163;15;23,67812374;39,83333333;7,364351828;8,276434898;1,396332431;2,320436358;0
9164;10;14,71159287;17,16666667;8,528767776;8,277526855;1,126198391;0,73675108;0
9165;15;7,238196836;8,166666667;12,85217423;8,278887749;1,080159035;0,363845944;0
9166;15;16,38478439;21,33333333;11,12530375;8,279559135;1,31199297;1,480981231;0
9167;10;7,566038111;7,666666667;11,52655152;8,280147552;0,98021236;0,189716935;0
9168;10;11,27930884;9,5;10,50848797;8,280435562;1,165019154;0,455108643;0
9169;10;25,95743036;32,66666667;10,67470971;8,280997276;1,549760324;2,261538506;0
9170;10;9,938837999;11,33333333;9,587736445;8,281190872;1,145583276;0,433983684;0
9171;10;11,36845113;18,5;10,5915179;8,28353405;1,09093894;0,623378634;0
9172;10;6,712536907;7,5;8,864753555;8,285185814;1,009601814;0,122232199;0
9173;15;8,601954764;8,166666667;10,88780927;8,285469055;1,039063679;0,29918766;0
9174;15;12,15407745;26;7,308946224;8,285996437;1,130325242;0,806987524;0
9175;10;15,04650807;20,16666667;10,03804423;8,286239624;1,178073535;0,935481071;0
9176;10;30,05778503;31,66666667;9,465983171;8,286367416;1,380624269;1,869039059;0
9177;15;4,689017847;5,5;11,0378484;8,286972046;1,20110243;0,071681857;0
9178;15;33,67868544;42,16666667;10,15659588;8,288488388;1,421684099;2,990935326;0
9179;15;17,00005014;35,5;10,44125442;8,289430618;1,277119516;1,816548228;0
9180;15;16,97159884;30,5;10,23326183;8,289731026;1,714507748;2,193318963;0
9181;10;6,34563321;6,166666667;9,933502032;8,290180206;0,962566657;0,081345201;0
9182;15;35,80852358;47,5;11,09343354;8,290661812;2,400578749;5,903199434;0
9183;15;21,54542053;38;9,748493249;8,290938377;1,304019543;1,360101581;0
9184;10;9,10500411;12;8,946800757;8,291297913;1,000826176;0,323282838;0
9185;15;46,57578074;69,33333333;10,5090657;8,29133606;2,564462192;7,89505136;0
9186;10;7,695833816;7;11,53423879;8,291462898;1,078918322;0,193235993;0
9187;10;17,31639729;23,66666667;8,824288158;8,291664124;1,187443373;1,044125319;0
9188;10;32,6437332;37,5;10,34018817;8,291797638;1,594289475;2,770717621;0
9189;15;15,02945654;17,33333333;8,584676647;8,29287529;1,151391711;0,856442213;0
9190;15;19,76235685;29,33333333;10,66440338;8,293613434;1,495156511;2,003779769;0
9191;10;26,28832241;39,66666667;10,16861551;8,293830872;1,454725811;2,345288515;0
9192;10;31,89064632;50,16666667;9,902886534;8,294173241;1,781854393;3,535783529;0
9193;15;9,076460307;11,66666667;9,200788434;8,294351578;1,039228512;0,461852551;0
9194;10;10,72880398;11,33333333;11,22392737;8,294459343;1,011785349;0,732070446;0
9195;10;6,535806891;7,833333333;9,771590907;8,294745445;1,018764359;0,065334678;0
9196;15;22,38276066;39,83333333;9,228169338;8,297286034;1,61673246;2,702336431;0
9197;10;23,70469126;17;10,16916263;8,297332764;1,066451146;0,801051021;0
9198;10;6,261888888;6,5;8,082088817;8,297721863;0,887645413;0,089440346;0
9199;15;25,91225607;38,16666667;10,97518896;8,298056602;2,950054632;5,790218949;0
9200;15;29,37434269;48,5;11,65515127;8,299562454;1,640084303;3,808836341;0
9201;15;16,63254063;27,16666667;8,389791832;8,300470352;1,395177456;1,52338016;0
9202;10;10,57338036;10,16666667;12,15623512;8,301245689;1,012382049;0,066993952;0
9203;15;31,00575259;44,5;9,410839515;8,302083969;1,825449156;3,611785173;0
9204;15;20,25587971;29,66666667;10,49402094;8,302345276;1,240770362;2,049847841;0
9205;10;8,847058036;8,833333333;9,333007131;8,302538872;1,091074735;0,295146346;0
9206;15;9,000113615;69,66666667;10,57630264;8,302721977;1,573059283;4,299735904;0
9207;15;29,40923503;65,16666667;9,119627546;8,303060532;1,508155286;3,688882947;0
9208;15;7,870895132;37,16666667;9,190066162;8,303661346;1,689643755;2,904497027;0
9209;10;10,14698562;15,16666667;7,554947555;8,304543495;1,002638636;0,437868595;0
9210;10;18,52176054;22;11,16418225;8,306512833;1,490231581;1,211903453;0
9211;15;4,28947383;15,16666667;9,373539752;8,306908607;1,16111486;0,829903841;0
9212;15;15,36065669;25,33333333;7,389279686;8,308465004;1,301667146;1,357866168;0
9213;15;13,34767054;21,33333333;10,77589608;8,309038162;1,351782077;1,321245313;0
9214;10;22,18479976;30,66666667;10,23244069;8,30937767;1,405325658;1,558278799;0
9215;15;9,876894623;21,33333333;10,09793145;8,311246872;1,038092382;0,727073431;0
9216;15;23,39004907;30,33333333;10,12787532;8,311310768;1,650279965;2,471895695;0
9217;15;27,04430414;53,66666667;10,88437678;8,313056946;1,831150728;4,02392745;0
9218;10;8,686402989;14,83333333;11,41803245;8,313266754;1,025319981;0,226177216;0
9219;15;16,888087;28;10,39114454;8,313544273;1,283538133;1,503525496;0
9220;15;12,96481295;9,333333333;9,957282938;8,314988136;1,133828401;0,46992135;0
9221;15;8,817022702;10;8,647164556;8,315114975;1,089028505;0,324736834;0
9222;15;14,21690992;23,33333333;8,586104711;8,315533638;1,172456467;0,703425527;0
9223;10;12,05385189;29,33333333;9,958932918;8,315637589;1,368134445;1,576259255;0
9224;10;16,58602625;27,33333333;8,86346868;8,31584549;1,194180091;0,999877214;0
9225;15;29,02106477;45,66666667;9,822132515;8,31589222;1,928801751;3,885220885;0
9226;15;32,98159261;61,16666667;9,649290694;8,315966606;2,750100062;7,015818;0
9227;15;26,45841395;31;10,37729114;8,316137314;1,538935323;2,282563567;0
9228;10;14,5607315;16;10,34802766;8,31643486;1,12972837;0,653270721;0
9229;10;15,37762477;18;10,22887355;8,318418503;1,31627489;0,753896713;0
9230;15;24,76356147;46,66666667;9,446976679;8,318507195;1,876703187;3,605808496;0
9231;10;27,96547068;41,33333333;9,063685035;8,319190025;1,529922168;2,570486903;0
9232;10;9,421909801;10,16666667;10,02773575;8,320833206;1,036216783;0,329467416;0
9233;15;21,96439747;30,16666667;9,802807642;8,321232796;1,436549152;1,970475435;0
9234;15;21,4219401;29,16666667;9,589265605;8,322795868;1,422910377;1,899412394;0
9235;10;7,577693056;6;12,71277526;8,322966576;1,020279744;0,06064868;0
9236;10;22,61493;31;10,87766883;8,323188782;1,371092709;1,98530674;0
9237;15;5,942080084;7;8,944326959;8,323209763;1,05237491;0,167865038;0
9238;15;11,42410443;14,16666667;10,14965315;8,325116158;1,154920138;0,769549012;0
9239;15;14,15034913;18,83333333;8,71915678;8,32514286;1,248558797;1,010667324;0
9240;10;7,58424346;7,333333333;11,85597607;8,325279236;1,11781208;0,264642119;0
9241;10;24,68555175;51,5;10,92393338;8,325450897;1,424274629;2,685398579;0
9242;15;26,53579997;60,33333333;11,10558147;8,326635361;2,023920978;4,889942408;0
9243;15;36,92934392;67,83333333;11,13038673;8,327023506;3,088463615;8,011102438;0
9244;15;24,98463292;38;9,871992171;8,32837677;1,801986084;2,909916282;0
9245;10;23,59036751;32,83333333;10,7643392;8,329071999;1,431425194;2,038017392;0
9246;15;38,75154415;87,83333333;9,520577876;8,329322815;2,158121368;7,196479321;0
9247;10;14,51452056;20;10,62737507;8,329834938;1,224839476;0,786896944;0
9248;15;28,49310119;15;13,21413523;8,330432892;1,423455431;1,634471774;0
9249;10;24,73686341;40,66666667;9,455309682;8,331472397;1,504895789;2,305260897;0
9250;15;10,84572901;6,333333333;13,00826974;8,333106041;1,127593149;0,289898157;0
9251;10;4,418117284;12,66666667;10,14837505;8,333146095;1,142399846;0,589212418;0
9252;10;6,463483081;8,333333333;8,127758347;8,333597183;0,938642597;0,142797351;0
9253;15;37,11418662;70,5;9,286076227;8,334247589;1,597337668;4,597871304;0
9254;15;26,2848621;40,83333333;8,794832171;8,336204529;1,827604066;3,341936588;0
9255;10;17,9024817;29,5;11,82025247;8,336340904;1,412692179;1,301223636;0
9256;15;27,44978737;27,5;10,00196949;8,336382866;1,591432221;2,440682888;0
9257;10;5,390735203;11;10,83473406;8,336763382;1,017106093;0,266146898;0
9258;15;9,227814168;13;9,15800084;8,337032318;1,137848234;0,55713141;0
9259;15;24,24152414;41,66666667;9,072257514;8,338316917;1,811195691;3,167529702;0
9260;15;11,00349834;73,16666667;9,823658311;8,338496208;2,650799802;7,588104725;0
9261;10;19,69975466;29,16666667;9,427980148;8,338740349;1,253791051;0,986442566;0
9262;15;15,20277455;33;9,624007621;8,339664459;1,240509321;1,554831147;0
9263;10;26,20556098;39,83333333;9,935962988;8,341619492;1,607113229;2,34633708;0
9264;15;12,08733142;18,16666667;9,170862315;8,341898918;1,329774737;1,010872841;0
9265;15;11,3843962;16,33333333;10,18494971;8,342329025;1,326712386;0,916933298;0
9266;15;35,27620395;41,33333333;10,07413136;8,343223572;2,012027067;4,322055459;0
9267;#N/A;11,5184866;14;10,92787061;8,343352318;1,059244212;0,545061469;0
9268;15;24,10568734;38,83333333;9,403223841;8,344572067;1,543743318;2,526398778;0
9269;15;22,95502914;33,88888889;10,47091527;8,344638824;1,48485291;1,630556703;0
9270;15;29,32785585;46,5;10,9278181;8,345086098;1,676107581;2,916628122;0
9271;15;10,32639947;22,66666667;12,12643781;8,345270157;1,122667753;0,460503578;0
9272;15;30,56754629;39,16666667;9,75676869;8,346164703;1,635550849;3,016425252;0
9273;15;34,02310087;46;9,141159695;8,347249985;1,842822991;4,098361015;0
9274;15;6,773280556;7,333333333;11,73868216;8,34771347;1,090993194;0,319200277;0
9275;15;5,045195549;7;8,390048115;8,347906113;1,002657902;0,119003773;0
9276;15;15,47621326;59,16666667;10,17512955;8,348243713;2,316205853;5,340461731;0
9277;10;17,54013262;26,16666667;8,833841771;8,348385811;1,179915121;1,137197971;0
9278;10;20,18800331;30,66666667;10,24250488;8,348465919;1,175822875;1,339467406;0
9279;15;38,02507563;66,16666667;8,878771192;8,348573685;2,293082572;6,282009721;0
9280;#N/A;10,31559934;12,33333333;11,16290595;8,34885788;0,942094855;0,314401627;0
9281;15;27,12226832;39,16666667;10,01654889;8,350646973;1,958511827;3,642747402;0
9282;10;17,40171448;22;9,555040938;8,351368904;1,187658652;0,991678119;0
9283;15;14,34653631;19,5;10,95676263;8,351541519;1,300674738;0,591801286;0
9284;15;4,483889078;5,333333333;12,82740156;8,351621628;0,99997746;0,052875638;0
9285;10;10,98992449;10,83333333;10,09374987;8,352164268;1,092691297;0,452730536;0
9286;10;36,57638859;56,5;7,528034629;8,352403641;1,618955257;3,534579992;0
9287;15;7,072615169;9,166666667;10,91773362;8,353134155;1,020960538;0,337336421;0
9288;10;15,87929666;20,33333333;11,48854616;8,353502274;1,24193952;1,072533607;0
9289;10;25,82246955;24,33333333;13,75179887;8,353702545;1,384957965;1,977025151;0
9290;15;27,11216678;37,33333333;9,842431617;8,353749275;1,858469611;3,435346842;0
9291;15;8,996699218;12;10,1983725;8,354094505;1,0976466;0,459287524;0
9292;15;19,83372501;29,5;8,973650347;8,354745865;1,353539831;1,660669327;0
9293;10;8,104715577;24,33333333;9,089060148;8,355682373;1,026149101;0,129577398;0
9294;15;13,29394924;55,33333333;10,31714411;8,35616684;2,446347783;5,714933991;0
9295;10;9,839417566;10,55555556;9,420764584;8,356370926;1,015575151;0,198022723;0
9296;15;9,517802254;16;9,829822954;8,35644722;1,150853175;0,833384633;0
9297;10;26,14819578;40,33333333;9,991840782;8,356886864;1,426219931;2,266609311;0
9298;15;28,21188402;45,33333333;9,475480108;8,356954575;1,77321608;3,471366525;0
9299;15;25,04102512;29,83333333;10,00709413;8,35725975;1,471479546;2,140492916;0
9300;15;9,537694312;14,33333333;9,721602326;8,35781765;1,089375803;0,554845929;0
9301;15;8,6786164;9,5;8,457602716;8,358161926;1,100354697;0,399664164;0
9302;15;27,57771007;39;9,011936203;8,358372688;1,699356909;3,039749265;0
9303;15;40,79621221;48,33333333;10,67747616;8,35914135;2,321307286;5,763818383;0
9304;10;8,752080254;8,333333333;9,340640239;8,359251976;1,042320515;0,212468863;0
9305;15;41,99637782;32;10,95444157;8,359622002;1,8603674;4,059284925;0
9306;15;27,33695118;42,33333333;10,03128814;8,359704971;1,730235728;3,251377702;0
9307;15;5,519157974;6,333333333;9,045173493;8,359765053;1,439631319;0,150363207;0
9308;10;18,84155217;27,5;9,626958495;8,362386703;1,299069403;1,37683773;0
9309;15;23,53403093;27,66666667;10,56322488;8,363326073;1,502163381;2,180293083;0
9310;15;21,83493237;38,5;9,756661049;8,365967751;1,56216809;2,456374526;0
9311;10;6,326506448;6,666666667;6,438897483;8,366398811;0,903878761;0,12015903;0
9312;15;32,26663828;57,83333333;10,05938134;8,366455078;2,26499077;5,483977914;0
9313;15;13,38166974;15,33333333;10,97188307;8,367595673;1,188722633;1,003954887;0
9314;10;7,618744566;8,333333333;9,853403228;8,367917061;1,033250962;0,212303042;0
9315;15;9,028752012;8,333333333;10,0957016;8,368635178;1,169030529;0,406532764;0
9316;15;25,07719075;30,5;10,27311877;8,368654251;1,578247867;2,463319182;0
9317;15;24,8594005;62,5;10,88036545;8,369241714;1,783143576;4,247773528;0
9318;15;7,137186338;9,666666667;9,652518617;8,369549751;1,119692013;0,352424502;0
9319;10;11,12518768;13,83333333;8,27948256;8,370205879;1,077171353;0,509832144;0
9320;15;3,871421047;5;11,31597298;8,371340752;1;0,000647664;0
9321;15;32,55655714;48,5;9,913557572;8,372365952;1,87874807;4,142250419;0
9322;10;30,93795201;44,83333333;10,57067014;8,373842239;1,341641319;2,480229616;0
9323;15;30,94584209;65,33333333;9,329590433;8,376770973;1,626265544;4,245372891;0
9324;10;12,55532661;15,33333333;10,76659974;8,376846313;1,167323382;0,696402192;0
9325;10;26,71337033;33,16666667;12,39552045;8,377085686;1,581066865;2,778111696;0
9326;10;17,59035316;29,5;10,98659031;8,377541542;1,468676705;1,7541188;0
9327;15;27,58001277;48,5;9,636806515;8,378461838;1,742741314;3,363196373;0
9328;15;3,815602334;6,833333333;10,64998844;8,379282951;1,010001902;0,026528478;0
9329;10;8,65869682;13,5;10,10496693;8,380391121;1,000521179;0,022455692;0
9330;15;17,95946673;22,16666667;10,3857969;8,380745888;1,380126168;1,485841155;0
9331;10;23,93397219;55;10,85142553;8,383196831;1,928320985;4,193036437;0
9332;15;34,92891287;65,33333333;9,61113696;8,384068489;1,950002126;5,281345844;0
9333;15;15,40197228;15,83333333;10,11558873;8,386269569;1,197005455;0,960360169;0
9334;15;11,88227952;10,5;11,02338864;8,387415886;1,075025286;0,522856712;0
9335;10;5,692385045;5,666666667;10,11368577;8,387869835;1,030367139;0,078406096;0
9336;15;34,27269746;43,5;10,51672477;8,388643265;2,037096032;4,486392736;0
9337;15;7,786335028;13,66666667;9,212357517;8,388813972;1,098722896;0,480588794;0
9338;15;22,74194693;37,33333333;11,13441555;8,388888359;1,826572011;3,487484455;0
9339;15;28,37070445;48,33333333;10,41322589;8,390109062;2,55947406;5,491146445;0
9340;15;15,32395973;35,66666667;11,05648468;8,390122414;1,200769012;0,718393683;0
9341;10;6,354664624;13,5;9,521446846;8,390435219;1,17301824;0,639014125;0
9342;15;34,04988445;66,33333333;10,69755798;8,391770363;3,365384567;9,385720611;0
9343;10;6,034396047;5,666666667;10,82284768;8,391898155;1,155595807;0,077864528;0
9344;15;28,03219043;50,33333333;10,26012114;8,392063141;2,100392643;4,458927989;0
9345;10;7,14929055;6,833333333;12,71487051;8,392267227;1,022373436;0,236442089;0
9346;10;16,60334557;14,83333333;10,44307734;8,392771721;1,177517054;0,795470595;0
9347;10;12,10901186;13,44444444;9,048562804;8,394859314;1,005879091;0,349012256;0
9348;15;15,95630609;31,66666667;7,742691659;8,39571476;1,378645537;1,705209374;0
9349;15;17,47298935;24,66666667;13,37864427;8,398486137;1,651151954;2,359057665;0
9350;15;32,82632214;46,16666667;10,97993947;8,399100304;2,207024188;5,162905574;0
9351;10;4,717979342;5,166666667;7,444694897;8,399126053;0,554236311;0,004814029;0
9352;15;39,54719954;58;10,31920712;8,399522781;2,486770424;6,97487545;0
9353;15;18,79444796;32,5;9,366881614;8,400817871;1,440319128;1,946616292;0
9354;10;9,168488964;8,777777778;9,628059041;8,400932312;1,031994884;0,247274756;0
9355;10;5,625790306;6,166666667;11,09071856;8,402162552;1,000843718;0,061783671;0
9356;10;18,95416102;36;8,362857615;8,403083801;1,05232956;1,336981177;0
9357;15;32,23579397;51,66666667;8,397310198;8,403737068;1,942667623;4,18268609;0
9358;10;5,844026259;5,666666667;9,151267534;8,404482841;0,865758238;0,075049758;0
9359;15;30,88085672;70,83333333;7,874241762;8,405020714;1,328214381;3,651125789;0
9360;10;19,177603;19,16666667;8,475299079;8,405190468;1,250431841;0,978466392;0
9361;10;9,208993254;12,16666667;8,260238934;8,40670681;1,031945971;0,39614284;0
9362;10;8,005964021;9,166666667;9,887752307;8,406814575;1,067454311;0,257965684;0
9363;10;10,38215089;8,833333333;11,04729883;8,406833649;1,042680669;0,310443044;0
9364;15;25,01258452;41,5;11,1227347;8,407093048;1,989311856;3,764429808;0
9365;10;27,15159846;33,66666667;11,17440875;8,407219887;1,451572471;2,377069235;0
9366;15;20,67696484;32,66666667;9,382724271;8,407227516;1,364153249;2,083086491;0
9367;15;29,67181052;49,5;8,286352688;8,408158302;1,669941437;3,583873034;0
9368;10;6,46250066;6,333333333;10,31984199;8,408583641;1,087865124;0,115840197;0
9369;15;10,28451708;6,666666667;10,16717988;8,410190582;1,152953362;0,347085714;0
9370;15;27,2559817;39,33333333;10,63291612;8,412958145;1,888475176;3,560627937;0
9371;15;29,34288264;45,83333333;10,62148519;8,413443565;1,765205186;3,821750522;0
9372;10;27,1021963;38,83333333;10,83689043;8,413534164;1,354543253;2,131335378;0
9373;15;19,80105097;44,5;9,837343352;8,413606644;1,468653146;2,39014256;0
9374;15;37,06671422;80,83333333;11,47593867;8,414299965;2,232996584;7,373012543;0
9375;10;15,94063652;19,5;8,247761705;8,414415359;1,163083052;0,853983164;0
9376;10;6,865243525;18,5;9,930252733;8,415045738;1,282689974;0,886543274;0
9377;10;28,1814707;36;9,047237817;8,415751457;1,385706213;2,081347942;0
9378;15;18,86680024;41;9,040111465;8,416269302;1,371372313;2,185719609;0
9379;15;31,77514289;46,5;9,654464654;8,418007851;2,016975492;4,275945663;0
9380;10;19,01358863;21;9,373468052;8,418756485;1,33349581;1,227280021;0
9381;10;10,81714989;12,83333333;10,28889563;8,419136047;1,089232809;0,474887967;0
9382;15;50,34964511;94,83333333;11,1042887;8,419490814;2,620669448;9,40818584;0
9383;15;35,46691546;57,83333333;9,457530569;8,419516563;2,389833203;5,96002996;0
9384;10;22,49544015;18,33333333;11,72998658;8,419888496;1,311100385;1,194177389;0
9385;15;4,306354074;5,333333333;11,20888982;8,420118332;1,000962464;0,013570786;0
9386;15;15,72931777;28,16666667;9,777752708;8,421120644;1,325622884;1,580653667;0
9387;10;16,42723697;20;10,71963947;8,421460152;1,160097677;0,997277379;0
9388;15;36,76052345;53,16666667;11,34079988;8,42148304;2,554413872;6,450028062;0
9389;15;22,21624395;35,33333333;9,540901564;8,421746254;1,441821025;2,327537537;0
9390;15;12,00816603;18,66666667;11,84284614;8,421943665;1,143523056;1,038696647;0
9391;10;22,55709067;29,66666667;11,62323795;8,422521591;1,383775218;1,879857302;0
9392;10;23,85407242;21,16666667;12,2357996;8,423138618;1,345994024;1,704306722;0
9393;15;20,81976297;26,5;8,335310792;8,423430443;1,442613051;1,767935634;0
9394;10;16,26910679;22,16666667;11,37147016;8,423799515;1,230019313;1,121792436;0
9395;10;15,51983816;21;10,56481639;8,423927307;1,141271224;0,954114318;0
9396;15;33,1863744;53,33333333;9,85281081;8,42550087;2,425652721;5,801900625;0
9397;15;30,18865538;44,16666667;10,83103986;8,426133156;1,90891662;4,120587945;0
9398;15;27,81035347;40,33333333;8,426839602;8,427213669;1,76475038;3,103017211;0
9399;15;21,69477412;29,5;9,372165628;8,428053856;1,349230364;1,895004272;0
9400;10;16,43039668;22,66666667;10,4852544;8,428137779;1,179323527;1,080465674;0
9401;15;23,12472343;35;10,52159178;8,4286623;1,42047516;1,859135985;0
9402;10;27,06931111;34,16666667;9,045902236;8,428882599;1,348026678;1,803804874;0
9403;10;12,73717914;12,83333333;11,61596834;8,429049492;1,093856302;0,541541219;0
9404;10;9,042606709;12,33333333;9,735782168;8,429472923;0,849933515;0,283899307;0
9405;15;42,66037721;80,66666667;10,09464266;8,430008888;2,84859692;9,245056152;0
9406;15;18,75010139;40,16666667;8,732401403;8,430515289;1,056176733;1,615267396;0
9407;15;21,96489193;37;9,910128696;8,431159973;1,643416861;2,59776175;0
9408;10;23,07552202;36,33333333;8,631364151;8,431735992;1,373907346;1,947463155;0
9409;10;6,776895358;9,666666667;11,26019255;8,432085037;1,053958422;0,297612548;0
9410;10;5,079462469;5,833333333;11,40176007;8,432760239;0,674779609;0,024904251;0
9411;15;12,44500798;34,83333333;8,810388187;8,433123589;1,604041266;2,464678168;0
9412;15;14,10434922;17,66666667;9,254833804;8,433282852;1,199462241;1,022966146;0
9413;10;19,73142031;24,16666667;9,768334189;8,434241295;1,191213874;1,10566318;0
9414;15;32,90848983;56,66666667;10,62571442;8,434659958;2,665591972;6,717017531;0
9415;10;15,66009429;16,5;9,798218598;8,434791565;1,270250223;0,83340013;0
9416;15;28,95816984;52,83333333;10,19949133;8,438523293;2,04220359;4,74890542;0
9417;10;11,0138773;29;9,929479639;8,438626289;1,291939302;1,500602603;0
9418;15;13,06015141;16,5;12,03984027;8,439026833;1,19947696;1,175218344;0
9419;10;13,24041259;14,16666667;11,44451638;8,439598083;1,110831433;0,65178597;0
9420;10;34,68704607;95;9,021823304;8,439753532;1,636676241;5,914477229;0
9421;10;16,03603472;48,5;12,23735325;8,442126274;1,590578559;3,063341856;0
9422;15;4,423058226;5,333333333;6,95840634;8,443087578;0,940654591;0,033235192;0
9423;15;25,99472694;30,33333333;9,075382855;8,443173409;1,654937029;2,474819899;0
9424;10;8,830720994;7,5;8,880640278;8,445158005;1,045388385;0,26825428;0
9425;10;16,03332863;13,5;11,09453931;8,446162224;1,102727843;0,754344583;0
9426;15;28,82363031;53,16666667;10,0667268;8,446580887;2,172222681;4,951643229;0
9427;10;11,03237978;15,5;10,56863845;8,448360443;1,046531081;0,273422837;0
9428;15;18,90783979;27,33333333;8,477088273;8,451301575;1,160437056;1,379748225;0
9429;15;16,47280471;31,5;11,94114253;8,451936722;1,342439896;1,719007254;0
9430;15;5,365404611;7,666666667;12,87644287;8,452190399;1,071412035;0,307766199;0
9431;15;25,96713751;44,5;10,47626483;8,452277184;1,896170022;3,870880604;0
9432;15;29,01431006;43,5;10,47004485;8,452515602;1,675158749;3,731265187;0
9433;15;26,45916721;42,16666667;9,380275359;8,452962875;1,505448821;2,787843823;0
9434;10;9,785958381;10,83333333;8,211544113;8,453626633;1,047243367;0,273963094;0
9435;15;8,614652813;9;11,73751871;8,455192566;1,119655434;0,610639811;0
9436;15;7,245683849;13,66666667;11,82814058;8,457390785;1,063074353;0,810814261;0
9437;15;20,33156703;36,5;9,721063577;8,458175659;1,320301739;1,991013885;0
9438;15;18,75105732;22,5;10,71622488;8,458463669;1,205836688;1,899054766;0
9439;15;20,86867585;49,5;10,25588897;8,458512306;1,695702557;3,315469146;0
9440;15;23,56067656;31,83333333;10,37733931;8,458600998;1,594216955;2,729841948;0
9441;15;28,61803858;64,33333333;9,566238575;8,458908081;1,650149277;4,222458124;0
9442;10;14,80080116;15,33333333;9,746023353;8,459032059;1,286901234;0,853564143;0
9443;10;19,38792162;27,66666667;10,63880536;8,459038734;1,349598479;1,545413256;0
9444;10;12,07197677;12,5;10,55385189;8,459615707;1,144440461;0,479635954;0
9445;15;29,45596912;41,66666667;9,315239733;8,459751129;1,471317318;2,935291529;0
9446;15;16,31376757;15,83333333;8,846033024;8,460636139;1,188702619;0,788746834;0
9447;10;9,969707441;17;11,08090016;8,460699081;1,117175146;0,678382277;0
9448;10;5,437807947;49,33333333;9,215708973;8,463785172;1,122140361;2,160353661;0
9449;10;3,887782608;11,66666667;9,076480045;8,464168549;1,093290243;0,394250512;0
9450;10;13,39855878;24,66666667;10,49877342;8,465480804;1,062325542;0,23044157;0
9451;15;28,96185505;53,16666667;10,48365664;8,466914177;2,283803275;5,213333249;0
9452;15;27,07878807;37,5;10,76563084;8,467103958;1,789543069;3,339056373;0
9453;15;23,96351501;31,5;9,894140456;8,467539787;1,60843768;2,597890854;0
9454;10;7,847386966;7,166666667;8,895796664;8,467582703;1,093459962;0,189088583;0
9455;15;11,44606839;17;11,14074385;8,467840195;1,189291043;0,951858401;0
9456;15;5,801944603;6,666666667;9,473184546;8,46807003;1,02918003;0,161001801;0
9457;15;8,423203509;10,5;13,39092465;8,468712807;1,107353495;1,696831226;0
9458;10;33,17928208;66,83333333;10,38334205;8,469180107;1,43178295;3,727097154;0
9459;15;30,33247633;47;9,080266095;8,471414566;1,88100406;3,951404333;0
9460;10;26,42654913;34,16666667;11,22943499;8,472659111;1,569684654;2,409140229;0
9461;15;10,80508173;53,33333333;10,17462199;8,474101067;2,396930464;6,03285706;0
9462;10;16,2343506;26,33333333;9,345962788;8,474347115;1,281207103;1,251216173;0
9463;10;13,42551609;40,66666667;10,04864141;8,474740982;1,707037165;2,793572426;0
9464;15;16,74494216;40,83333333;11,54684064;8,474986076;1,152813432;1,920957685;0
9465;10;13,3861404;18,83333333;9,380859468;8,475072861;1,173222208;0,796714306;0
9466;15;14,59681819;17,5;10,93688334;8,475283623;1,226585861;1,037755966;0
9467;15;10,16703714;25,5;11,19072754;8,475296021;1,027195326;0,161994934;0
9468;15;15,42062678;29,5;11,83544579;8,475576401;1,296373973;1,804900169;0
9469;10;17,17363223;28;9,716309945;8,476538658;1,287786855;1,282720208;0
9470;10;33,60088512;65;8,654990971;8,476587296;1,335804132;3,294775605;0
9471;15;20,73217711;32,16666667;8,851818858;8,476873398;1,425474461;2,061229467;0
9472;15;32,1667576;42,83333333;11,1043404;8,47701931;2,050907997;4,423755646;0
9473;15;3,472339471;6,333333333;10,30767906;8,477548599;1,042588711;0,343341112;0
9474;15;16,46547476;21,5;9,123549098;8,477585793;1,248686553;0,986719251;0
9475;15;6,287186553;8,5;10,9568942;8,478279114;1,072206155;0,312871099;0
9476;10;6,74060424;11,5;10,11840583;8,478772163;0,837992029;0,25713706;0
9477;15;30,58663373;49,83333333;9,840770718;8,479042053;2,233908775;4,940752149;0
9478;10;22,31224423;29,5;11,32884132;8,479101181;1,467686022;1,890452623;0
9479;10;6,825042814;5,166666667;11,39953348;8,480480194;0,990693921;0,018618703;0
9480;15;19,779639;26,83333333;10,01493656;8,480852127;1,351575739;1,785248637;0
9481;15;23,74791938;45,16666667;9,855139512;8,48218441;1,77216601;3,301670551;0
9482;10;28,24072834;35,33333333;10,75627893;8,48222065;1,512697092;2,502155542;0
9483;15;24,39854799;44,16666667;10,56282971;8,482544899;1,799586195;3,447694182;0
9484;10;15,18897885;19;11,18186348;8,482892036;1,172360545;0,911311865;0
9485;10;4,270346684;6,833333333;11,63162889;8,483517647;1,090606872;0,114461541;0
9486;10;34,37376351;50,83333333;9,04088606;8,483925819;1,549165016;3,212215543;0
9487;15;4,204666606;5,333333333;12,83631759;8,484354019;0,900927671;0,025145769;0
9488;10;16,47164255;23,33333333;9,743243585;8,484920502;1,193249822;1,100995421;0
9489;10;15,4207843;19,66666667;12,23037897;8,485142708;1,186782996;0,989688635;0
9490;15;21,85895552;34,16666667;9,653186177;8,486149788;1,611214217;3,135360479;0
9491;10;13,17250377;17,83333333;10,08982879;8,486347198;1,164287813;0,741629481;0
9492;15;24,96622967;41,83333333;7,676877343;8,486758232;1,532301365;2,701869369;0
9493;15;8,42846694;34,83333333;11,10512425;8,487680435;1,69523962;2,92482698;0
9494;10;14,27830649;18,5;8,92044309;8,487900734;1,169291313;0,740777731;0
9495;10;22,53801881;38,16666667;10,89072281;8,488497734;1,39712548;1,98559773;0
9496;10;23,77790328;37,33333333;9,614692806;8,488853455;1,274117205;1,936216831;0
9497;10;9,636872653;23,83333333;12,07647839;8,488965034;1,229091718;1,224252224;0
9498;15;33,89180417;41,16666667;10,21055372;8,490919113;1,82592372;3,68315208;0
9499;10;24,61019752;37,5;8,040445789;8,492589951;1,501242983;1,819445014;0
9500;15;34,4745724;37,16666667;10,78372074;8,493183136;2,009518957;4,26045537;0
9501;15;12,12125442;12,16666667;8,727847888;8,493253708;1,152798634;0,612484455;0
9502;10;10,93668651;12,83333333;11,11307122;8,493481636;1,086952725;0,428457379;0
9503;10;16,6063085;17,83333333;11,03086483;8,493885994;1,145649633;0,9518224;0
9504;15;34,06419206;51;9,440583631;8,494058609;2,075133632;4,779294968;0
9505;15;9,888986901;20,5;8,563079988;8,494773865;1,290593846;1,198877335;0
9506;15;11,28705491;17,33333333;10,29303578;8,495182037;1,030715073;0,595699191;0
9507;10;13,39054378;12,33333333;10,04005;8,4953022;1,099646687;0,771287799;0
9508;15;33,20747578;50,16666667;10,48239631;8,495751381;2,212774098;5,230835319;0
9509;15;5,477705016;5,5;12,89502618;8,495838165;1,04979133;0,124831557;0
9510;15;34,8030682;65,5;10,11521726;8,496715546;2,410412493;6,972790599;0
9511;15;27,66780172;48,77777778;12,0289253;8,497020721;1,899227172;3,541134119;0
9512;10;9,335408895;7,333333333;12,53250831;8,497394562;1,083689399;0,437526345;0
9513;10;17,66415101;27,83333333;8,935316508;8,497958183;1,251832719;1,098298669;0
9514;10;17,63968852;16,33333333;10,12880468;8,498711586;1,183420376;0,854241014;0
9515;10;11,38082803;17;8,991183235;8,499544144;1,07096018;0,601094246;0
9516;10;16,37434894;31,66666667;9,810466968;8,499904633;0,882746462;1,012137771;0
9517;10;20,32264554;30,5;8,897825013;8,501601219;1,341234041;1,665825129;0
9518;15;21,04497849;21,66666667;8,225336502;8,50224781;1,228988209;1,047585845;0
9519;15;8,726476495;10,83333333;12,03749214;8,502383232;1,158071353;0,518382788;0
9520;10;9,461258353;10,33333333;9,099461134;8,502644539;1,029735654;0,198563099;0
9521;15;24,2079385;32,66666667;8,736679265;8,503550529;1,555035938;2,305243015;0
9522;10;12,05179803;13,5;9,538308913;8,503585815;1,071715674;0,354617834;0
9523;15;29,76722349;59,33333333;7,2050731;8,504332542;1,879111466;4,483575463;0
9524;15;36,26300533;58,33333333;9,638686382;8,504629135;1,975818659;5,127951145;0
9525;10;9,94885249;13,16666667;11,86312166;8,505267143;1,102895705;0,416252375;0
9526;15;28,20219614;43;9,561875169;8,506266594;1,727693977;3,295343995;0
9527;10;24,88529051;29,83333333;10,95635444;8,507136345;1,452122343;1,996451259;0
9528;15;8,291499565;13,16666667;10,62754672;8,507152557;1,08324875;0,530337095;0
9529;15;28,93663932;40,16666667;11,29661362;8,509202003;1,717137197;3,638036847;0
9530;15;7,462000397;7,5;13,44003794;8,509542465;1,091218845;0,487964749;0
9531;15;14,64977341;32,16666667;9,426830465;8,509774208;1,287877458;1,636744738;0
9532;15;24,79863923;56,16666667;11,68649681;8,511328697;3,005357789;8,443171144;0
9533;15;19,29623871;32,33333333;11,15065691;8,512172699;1,371194993;1,999460697;0
9534;15;7,240889089;7,666666667;11,91609827;8,5125494;1,089023127;0,406887293;0
9535;10;22,95792788;29,5;10,39301641;8,513237;1,414440495;1,860917807;0
9536;10;14,73837888;15,66666667;8,773615452;8,513557434;1,18551088;0,777415752;0
9537;15;13,15299978;29,33333333;10,69393751;8,514399529;1,275859618;2,040819049;0
9538;10;12,87223914;13;8,561928859;8,514717102;1,149263015;0,496312737;0
9539;10;11,2805293;34,16666667;10,80512709;8,515372276;1,590049837;2,544977784;0
9540;15;5,080900683;5,5;11,7367756;8,515525818;1,010306303;0,07463336;0
9541;10;11,82193138;15,33333333;9,541554251;8,516080856;1,250898449;0,690820575;0
9542;10;19,17520908;22,16666667;10,63960415;8,516360283;1,26007774;1,292756438;0
9543;15;36,48704107;54,16666667;8,908777933;8,518377304;2,179306746;5,360762;0
9544;10;6,919323825;6,166666667;10,49637628;8,519953728;1,049931031;0,152295828;0
9545;15;22,39062386;27,33333333;10,05447784;8,520026207;1,42431936;2,000534534;0
9546;15;22,16924533;30,83333333;9,663146767;8,520090103;1,512836822;2,587224126;0
9547;15;24,11078286;45;10,31492383;8,521108627;1,714726168;3,338795066;0
9548;10;10,60672737;12,33333333;10,94438514;8,521348953;1,074897489;0,28466332;0
9549;15;21,91353026;40;10,63411941;8,522669792;1,461342571;2,619496822;0
9550;10;27,0719664;44;9,998968495;8,522867203;1,839200446;3,216783524;0
9551;10;14,72736687;20,5;9,222780882;8,523224831;1,117506514;0,83925128;0
9552;15;5,102022165;5,5;7,806508979;8,523298264;0,91416799;0,079124689;0
9553;15;5,988679303;8,333333333;12,39074018;8,524420738;1,046170031;0,376934409;0
9554;15;24,30223853;37;10,51701629;8,524736404;1,776840813;3,102501631;0
9555;15;32,93436605;50,33333333;10,16250386;8,524921417;2,384164031;5,806204438;0
9556;15;21,52596979;33,16666667;9,024688556;8,525396347;1,408936697;2,053741813;0
9557;15;15,50969759;10,16666667;10,82501827;8,526309013;1,168896539;0,964907408;0
9558;15;24,43822864;39;10,57396827;8,527570724;1,495210249;2,686124206;0
9559;15;16,66815814;24,66666667;10,28220801;8,527949333;1,395708308;1,63045454;0
9560;15;13,40213665;18,66666667;8,928760666;8,52837944;1,275290876;1,067314148;0
9561;15;29,29971604;57,16666667;9,606302926;8,528753281;2,118484182;5,09580791;0
9562;15;9,35495899;11,16666667;8,173321707;8,529057503;1,177958247;0,566016674;0
9563;15;29,75114155;37,66666667;9,219168963;8,529168129;1,725943099;3,159397721;0
9564;15;36,13440397;46,11111111;10,56138138;8,529982567;2,044144619;4,756442308;0
9565;10;8,189661878;29,16666667;12,48339765;8,530755043;1,059214157;1,104791999;0
9566;10;17,33512303;29;8,853997773;8,531201363;1,153896873;1,208497167;0
9567;10;6,531322484;5;13,15502966;8,531770706;0,987972146;0,019047618;0
9568;15;13,6439628;15;10,98866454;8,532534599;1,38246671;1,298164368;0
9569;10;9,976670095;12,33333333;9,543209732;8,532711029;1,02883571;0,414408326;0
9570;15;34,83617238;57,33333333;11,3980301;8,532743454;2,658042256;7,33067286;0
9571;15;28,31692401;40;10,55359587;8,53394413;1,853256958;3,633383989;0
9572;15;28,17521951;39,83333333;9,896497376;8,535177231;1,586852517;3,291767478;0
9573;15;15,68198183;26,16666667;10,55337854;8,536054611;1,440220825;1,586418867;0
9574;10;24,00930173;33,16666667;11,70895744;8,536747932;1,483300089;2,134861588;0
9575;10;6,348466296;6,833333333;11,87977206;8,53738308;1,013054412;0,135290623;0
9576;10;17,44083306;44;9,688490759;8,537757874;1,533253501;2,466879129;0
9577;15;7,858664927;12,5;9,531765414;8,538953781;1,257241248;0,697922349;0
9578;10;5,796761953;26,83333333;11,13479374;8,538981438;1,093690636;0,53272438;0
9579;10;33,11588805;44,33333333;11,62114757;8,540277481;1,964863858;3,881033659;0
9580;10;13,17489679;19,16666667;10,51769004;8,540660858;1,324986709;0,918555379;0
9581;10;3,822840215;5,333333333;5,726696223;8,540681839;0,658935054;0,013304234;0
9582;10;21,06159033;31,66666667;10,54344372;8,541392326;1,384658168;1,774450541;0
9583;10;10,59361312;15;7,269890295;8,544330597;0,877471768;0,50287807;0
9584;10;26,40434394;24,16666667;9,715458461;8,545355797;1,278646845;1,492367625;0
9585;15;36,98486775;44;10,87063554;8,545830727;1,841535263;4,116046548;0
9586;15;27,77198784;31,33333333;10,49398611;8,5461483;1,636196192;2,767514586;0
9587;15;12,27502839;20;10,69720999;8,546519279;1,098366932;0,47062254;0
9588;15;8,472974099;32,83333333;10,3116398;8,548614502;1,572315009;2,557983398;0
9589;10;39,02545139;81;9,182897362;8,549840927;1,245008783;3,844403982;0
9590;10;13,77745241;20,5;9,696453441;8,550350189;1,018300541;0,757102728;0
9591;15;16,90930977;36,83333333;10,5617923;8,551505089;1,37676794;1,932760119;0
9592;15;27,60596057;49,33333333;9,647047767;8,552941322;1,64260826;3,499673605;0
9593;10;21,42529608;28,83333333;9,116692779;8,554914474;1,365119433;1,598294616;0
9594;15;33,68181568;44,83333333;9,924006517;8,55654335;2,001419827;4,547894239;0
9595;10;12,60173188;12,5;9,00859276;8,558607101;1,204980074;0,566700339;0
9596;15;25,21648602;41,66666667;10,40343414;8,558879852;1,670777348;3,221234798;0
9597;15;15,45557332;20,16666667;8,81981996;8,560728073;1,352554689;1,206929207;0
9598;15;15,03191314;24,33333333;9,994252408;8,563337326;1,245303184;1,328604341;0
9599;15;27,48084542;37,5;10,16155784;8,564148903;1,772465237;3,275209665;0
9600;10;14,46660023;13;8,963549272;8,565103531;1,072455933;0,498287916;0
9601;15;14,24638656;18,66666667;10,58415603;8,567414284;1,166582423;0,782569647;0
9602;15;28,74873988;32,5;11,27550129;8,567920685;1,660979084;2,972941756;0
9603;15;5,814995161;7;7,614338487;8,568811417;1,153542275;0,121399045;0
9604;15;5,365204995;56,66666667;10,86212465;8,568819046;1,32628901;2,915095329;0
9605;15;33,1661598;48,5;10,06679483;8,569768906;2,129872614;4,891126156;0
9606;15;25,40174868;37;9,271400069;8,570532799;1,571326886;2,740324259;0
9607;15;30,88757815;51,16666667;10,14557469;8,571208;2,318303687;5,299250603;0
9608;10;29,85761509;57,16666667;9,176843595;8,571731567;1,429393775;3,156949997;0
9609;15;10,77090964;21,33333333;11,79352373;8,572257996;1,168462844;0,68360436;0
9610;15;8,050960598;17,83333333;6,533006781;8,572834015;1,100815175;0,762345433;0
9611;10;7,152545094;7,5;11,71502635;8,574617386;1,002676173;0,213317513;0
9612;15;25,93669807;43;9,539509817;8,575219154;1,972458573;3,763415098;0
9613;10;13,38641597;10,66666667;9,962003408;8,575670242;1,120030544;0,568303466;0
9614;15;8,531254696;16,33333333;10,28218053;8,575784683;1,069189074;0,952411532;0
9615;10;11,71757171;8,666666667;13,04603892;8,575912476;1,134263587;0,668555737;0
9616;10;14,3888533;14,66666667;9,252605997;8,576817513;1,045034262;0,59986341;0
9617;15;16,9788881;34,33333333;9,10204191;8,577064514;1,3239488;1,803378105;0
9618;10;8,414752697;7,666666667;11,67469326;8,577513695;1,076460061;0,225106597;0
9619;15;30,20085;48;7,930568301;8,577932358;1,644655815;3,304789186;0
9620;10;21,85095722;25,66666667;10,61728;8,578066826;1,258659345;1,509839892;0
9621;10;19,96923123;28,5;10,65581388;8,579392433;1,552198653;1,856420279;0
9622;10;10,7718997;8,666666667;9,684898851;8,580134392;1,087566644;0,381611347;0
9623;15;32,35785305;46,83333333;10,18099616;8,580386162;1,962942188;4,363335013;0
9624;10;28,23281415;39,66666667;11,08402072;8,58093071;1,647207733;2,758969188;0
9625;10;4,241092858;12,5;10,14858511;8,582445145;1,0533521;0,41730392;0
9626;15;5,837142227;8;8,817610994;8,582794189;1,027540229;0,075852156;0
9627;10;8,625776995;11,66666667;9,985476999;8,583167076;1,011072094;0,285217762;0
9628;10;15,54764446;19,16666667;10,17820882;8,583299637;1,203571348;0,93165946;0
9629;10;5,345834074;5,666666667;10,34841363;8,584988594;1,010549463;0,037154913;0
9630;15;23,91244397;53,66666667;9,367005999;8,585198402;1,468961039;3,18809557;0
9631;15;19,07344854;33,33333333;12,12100402;8,585834503;1,56240883;3,410497069;0
9632;10;18,7771835;21,33333333;9,151369781;8,586314201;1,201058385;0,956651568;0
9633;10;15,66443235;12;12,19916035;8,587188721;1,105923328;0,737212181;0
9634;15;32,778419;45,33333333;10,93849659;8,587874413;2,060755705;4,894201517;0
9635;15;32,24250972;38,33333333;10,62124695;8,58796978;1,809869011;3,695170999;0
9636;10;13,07433959;32,33333333;12,16812499;8,588236809;1,491827884;1,942589402;0
9637;10;5,276912483;6,166666667;8,864151303;8,588382721;1,000019262;0,053123713;0
9638;15;19,82516826;35,5;10,17905248;8,588691711;1,743234318;3,275257826;0
9639;10;8,377525475;12,83333333;8,183588976;8,590185165;1,000943024;0,291295528;0
9640;15;23,40819517;27,16666667;10,28048483;8,591316223;1,358746466;1,91878593;0
9641;15;10,48242919;9;10,37078813;8,592550278;1,151562223;0,511811733;0
9642;10;21,95596175;30,5;9,417844695;8,593298912;1,374501166;1,705242634;0
9643;15;21,33473373;30,33333333;10,20612993;8,593338013;1,646384383;2,645287156;0
9644;10;15,93388332;20,66666667;9,441713646;8,594977379;1,20859393;0,962455988;0
9645;15;25,06633731;53,66666667;11,16412464;8,595046997;2,153095785;5,69092679;0
9646;15;14,43418165;12,83333333;7,733717611;8,595570564;1,181591399;0,728013992;0
9647;15;13,08803782;19,83333333;9,633235936;8,595833778;1,239176663;1,093945503;0
9648;10;8,423553388;7;10,75677019;8,596021652;1,039229919;0,227399945;0
9649;15;50,83981454;56,16666667;8,333596752;8,596611023;1,72401803;5,239645004;0
9650;15;28,72898991;50,16666667;9,614782621;8,597522736;1,698722128;3,698352695;0
9651;15;23,50884424;43,5;10,75178765;8,597584724;1,623200581;3,370531559;0
9652;15;26,8534301;36,66666667;9,439311434;8,597848892;1,667452302;2,991853118;0
9653;15;5,368354224;8;10,27196905;8,600149155;1,018903711;0,06608963;0
9654;10;10,75302774;10;11,08137542;8,601517677;1,118903362;0,443295717;0
9655;15;16,20847285;26,16666667;9,64465063;8,602396965;1,29089888;1,506209731;0
9656;10;5,871754515;26;8,872598928;8,602545738;1,301324895;1,354159832;0
9657;10;18,01902701;27;8,195754736;8,603504181;1,186117757;1,187686801;0
9658;10;6,807846309;8,833333333;9,590079664;8,604557991;1,0127135;0,188416719;0
9659;15;27,62241801;44,83333333;9,880276209;8,604913712;1,773175863;3,524823189;0
9660;10;20,55890102;9,833333333;14,24150021;8,605162621;1,249315198;0,786940932;0
9661;10;5,230568018;6;8,297123758;8,606204987;0,876530797;0,054559469;0
9662;15;27,42462187;44,66666667;9,37625129;8,606575966;1,832639376;3,649660349;0
9663;10;5,834569024;13;9,255824221;8,607032776;1,014249799;0,39406848;0
9664;15;21,69626041;50,16666667;10,5778233;8,608102798;2,306911831;5,667725086;0
9665;10;12,93706988;15,5;10,34519249;8,608660698;1,123520833;0,615893364;0
9666;15;9,059920196;57,33333333;10,98938475;8,609791756;2,395892814;5,99117887;0
9667;15;30,78107339;36,66666667;10,84730923;8,613240242;1,912073958;4,166829348;0
9668;10;13,98137585;20,11111111;9,948274757;8,613273621;1,14988015;0,680723786;0
9669;10;10,47629931;7,166666667;12,6560491;8,614567757;1,029846934;0,244315386;0
9670;15;13,24660113;23,83333333;9,092099525;8,61615181;1,23334798;1,205142617;0
9671;10;9,697833319;10;8,964344107;8,616173744;1,070476837;0,392133832;0
9672;15;26,52473392;43,16666667;9,287543312;8,618068695;1,7640418;3,439531207;0
9673;15;13,89645727;19;10,34739054;8,618127823;1,170955421;0,911530018;0
9674;10;27,93190226;44,5;8,589703626;8,61912632;1,140233167;1,980289817;0
9675;15;16,34947511;22;11,3910932;8,619386673;1,141261611;1,326610208;0
9676;15;23,04300943;28,5;9,910913787;8,619462013;1,499942282;2,119970441;0
9677;10;6,995677366;8,333333333;10,02881874;8,622850418;1,014083718;0,130265713;0
9678;15;19,70433368;48,33333333;10,7937831;8,623250008;2,349396868;5,435815573;0
9679;15;31,47258556;43,83333333;10,38897565;8,62345314;1,964738578;4,172267795;0
9680;15;11,35975249;15;9,809640556;8,623806953;1,201186046;0,793780923;0
9681;15;33,84610358;52,16666667;10,2791387;8,624128342;1,918321219;5,011050105;0
9682;15;29,12099175;47,83333333;10,60064145;8,62505722;2,006966957;4,332359076;0
9683;15;4,495670355;5,666666667;11,3231255;8,626875877;1,000838331;0,034394979;0
9684;15;3,490624898;5,333333333;11,78854863;8,628073692;1,007087727;0,047643304;0
9685;10;4,661969399;20,5;9,358761206;8,628626823;1,173438248;0,930656672;0
9686;15;12,79064331;13,33333333;10,67086128;8,62879467;1,188918473;0,837424397;0
9687;15;20,24812339;40,33333333;8,091691066;8,629948616;1,601746703;2,733201265;0
9688;10;7,537761023;16,16666667;10,27755465;8,631365776;1,184391967;0,713552713;0
9689;10;6,525143789;7,166666667;9,957746118;8,631569862;1,056415513;0,147400022;0
9690;10;20,17062139;13,83333333;11,15165212;8,631638527;1,077978928;0,637029052;0
9691;15;12,99157864;17,16666667;10,96233974;8,632480621;1,233831611;1,155429602;0
9692;15;3,540784511;6,833333333;9,377159541;8,633343697;0,994472096;0,04832387;0
9693;10;20,05855014;15,44444444;11,62489869;8,633695602;1,234791695;1,082819104;0
9694;10;51,0031258;87,66666667;9,759415575;8,634425163;1,131302333;3,945228457;0
9695;10;8,07673055;6;12,94964295;8,634877205;0,999224215;0,11092186;0
9696;15;14,46815789;22,16666667;10,675613;8,635351181;1,290178397;1,189453959;0
9697;15;19,96480754;36,55555556;9,409515492;8,635412216;1,4270251;1,705654383;0
9698;10;12,04133118;11;10,03304817;8,636102676;1,081731964;0,385386467;0
9699;10;9,8600064;9,833333333;10,84671248;8,636343002;1,026892245;0,352388978;0
9700;15;23,85001675;55;10,73187984;8,63667202;1,406835141;3,088169932;0
9701;10;9,469303939;10,33333333;9,267844385;8,637850761;1,188206944;0,404660344;0
9702;15;19,14393577;35,16666667;9,669161555;8,638482094;1,122551896;1,599806428;0
9703;10;16,0649061;42,83333333;9,033753448;8,639648438;1,198924277;2,061597466;0
9704;10;15,52279614;17,5;12,0806801;8,64020443;1,17900951;1,110391855;0
9705;10;11,63432489;18;10,2669755;8,640316963;1,075822655;0,65167141;0
9706;15;26,18806802;44;10,39263425;8,641513824;1,94189578;4,078503966;0
9707;10;7,496729167;9,333333333;8,254613365;8,642138481;1,008249895;0,071893096;0
9708;10;4,788812004;5;11,53826442;8,643040657;0,983492798;0,009637713;0
9709;10;9,370218278;12,33333333;10,46855335;8,643911362;1,001557419;0,390969515;0
9710;15;22,13417602;32,33333333;8,321030552;8,644431114;1,491192298;2,193071723;0
9711;15;16,85506269;39,83333333;8,596387653;8,645851135;1,384843384;2,128448486;0
9712;10;22,53027444;24;11,78113449;8,646133423;1,430684116;2,048859358;0
9713;15;12,53632044;24,83333333;7,838503038;8,647637367;1,396986262;1,644960761;0
9714;15;18,06483558;26,66666667;11,37721845;8,647665024;1,166530511;1,130315423;0
9715;10;5,441297389;8,166666667;7,157837268;8,648683548;1,000310704;0,205797553;0
9716;15;10,50293399;19,33333333;10,87986478;8,649727821;1,1295722;0,886726737;0
9717;10;5,203763469;5,166666667;10,86414092;8,650114059;0,961829103;0,030712485;0
9718;15;28,8943811;43,66666667;9,576580594;8,6521101;1,747483066;3,626684546;0
9719;10;8,404196023;9,833333333;7,718583886;8,65278244;1,01270145;0,270740867;0
9720;10;6,350356785;6,333333333;9,654239342;8,652989388;1,020704276;0,099506021;0
9721;15;25,70915695;36,16666667;9,611879202;8,654017448;1,779039269;2,959886432;0
9722;15;29,35984458;54,16666667;11,33719143;8,655781746;2,220102281;5,539283395;0
9723;15;9,215934556;22,5;11,06193141;8,655939102;1,057068317;0,249598622;0
9724;15;15,692084;49,5;9,70877011;8,656299591;1,613256485;2,952766895;0
9725;15;10,16284538;11,16666667;8,841782609;8,656328201;1,072515957;0,494506955;0
9726;15;10,5336862;12,5;11,0935534;8,657733917;1,309574686;0,803300619;0
9727;15;19,38995064;29,33333333;10,15760747;8,657828331;1,448137863;2,064533949;0
9728;15;18,23539992;22,33333333;10,92862729;8,659099579;1,324988238;1,584365129;0
9729;15;8,102864294;6,166666667;13,63261352;8,659277916;1,036177383;0,224699616;0
9730;10;14,55700722;18,16666667;10,14223717;8,659423828;1,151149959;0,677311301;0
9731;15;20,20360268;37,66666667;9,187988744;8,659776688;1,499973418;2,388383746;0
9732;10;11,27210436;30,73770492;10,72747712;8,660254478;1,586503896;2,249833584;0
9733;15;15,19343572;23,33333333;8,92307105;8,660307884;1,24499339;1,185231328;0
9734;15;24,54621802;52,66666667;8,999661364;8,662340164;1,722633209;3,469560981;0
9735;10;27,05884195;29;11,68982689;8,662414551;1,455108136;2,205779433;0
9736;15;22,82470925;29,5;10,62890593;8,66308403;1,551485367;2,324576616;0
9737;15;22,88217395;40,33333333;10,95015608;8,664079666;1,877516585;4,15455389;0
9738;15;7,72796277;18,83333333;11,58209036;8,664353371;1,203219677;1,149794579;0
9739;10;11,40462724;15,16666667;9,463496769;8,664718628;1,116321873;0,558819413;0
9740;15;29,14338382;54,33333333;9,43604561;8,665519714;1,930830142;4,518655181;0
9741;10;5,612272251;5,333333333;11,44586543;8,665539742;0,96598382;0,042184114;0
9742;15;20,62947008;36,66666667;8,665468459;8,666109085;1,505538954;2,040299177;0
9743;15;6,720167023;8,666666667;9,382020757;8,668006897;1,0134589;0,280887961;0
9744;15;12,89055471;25,16666667;10,26284545;8,668032646;1,118681449;1,111136913;0
9745;15;17,94137353;25,66666667;9,151983788;8,668607712;1,23369;1,370425344;0
9746;15;30,6310848;47,33333333;10,24550334;8,668656349;2,018339804;4,517214537;0
9747;10;11,04539184;16,33333333;10,31386624;8,670526505;1,029592551;0,562330961;0
9748;15;10,73555303;9;10,97085391;8,671910286;1,103623998;0,548064709;0
9749;10;17,29558738;25,33333333;7,36305049;8,672333717;1,226104372;1,215211034;0
9750;15;7,533145549;13,16666667;11,77552649;8,672701836;1,063275343;0,539120078;0
9751;10;9,953000793;13,33333333;9,312100974;8,673176765;1,049749065;0,403979659;0
9752;10;11,60929689;14,83333333;9,182359761;8,673211098;1,023279989;0,499731183;0
9753;10;5,220309797;12;9,863998815;8,673333168;1,102600575;0,348639011;0
9754;10;9,201468656;8,333333333;9,91620291;8,673978806;1,013784228;0,225636363;0
9755;15;20,36931504;42,33333333;10,88022255;8,674097061;1,482372853;2,763179064;0
9756;10;15,56775387;26;10,83355107;8,674459457;1,146706025;0,638703346;0
9757;15;20,02522817;25,33333333;9,908053351;8,675173759;1,456150963;1,847174525;0
9758;15;10,31800434;24,66666667;9,558248604;8,675862312;1,040712649;0,969947577;0
9759;15;24,79630349;44,83333333;10,93845687;8,678028107;1,881966905;3,850708604;0
9760;15;18,36546141;32,16666667;9,535388909;8,679814339;1,448939693;2,014549732;0
9761;15;17,88054333;28,33333333;10,96601069;8,680341721;1,360550287;1,896711707;0
9762;15;27,31905868;38,16666667;9,812309047;8,680875778;1,714541682;3,051905632;0
9763;10;11,4054406;11,33333333;11,69019388;8,682699203;1,127883953;0,64029336;0
9764;15;12,02413804;18,33333333;8,719202907;8,684305191;1,217815649;1,001368165;0
9765;15;10,50787987;19,66666667;12,07281704;8,684839249;1,333997393;2,074264407;0
9766;10;5,665901545;5,666666667;9,650820966;8,685124397;0,982952659;0,061310172;0
9767;15;23,02308635;29,66666667;10,76583701;8,688040733;1,464013838;2,403520226;0
9768;15;31,28903854;42;10,43016094;8,688317299;1,922004153;4,130510926;0
9769;10;9,938491518;14;9,175287853;8,688667297;1,073312872;0,447333455;0
9770;10;13,27483802;16;13,32493524;8,689783096;1,280115695;0,551026821;0
9771;15;29,25880672;46;8,84546604;8,690379143;1,506447068;3,205729127;0
9772;10;7,700955024;9,666666667;8,984560409;8,691841125;1,000865916;0,265873551;0
9773;15;22,44915175;34,5;9,860163989;8,692004204;1,406319314;2,271145821;0
9774;15;25,73945653;50,33333333;10,1723615;8,692697525;2,063213632;4,596160769;0
9775;15;31,00620125;58,16666667;11,10917484;8,694342613;2,295750244;6,1192168;0
9776;15;29,68803196;43,16666667;10,65656799;8,695231438;2,205604104;4,814607501;0
9777;15;14,06951472;18,66666667;11,75718958;8,696151733;1,215213812;1,25769496;0
9778;15;16,10326292;49,33333333;10,19959037;8,696530342;1,822328452;4,077362061;0
9779;10;5,093352593;5,5;11,39794759;8,697061539;0,954236626;0,037971258;0
9780;15;31,5493375;47,33333333;9,891032458;8,697254181;1,997809889;4,224704504;0
9781;15;16,8413167;14,66666667;10,72090719;8,697348595;1,185290568;1,091428757;0
9782;10;10,78038699;13,5;8,901195734;8,697592735;1,192790744;0,492648482;0
9783;10;15,74757924;21,83333333;9,933766463;8,69777298;1,122664106;0,870391369;0
9784;15;17,06183705;19;9,95029564;8,697813988;1,377846253;1,440051556;0
9785;15;22,13197627;25,16666667;9,866750677;8,698070526;1,445551776;1,829009056;0
9786;10;5,335311537;5,731707317;10,62366106;8,698627472;0,844317665;0,02501452;0
9787;10;21,98618967;38;10,61888379;8,698959351;1,409413689;2,242401719;0
9788;10;20,60270624;20,33333333;11,5681812;8,699251175;1,325654163;1,420425296;0
9789;10;8,693742219;8,166666667;10,69338067;8,700054169;1,051072802;0,295742035;0
9790;10;25,95650887;36,5;9,355579138;8,70022583;1,351355375;2,118296504;0
9791;15;10,70052168;10,33333333;9,825838127;8,700341225;1,156518259;0,608391643;0
9792;15;15,56667293;33,66666667;10,60922847;8,70069313;1,584216307;2,633220911;0
9793;10;4,606138841;12,83333333;9,849335651;8,701020241;1,032881415;0,441260576;0
9794;10;6,11150695;7,833333333;9,003267157;8,701350212;1,027372882;0,181224465;0
9795;10;16,31752083;18,66666667;10,17733541;8,701480865;1,295578774;1,008284092;0
9796;10;5,077944092;5,333333333;8,100645566;8,701981544;1,000211932;0,009791613;0
9797;15;15,09721919;41,33333333;10,67338522;8,702710152;1,855610369;3,423109412;0
9798;15;26,40406805;40,5;10,72919431;8,703035355;1,674427254;3,269742727;0
9799;15;37,70063333;67,66666667;10,79713219;8,703186035;2,299417171;6,832406759;0
9800;10;26,44253644;39,33333333;12,40752682;8,704159737;1,880561379;3,48314023;0
9801;15;23,38714595;51,66666667;8,271522872;8,705706596;1,738950295;3,663199067;0
9802;15;21,21160386;36,83333333;9,802953194;8,706620216;1,525339731;2,524938107;0
9803;15;17,82251416;28,5;10,65663816;8,706855774;1,588998454;2,13099277;0
9804;15;39,51504441;55;10,4038181;8,708150864;2,723087602;7,265563488;0
9805;10;16,36746932;29,33333333;11,84015044;8,709097862;1,051763628;1,141801715;0
9806;15;14,32954557;17,83333333;10,21700349;8,709134102;1,343734738;1,273999572;0
9807;15;30,95953889;45,33333333;9,982903165;8,710092545;2,004219409;4,359429002;0
9808;15;18,35478306;41;9,349875593;8,710170746;1,454655235;2,405237794;0
9809;15;23,12993875;42,66666667;10,92613578;8,710433006;1,592241904;3,010135651;0
9810;15;28,13161436;40,16666667;10,39282932;8,71081543;1,897378524;3,658631325;0
9811;15;12,9293944;20,16666667;7,750405096;8,712244987;1,072325666;0,864402294;0
9812;15;24,00027362;31;9,912169705;8,714030266;1,541887958;2,43890202;0
9813;15;13,11448886;41;9,255280662;8,714864731;1,489567106;2,549997807;0
9814;15;10,87902389;21,5;8,553513655;8,715179443;1,072758554;0,324544191;0
9815;10;20,95802313;23;9,707909735;8,715727806;1,222407023;1,172173142;0
9816;15;33,49699129;56,5;10,41004767;8,716417313;2,141022206;5,529437661;0
9817;10;19,75378659;30,16666667;8,91316976;8,717502594;1,352005856;1,62005043;0
9818;15;13,74908607;20,33333333;11,33132048;8,717922211;1,302180247;1,731097221;0
9819;15;10,5001725;21,83333333;12,6496916;8,71905899;1,221484722;1,354051352;0
9820;15;5,263922625;6;12,10027982;8,720057487;1,019598456;0,137255073;0
9821;10;11,88503775;18;10,26675432;8,720340729;1,053514508;0,705716372;0
9822;15;26,79580959;54,33333333;10,82121415;8,720452309;2,20205603;5,920795202;0
9823;15;32,2716025;42,83333333;10,79344881;8,721197128;1,928828181;4,346409321;0
9824;15;19,70006056;26;10,30155282;8,721938133;1,459130201;2,017280221;0
9825;15;11,71470922;17,33333333;9,119499296;8,722935677;1,206051766;0,925124645;0
9826;10;6,392645023;6,666666667;10,13480048;8,72304821;1,016988505;0,139377713;0
9827;10;7,283140596;6,166666667;10,8309358;8,724654198;1,008354452;0,037659526;0
9828;10;7,373531985;8,166666667;11,33040523;8,72474575;1,003256668;0,200574517;0
9829;10;16,026601;32,66666667;11,960904;8,725001335;1,350157154;1,442238688;0
9830;10;8,987249974;10,55555556;12,31285003;8,726272583;1,088973032;0,379172087;0
9831;15;17,27269747;23,16666667;12,36357432;8,726531029;1,360787144;1,87480104;0
9832;10;18,91868282;38,16666667;9,074127883;8,726685524;1,125658272;1,201672554;0
9833;10;23,42763228;31,66666667;9,641180281;8,726748466;1,235262982;1,638777733;0
9834;15;18,86123627;29,5;10,13399473;8,727564812;1,481200369;1,998282194;0
9835;10;19,31774872;27,16666667;10,19519562;8,728784561;1,322532308;1,371149182;0
9836;15;20,38565715;21,83333333;10,58118488;8,72900486;1,297052928;1,632910132;0
9837;15;15,73147002;32,16666667;9,526296869;8,729137421;1,598155807;2,698086143;0
9838;15;12,10197494;10,16666667;10,24152567;8,72999382;1,02372798;0,446083069;0
9839;10;22,02281173;23,33333333;9,860651491;8,730037689;1,32630989;1,388918281;0
9840;10;14,27159018;19;11,32850373;8,730039597;1,097410203;0,84542346;0
9841;15;25,41204624;32,66666667;10,25041037;8,730169296;1,549120438;2,690591335;0
9842;10;14,6594455;18,33333333;9,355609426;8,730234146;1,157851347;0,81852603;0
9843;15;30,11367882;53,16666667;10,75170391;8,730484009;1,65012337;3,952044487;0
9844;10;15,32088491;23,16666667;8,48576022;8,73102951;1,243775166;1,055282712;0
9845;10;9,629785265;17,33333333;10,52905717;8,731201172;1,120640981;0,737930536;0
9846;15;31,22889522;33,83333333;10,42141589;8,731443405;1,627851004;3,031740546;0
9847;10;14,84491813;27,66666667;10,82814634;8,731861115;1,269244843;1,285355926;0
9848;15;18,08754761;41;12,40656885;8,732894897;2,852416758;6,189546704;0
9849;10;5,341396414;5,666666667;8,541274648;8,733070374;1,038301415;0,046735406;0
9850;#N/A;20,25963692;65,16666667;8,587437247;8,734791756;1,319421655;3,405362964;0
9851;10;8,453064968;8,833333333;11,37776521;8,735482216;1,055833535;0,331146359;0
9852;15;32,95401577;56,33333333;10,63638764;8,73559761;1,99352889;4,449299335;0
9853;#N/A;8,635808563;8,833333333;10,60962473;8,735973358;1,033475258;0,365012884;0
9854;15;29,59962365;70,83333333;10,05873475;8,736475945;1,258829969;3,532636046;0
9855;15;33,44209815;55;9,673826805;8,736902237;1,77486342;4,471833229;0
9856;10;7,395555345;12,33333333;11,14935527;8,737615585;1,141859665;0,629403353;0
9857;15;7,29196581;8,166666667;11,48535164;8,737827301;1,110068675;0,571613312;0
9858;10;9,776007149;11,83333333;11,10256673;8,738067627;1,04011888;0,401270509;0
9859;10;29,76993131;29,83333333;9,496260175;8,738581657;1,458190105;2,03980875;0
9860;10;11,53623832;12,83333333;10,34839353;8,738695145;1,147092231;0,526023388;0
9861;15;28,95989381;44,16666667;10,52256457;8,741164207;2,048699851;4,332084417;0
9862;15;21,85174311;16,14754098;10,15819348;8,742499352;1,30537714;1,463815331;0
9863;10;38,81737462;75,5;8,693248278;8,743445396;1,304532536;3,895756602;0
9864;15;29,04760711;38;8,931796488;8,74371624;1,622709708;2,845570087;0
9865;15;26,68126584;40,16666667;9,981907567;8,74414444;1,652549886;2,902998924;0
9866;15;16,81066955;20,33333333;11,72004255;8,744482994;1,348230668;1,457629323;0
9867;10;22,22533686;49,83333333;9,077346502;8,744529724;1,673328723;3,420286298;0
9868;10;21,09745096;29,33333333;8,932244262;8,746330261;1,237387913;1,425840497;0
9869;10;11,53364233;12,16666667;10,21332053;8,746776581;1,094870476;0,530323863;0
9870;15;27,94774662;35;11,12000776;8,746963501;1,758869502;3,421690583;0
9871;15;15,06253049;27,5;10,15798391;8,74715519;1,403833022;1,779277802;0
9872;10;15,17188077;15,16666667;9,567274191;8,747941971;1,190063031;0,709607124;0
9873;15;17,36758493;26,33333333;11,25075685;8,749984741;1,337344858;1,640045404;0
9874;15;5,541896453;6,5;9,732803399;8,751167297;1,017022901;0,069494128;0
9875;15;27,55154847;24,5;10,53444616;8,752853394;1,532668594;2,335856318;0
9876;15;11,88657451;24,16666667;10,21925817;8,753137589;1,129998278;1,047846198;0
9877;15;11,45301515;32,77777778;13,05765652;8,753608704;1,49377698;2,225434303;0
9878;15;6,791165708;8,5;9,076602182;8,753649712;1,028163666;0,279734373;0
9879;10;9,533116231;7,5;11,23823612;8,753941536;1,053246465;0,390712857;0
9880;15;16,78491901;23,33333333;8,879134072;8,75490284;1,400485588;1,597126842;0
9881;15;24,45256391;52,66666667;11,06275036;8,756843567;1,377696519;3,033930421;0
9882;15;21,67636426;29,66666667;10,09735465;8,757083893;1,488370359;2,104505301;0
9883;15;11,19785797;16;8,537360948;8,759580612;1,277238113;1,095512509;0
9884;15;12,45413768;38,66666667;9,799939068;8,759978294;1,765794982;3,388317108;0
9885;15;32,1265111;54,5;10,35253425;8,760427475;2,35071244;6,104526639;0
9886;10;7,166663055;6;11,6939801;8,761113167;1,020369399;0,14418757;0
9887;10;8,656337988;45,16666667;10,99660041;8,761551857;1,559212885;2,939041257;0
9888;15;34,68531679;48;10,26696016;8,762062073;1,855446271;4,221861839;0
9889;10;9,993703285;14,16666667;9,983423114;8,765501976;1,077858759;0,585371494;0
9890;15;9,526596005;11,16666667;9,531706762;8,766119003;1,15444186;0,570624828;0
9891;15;13,32883131;21,66666667;12,19309573;8,767580986;1,387166451;1,418976307;0
9892;10;9,933465848;17,33333333;12,02231898;8,767681122;1,283529788;0,852565885;0
9893;10;20,28667739;21,66666667;11,25499803;8,770477295;1,292091192;1,25947392;0
9894;10;9,0576269;7,833333333;9,853875982;8,770567894;1,061354819;0,245702386;0
9895;10;23,75940685;36,33333333;9,4529527;8,771304131;1,388626566;1,901911259;0
9896;15;13,82715158;20,11111111;11,16014069;8,772386551;1,277900812;1,182720184;0
9897;15;20,25302501;37,16666667;9,201665415;8,773119926;1,448717771;2,399185538;0
9898;15;28,91501831;47,16666667;10,44468818;8,774222374;2,325602513;5,370981812;0
9899;15;21,76125063;37,66666667;9,907156978;8,774692535;1,5251527;2,90233314;0
9900;10;9,788983361;12,16666667;11,56179237;8,775540352;1,117516033;0,4776088;0
9901;15;5,466369479;7,833333333;9,863105955;8,775923729;1,039353746;0,191337466;0
9902;10;16,48786596;20,66666667;6,489896227;8,776313782;1,027217385;0,822128654;0
9903;15;30,01148808;42,33333333;10,74356216;8,778107643;1,63883338;3,980281949;0
9904;10;12,69926636;14,5;10,84040616;8,778515816;1,187109676;0,773398399;0
9905;15;5,708603946;5,333333333;14,73422974;8,779314995;1,0904326;0,602029204;0
9906;15;9,440467047;6,833333333;11,08877784;8,779493332;1,038629934;0,249766231;0
9907;10;11,51753679;16,33333333;11,09641655;8,780162811;1,06776123;0,616236329;0
9908;15;28,2487599;44,83333333;10,12512467;8,781950951;1,777482608;3,358772039;0
9909;10;13,17348193;15,33333333;8,864127746;8,782665253;1,058067834;0,635422945;0
9910;15;3,480966032;6,333333333;12,42482536;8,783966064;1,033118388;0,180179715;0
9911;15;20,72250279;38;10,2942657;8,784564972;1,412587303;2,36262846;0
9912;15;18,38275606;22,66666667;9,613769282;8,785428047;1,407071405;1,610879183;0
9913;10;26,90007145;46;9,286193966;8,785950661;1,43434566;2,774423838;0
9914;10;24,08890848;27,16666667;11,5588593;8,790324211;1,450749744;2,014679551;0
9915;15;8,159837745;18;8,52168235;8,791459084;0,987972333;0,565845728;0
9916;15;12,49752768;19,16666667;9,170362102;8,791969299;1,206398831;0,969029546;0
9917;10;25,12252447;18,33333333;11,60917352;8,792662621;1,180394279;1,136461496;0
9918;15;5,184555667;19,16666667;10,9850172;8,793477058;1,214608158;1,050351262;0
9919;10;11,73541875;15,83333333;9,690311247;8,794198036;1,044233894;0,678455472;0
9920;15;26,64183494;41,78571429;10,13118728;8,794346809;1,589642665;1,440407157;0
9921;15;21,65317191;22,33333333;11,21152901;8,794651031;1,529113335;2,06596005;0
9922;10;13,88761817;19,5;8,60335723;8,795022964;1,125785989;0,4247967;0
9923;15;21,50747156;28;10,11903608;8,795155525;1,477536808;2,051428318;0
9924;10;29,25414461;37,33333333;10,35151397;8,795283318;1,717381879;3,085815549;0
9925;15;5,424777495;9,666666667;9,982958539;8,796264648;1,003208667;0,030490041;0
9926;15;14,15539876;28,83333333;11,09421868;8,798995018;1,108240387;1,437655568;0
9927;15;25,94989494;32,66666667;10,59299733;8,799599648;1,682776589;3,073174834;0
9928;10;20,6175396;27,83333333;11,42620448;8,799655914;1,396295876;1,75419879;0
9929;15;4,827048375;6,5;10,25149399;8,800412178;1,015923855;0,094171643;0
9930;15;21,40241043;21,66666667;10,72806191;8,800803185;1,30582722;1,755508184;0
9931;15;31,83618462;41,33333333;11,88002435;8,800879478;1,915378564;4,324867845;0
9932;15;21,69273519;27,66666667;13,39296991;8,80106926;1,81134444;3,133740306;0
9933;10;20,47002048;35,33333333;7,773954789;8,801475525;1,16779204;1,499593258;0
9934;10;5,650365192;10;11,63090776;8,803432465;1,103636337;0,389060855;0
9935;15;14,28390389;24;9,380264409;8,804067612;1,240628127;1,337795973;0
9936;15;8,78531884;17,66666667;11,24808009;8,804961205;1,085105542;0,259321332;0
9937;15;5,434872286;8,333333333;10,1220499;8,805149078;1,137726275;0,53516376;0
9938;15;25,00933213;35,5;9,729469999;8,805813789;1,598100371;2,870107293;0
9939;10;7,210526944;6;9,871911786;8,806502342;1,005898147;0,093996406;0
9940;15;27,69082656;34,5;10,6165809;8,807010651;1,549653965;2,660214186;0
9941;15;31,69208715;52;10,34570432;8,807230949;2,165089776;5,176296353;0
9942;10;10,26517382;14;8,986789514;8,807249069;1,014392738;0,429181576;0
9943;15;17,09420923;22,16666667;10,62430502;8,807264328;1,243136081;1,189962268;0
9944;15;24,66671829;66,83333333;11,51368974;8,807332039;1,334175375;3,623194218;0
9945;15;5,230377342;5,5;11,78938951;8,807925224;1,009608064;0,080762863;0
9946;15;35,77323133;61,33333333;9,122357952;8,809303284;2,252473261;6,106161594;0
9947;10;17,6133045;23;10,20387035;8,810005188;1,340169881;1,027192354;0
9948;10;14,46965429;23;10,32366996;8,810012817;1,087012442;0,807730794;0
9949;15;18,23302033;56,83333333;8,418003701;8,810255051;1,054363193;2,303564429;0
9950;15;30,73670869;60,33333333;9,83122628;8,811692238;2,190501923;5,756863594;0
9951;10;7,790954709;7,5;9,914641939;8,812671661;1,027975357;0,154634714;0
9952;15;33,69941726;51,83333333;11,29661776;8,813236237;2,113736573;4,003149152;0
9953;15;35,47132692;57,5;8,899866195;8,813975334;1,640252617;3,902071238;0
9954;15;28,68367001;35,16666667;10,21919159;8,81479454;1,59036708;2,780130625;0
9955;10;12,49158582;20,16666667;11,54768865;8,814959526;0,95841861;0,697289705;0
9956;10;8,142344729;5,833333333;10,06072673;8,815254211;1,01935334;0,124536395;0
9957;15;19,16069236;26,5;10,56190015;8,818393707;1,352683307;1,78827703;0
9958;15;29,12444218;39,5;11,18148833;8,819074631;1,804667897;3,727732897;0
9959;15;21,45721789;31,5;9,220335889;8,81934166;1,545451895;2,229288816;0
9960;10;9,186557189;12;9,798657611;8,819349289;1,010788539;0,393317819;0
9961;10;13,88453564;18,33333333;9,451797709;8,821142197;1,139068668;0,825609803;0
9962;10;3,922885676;5,333333333;10,9207736;8,822443962;0,97950052;0,05939889;0
9963;10;8,980769941;10,33333333;8,803543073;8,822771072;1,02317609;0,364451408;0
9964;10;9,795544277;8;10,14043974;8,824965477;1,052680272;0,296608567;0
9965;10;14,51419307;20,66666667;10,36983222;8,825585365;1,238164227;1,002549767;0
9966;15;6,338025156;13;11,87120266;8,826000214;1,017880902;0,099004388;0
9967;15;28,00330021;32,16666667;10,83431311;8,827072144;1,91015504;3,593476653;0
9968;15;16,17509802;17,5;9,417595915;8,827608109;1,185851621;1,078706503;0
9969;10;12,07399245;16;9,988575718;8,827858925;1,139227785;0,615543842;0
9970;15;21,68598902;22,16666667;11,04336553;8,828170776;1,387905147;2,022422314;0
9971;15;15,56412065;19,33333333;8,861148614;8,82837677;1,240035492;1,160452724;0
9972;10;17,30682103;20,16666667;10,57074422;8,828557014;1,268287437;1,092316866;0
9973;10;15,07045694;12,5;9,891144424;8,828627586;1,126257106;0,517302394;0
9974;15;14,98355101;22,66666667;10,11390857;8,829953194;1,163298072;1,116567016;0
9975;15;9,73439732;8,833333333;10,41754194;8,831567764;1,104729609;0,488060355;0
9976;10;10,47546554;12,66666667;10,74442327;8,831830978;1,085527457;0,454601049;0
9977;10;27,8893157;43,16666667;9,188250451;8,831977844;1,471390987;2,653264165;0
9978;15;13,00795203;26,16666667;10,29044828;8,834415436;1,14061476;1,187711;0
9979;10;12,04832128;16,83333333;9,430460195;8,83457756;1,066391785;0,464953899;0
9980;10;11,85216709;12,16666667;9,719046819;8,834666252;1,104679153;0,632661819;0
9981;10;19,57092275;18,5;10,53093579;8,836107254;1,26833771;1,149200559;0
9982;15;5,251647399;6;12,0088326;8,836940765;1,006368874;0,110029221;0
9983;10;5,70431179;22,33333333;9,58930466;8,836970329;1,26721809;1,193834662;0
9984;15;5,86723279;33,83333333;9,929877315;8,837281227;1,532677037;2,531105638;0
9985;10;11,5427037;15,33333333;8,341319789;8,838000298;1,094512494;0,45951426;0
9986;15;4,912924406;5,5;11,12813449;8,839511871;1,011387879;0,104910493;0
9987;15;12,87156069;14,33333333;10,32545889;8,840006828;1,328101917;1,092330933;0
9988;15;5,674295535;11,83333333;9,992305567;8,840197563;1,147489937;0,678061843;0
9989;10;14,97277306;23,5;10,7295341;8,840333939;1,110283523;1,061317563;0
9990;10;15,41958137;17,5;10,22267572;8,840763092;1,12615583;0,830074668;0
9991;15;12,2757572;15,83333333;11,11784549;8,841640472;1,207215494;0,922669172;0
9992;10;7,646148991;18,5;10,22577063;8,841729164;1,041923934;0,947479486;0
9993;15;5,700372008;8,5;12,10681564;8,842565536;1,067177939;0,682078362;0
9994;15;24,29392039;37;9,96183243;8,843483925;1,715405483;3,098488808;0
9995;15;19,52334324;25;9,615217233;8,844702721;1,419126649;1,780805707;0
9996;15;26,6119765;48,66666667;10,40493092;8,844713211;1,890554148;4,288254142;0
9997;15;13,40314861;19,83333333;11,2916864;8,846521378;1,28585934;1,258048058;0
9998;15;7,262411921;19,16666667;10,62536701;8,848369598;1,161161;1,02866447;0
9999;15;16,23744603;19,83333333;9,08137156;8,848426819;1,266340698;1,172516227;0
10000;15;10,33720235;10,33333333;9,892943661;8,84872818;1,082587513;0,332133412;0
10001;10;7,009679654;7,833333333;9,002588247;8,850241661;1,019967937;0,188619494;0
10002;10;16,02833265;17,33333333;9,725109593;8,850409508;1,157013048;0,787640929;0
10003;10;28,58831815;36,66666667;10,42731919;8,851301193;1,604576486;2,661583662;0
10004;10;14,48717703;23;8,955993141;8,851387024;1,10637751;0,944784403;0
10005;10;13,63782762;18;9,237941302;8,85427475;1,110053044;0,739970803;0
10006;15;31,19671261;59,33333333;10,06350734;8,854849815;2,386153746;6,247601986;0
10007;10;12,78978611;13,83333333;10,37843857;8,855363846;1,098030935;0,606564283;0
10008;15;26,05834463;54,5;10,99750574;8,8559618;1,903862589;4,609546542;0
10009;10;5,731311981;6,166666667;11,55876466;8,856612206;1,005701668;0,070207953;0
10010;15;31,40971097;40,83333333;10,788629;8,857329369;1,978093544;4,330562353;0
10011;15;10,08232516;12,33333333;8,876105738;8,857467651;1,063842388;0,605054855;0
10012;15;25,32244469;25,33333333;10,60152344;8,857880592;1,425107213;2,138018847;0
10013;15;32,8157683;53,16666667;10,4911593;8,858924866;2,476212919;6,286661267;0
10014;10;13,47440774;19,33333333;8,012095368;8,859422684;1,172716107;0,868249178;0
10015;15;20,17603149;29,66666667;9,570360566;8,859501839;1,477362199;2,121213078;0
10016;10;16,66853108;18;9,675501087;8,860145569;1,152987389;0,771654487;0
10017;15;22,11162299;35,83333333;8,617976743;8,860441208;1,497368492;2,40738833;0
10018;15;27,45415207;34,16666667;9,363362868;8,860507965;1,655965382;2,913163543;0
10019;15;18,97672722;34;9,9783147;8,862306595;1,51433387;2,265745163;0
10020;10;12,62456148;15,33333333;9,941306019;8,863278389;1,14010697;0,624548554;0
10021;15;17,5289247;27;11,96799159;8,863728523;1,299408885;2,546419263;0
10022;15;23,4826802;37,16666667;10,1919753;8,863838196;1,57089243;2,78151989;0
10023;15;15,45711035;15,33333333;11,64066638;8,866271019;1,299229341;1,413730502;0
10024;10;15,8828023;19,83333333;10,50865071;8,866853714;1,122116643;0,975996733;0
10025;15;17,13885403;34,83333333;10,84510699;8,868081093;1,450696587;1,809727073;0
10026;10;14,34371818;22,5;10,49976252;8,868227005;1,060942868;0,313735723;0
10027;10;18,97065523;38,83333333;10,34237572;8,868348122;1,140096989;0,534369111;0
10028;15;28,30975349;45,66666667;9,762325053;8,869085312;1,766289809;3,620865107;0
10029;10;14,66535013;21,66666667;8,475170421;8,869193077;1,158016175;0,886701703;0
10030;10;38,38956086;64;9,164223605;8,869338989;1,471559901;3,826828837;0
10031;15;9,962250982;14,66666667;9,023339535;8,86972332;1,240725523;0,77426815;0
10032;10;17,66087857;16,5;9,813705685;8,870340347;1,209599522;0,906794429;0
10033;15;17,68681788;19,33333333;9,931567481;8,870429039;1,29955974;1,351542711;0
10034;10;6,744527546;8,333333333;8,957783812;8,870552063;1,004838798;0,194779515;0
10035;10;10,03072158;15,16666667;8,768822023;8,870592117;1,026748806;0,527674198;0
10036;15;25,77143231;32,33333333;10,97960953;8,870660782;1,607817948;2,661507607;0
10037;10;18,45099903;31,5;10,25502423;8,870980263;1,411957771;1,764243245;0
10038;15;14,43663455;24,66666667;11,58776263;8,872114182;1,206512627;1,304498672;0
10039;15;6,174278284;12,33333333;7,867117238;8,872320175;1,000222387;0,347261429;0
10040;15;12,24381375;14,16666667;10,64940746;8,873675346;1,206604262;0,860263109;0
10041;15;23,04363349;44,5;10,59734029;8,873693466;1,44882777;2,8794837;0
10042;10;7,923317892;11,39344262;12,22907793;8,875081062;1,006196915;0,049131036;0
10043;15;9,549327145;13,83333333;9,59888709;8,876266479;1,152576111;0,672112584;0
10044;10;7,819052804;15,16666667;10,44237355;8,877728462;1,214980674;0,771802664;0
10045;10;12,75430368;12,5;9,934118941;8,877906799;1,248199375;0,635329723;0
10046;10;15,5745538;18,83333333;10,04474644;8,878126144;1,235571975;0,95288372;0
10047;10;7,608268706;11;10,30137957;8,878289223;1,135269368;0,455782652;0
10048;10;8,368626829;11,66666667;10,29428746;8,878706932;1,026911797;0,340590358;0
10049;15;30,35872482;48,60655738;12,48118779;8,87939167;1,996297309;5,129371881;0
10050;15;21,36684732;22,5;10,77386933;8,880508423;1,53755933;2,074773908;0
10051;10;6,317522024;6,5;11,71035603;8,880518913;1,017651899;0,121758461;0
10052;10;15,89618184;20,33333333;8,603402879;8,88125515;1,160847451;0,967263579;0
10053;15;21,35402308;32,33333333;9,113599805;8,881637573;1,540047725;2,147680044;0
10054;15;10,38908766;10,16666667;9,321443703;8,881818771;1,124326955;0,58456409;0
10055;15;6,264138438;8,833333333;9,773486427;8,885281563;1,052170044;0,285569906;0
10056;15;24,94928306;54,83333333;10,57210461;8,885359764;2,289048686;5,982863784;0
10057;10;11,50699533;8;9,858746868;8,887152672;1,073477046;0,362865806;0
10058;10;17,38932048;12,83333333;10,6813499;8,888729095;1,191532008;0,78485775;0
10059;15;5,301550281;8;9,105156786;8,888837814;1,065618058;0,291746378;0
10060;15;36,19829114;44,67213115;10,53652168;8,888852119;2,046520969;4,999243855;0
10061;10;6,326011857;5,5;11,28589412;8,888959885;1,022095966;0,103130102;0
10062;#N/A;7,490823346;8,5;12,54322621;8,889017105;0,699792801;0,173217297;0
10063;15;19,03359855;31,5;11,28006171;8,889681816;1,387043986;2,441413045;0
10064;10;17,40731427;18,16666667;9,990477088;8,891644478;1,185487577;0,981767535;0
10065;15;25,9416201;31,5;11,08824221;8,891887665;1,459204555;2,356005669;0
10066;10;6,200692463;8,166666667;12,20920345;8,891978264;1,092542295;0,421268821;0
10067;15;32,19687424;45,33333333;9,65969821;8,892030716;2,098518756;4,741322279;0
10068;10;6,535757084;6,5;10,28416924;8,892543793;1,022325823;0,100190759;0
10069;10;16,95036121;27,16666667;9,686965641;8,893003464;1,145512974;1,133725166;0
10070;15;18,05532684;26,66666667;9,694242733;8,893508911;1,302630941;1,624786019;0
10071;10;9,707368748;8,5;11,59306094;8,893676758;1,087262808;0,4006598;0
10072;10;12,50065558;12,5;10,15666529;8,894144058;1,134588085;0,531326175;0
10073;10;5,781673059;7,333333333;9,18090977;8,894215584;0,915404264;0,09301734;0
10074;10;21,69893724;21,5;10,29736056;8,894371986;1,310451564;1,475378394;0
10075;15;21,80129805;42,5;10,21054313;8,895841599;1,550751546;2,944201946;0
10076;10;4,469070183;13,33333333;10,27546844;8,896121025;1,119240347;0,825998187;0
10077;10;11,71941044;17,66666667;8,880152081;8,897338867;1,02563801;0,638115048;0
10078;10;13,2287543;22,66666667;9,176644812;8,897839546;1,020960365;0,835800648;0
10079;15;20,97935416;39,33333333;9,980378023;8,897956848;1,52870606;2,631997466;0
10080;10;5,642055638;7,166666667;10,39315012;8,899977684;1,000045529;0,023303986;0
10081;10;23,96082032;27,5;9,314712457;8,900499344;1,341302674;1,698399425;0
10082;10;17,37386728;25,83333333;10,92329861;8,90110302;1,331975362;1,280161262;0
10083;15;29,08831105;41,16666667;11,49993594;8,901363373;2,481138283;5,201467037;0
10084;15;15,44870057;37,33333333;9,78562658;8,902458191;1,13769676;0,76666069;0
10085;15;10,93957263;21,16666667;8,071056935;8,903945923;1,046781904;0,350453019;0
10086;10;29,58946148;55;9,544745927;8,905136108;1,383547018;3,145959377;0
10087;10;31,75352347;32,83333333;10,91101749;8,905285835;1,321439696;2,152787089;0
10088;10;8,79907586;8,833333333;8,921447973;8,905714989;1,035753409;0,185699582;0
10089;10;12,39806931;25;8,056677418;8,905797958;1,025586964;0,125490665;0
10090;15;31,68893445;74,83333333;11,00568378;8,907530785;2,945290209;9,421026111;0
10091;10;8,532590428;13,16666667;8,961405377;8,908151627;1,092139273;0,549206972;0
10092;15;14,74683427;26,16666667;11,72148549;8,910878181;1,288381666;1,633739114;0
10093;10;30,2052403;44,55555556;8,47782447;8,911266327;1,399469363;2,206587434;0
10094;#N/A;8,451276497;14,55555556;7,44165276;8,912037849;1,02605521;0,434731007;0
10095;15;15,56325132;28;9,290370683;8,912063599;1,245096442;1,461568117;0
10096;15;13,2373238;29,5;10,8692957;8,913690567;1,72886563;2,643032193;0
10097;15;12,41968858;22,5;7,887633159;8,914639473;1,215023538;1,101520061;0
10098;15;6,699899609;39,16666667;9,384584918;8,916044235;1,541947342;2,296966076;0
10099;10;9,442428856;10,5;11,73738098;8,916135788;1,190855902;0,439379096;0
10100;15;33,21249895;37;10,65483974;8,916975975;1,324449665;2,652351975;0
10101;15;11,85049065;17,33333333;10,45897799;8,917116165;1,124611153;0,769207716;0
10102;15;21,96562481;31,5;9,005067602;8,917234421;1,423610313;2,132685661;0
10103;15;7,397664502;13;12,09376362;8,918087006;1,082337257;0,858784199;0
10104;10;25,86764428;28,33333333;10,89452263;8,919190407;1,439648575;1,994221687;0
10105;10;4,77088139;5,166666667;10,15670542;8,920140266;0,986886089;0,008162379;0
10106;15;32,24121309;57,66666667;10,5279855;8,920758247;2,430856463;6,511772037;0
10107;10;5,043141731;5,444444444;11,79313845;8,922546387;1;0,03191483;0
10108;15;25,11328895;38,33333333;10,32235055;8,922563553;1,819025878;3,535095572;0
10109;10;6,070668234;5,833333333;8,459232712;8,922808647;0,943376854;0,065481305;0
10110;15;26,33496119;40,16666667;9,312475946;8,922833443;1,482167136;2,937205434;0
10111;10;8,021168644;10,5;12,12229703;8,923158646;1,063383551;0,433676839;0
10112;15;16,34046785;19;10,15194424;8,923622131;1,204245481;0,851187706;0
10113;15;4,595792051;5,5;11,81816634;8,923868179;1,013004413;0,128693104;0
10114;10;7,788704167;9,833333333;8,573784797;8,925106049;0,995955494;0,255710006;0
10115;10;8,065255291;6,333333333;9,628333024;8,926124573;1,057427296;0,190881848;0
10116;15;31,54682867;45,66666667;9,347136026;8,927078247;1,87590437;4,287074804;0
10117;10;15,66030102;15,33333333;11,38777918;8,92727375;1,168214044;0,821386933;0
10118;10;10,41448129;12,16666667;9,479007169;8,928262711;1,103043138;0,485629082;0
10119;15;7,369005137;9,333333333;9,455415234;8,92928791;1,014884471;0,30156517;0
10120;15;32,80897726;60,83333333;9,960303056;8,929468155;2,293741593;6,234963179;0
10121;10;8,556482674;12,33333333;8,638862627;8,929530144;1,011396096;0,108926415;0
10122;10;9,826329802;10,16666667;11,19458316;8,932267189;1,199700949;0,589493275;0
10123;15;22,85382188;32,83333333;11,30427295;8,932367325;1,461160381;2,453290343;0
10124;15;26,15340939;35,33333333;11,19612594;8,932448387;1,618222553;3,321776986;0
10125;10;6,486236516;6,833333333;10,95170504;8,932497978;1,004257243;0,122993588;0
10126;15;13,72617507;20,33333333;11,49476387;8,933135033;1,243063226;1,198420763;0
10127;10;8,181709466;7;11,57735686;8,934094429;1,012091868;0,216171741;0
10128;10;12,56063438;13,33333333;12,17038878;8,934416771;1,15951499;0,709489107;0
10129;15;4,593229982;5,333333333;11,77866414;8,936684608;1,01908155;0,049670219;0
10130;10;26,95068105;36,33333333;8,093065077;8,937357903;1,151555313;1,784778714;0
10131;15;10,86093333;17,33333333;11,39269229;8,937602997;1,108461855;0,834910631;0
10132;10;10,78744012;17,16666667;8,512586918;8,938196182;1,039313614;0,532159209;0
10133;10;14,91059985;21;9,988778809;8,938584328;1,152550685;0,994240999;0
10134;15;9,848438256;8,166666667;12,49934247;8,939443588;1,127382947;0,744975328;0
10135;15;18,78129446;15,33333333;10,3479941;8,940250397;1,250860782;1,110051751;0
10136;10;21,52723454;29;11,29842954;8,941248894;1,3486121;2,136353731;0
10137;10;30,15288979;47,5;12,24681496;8,941864967;1,411121897;3,177598715;0
10138;10;12,31687244;17,5;10,58217345;8,944768906;1,127349422;0,750916958;0
10139;10;7,596206812;30,66666667;9,825447977;8,944784164;1,505471939;1,985577583;0
10140;15;24,89465823;38;10,77983046;8,946529388;1,683508182;3,208291769;0
10141;10;13,53640306;16,16666667;9,725425609;8,947849274;1,110995102;0,683287501;0
10142;15;20,41458431;31,16666667;11,12718837;8,948151588;1,506236496;2,309006214;0
10143;15;21,23556751;39,33333333;9,926862862;8,950482368;1,585084199;2,808589697;0
10144;15;19,40979966;31,66666667;9,63811442;8,95108223;1,302990545;2,038898706;0
10145;15;8,445819929;13,66666667;11,02872616;8,951730728;1,114570721;0,498042107;0
10146;10;20,25163469;24,83333333;9,736971478;8,952094078;1,226990253;1,180787206;0
10147;10;5,17939011;5,5;9,133761177;8,952492714;0,997864617;0,004987121;0
10148;10;10,70938385;11,16666667;10,71247724;8,953428268;1,080171029;0,306391478;0
10149;15;24,91028945;36,16666667;9,909287822;8,955705643;1,636111869;2,946050167;0
10150;10;5,139286701;5,333333333;8,664556672;8,956709862;1,004183448;0,041263223;0
10151;15;26,14647711;58,16666667;9,971057732;8,956764221;1,77560024;4,297305703;0
10152;15;16,79600879;20,16666667;12,51190032;8,957014084;1,348244569;1,499113798;0
10153;15;22,09132725;32;10,91138287;8,957366943;1,407334894;1,852870345;0
10154;10;9,369652261;11,33333333;12,42119271;8,958215714;1,063696445;0,46527338;0
10155;10;32,37710008;69,33333333;10,52383379;8,959033012;1,899057912;5,035779953;0
10156;15;16,63366665;28,5;11,06449146;8,961598396;1,392957967;1,833855867;0
10157;15;13,15966272;13,16666667;10,89512104;8,962064743;1,090420216;0,716833115;0
10158;10;15,89129444;17;10,79105506;8,962258339;1,206514362;0,980068564;0
10159;15;27,81742502;38,83333333;9,062420497;8,963907242;1,710959044;3,092846274;0
10160;15;29,83130596;46,66666667;10,26111588;8,964360237;2,142376864;4,927569032;0
10161;15;18,77681676;29;10,29918289;8,964497566;1,302134972;1,609827161;0
10162;10;13,49644793;12,66666667;10,5649752;8,965770721;1,134717496;0,600482464;0
10163;15;30,41365978;42,83333333;10,47670616;8,965899467;1,524877683;3,326794863;0
10164;15;18,98985682;47;11,27352039;8,967635155;1,617079773;3,911588788;0
10165;15;30,68606975;47,5;9,70274769;8,968057632;1,990838961;4,660713673;0
10166;15;27,46373784;40,5;9,418371418;8,968459129;1,764268854;2,654098511;0
10167;15;12,51121136;12,33333333;10,60805671;8,969581604;1,172274052;0,862036467;0
10168;#N/A;7,376410319;10,33333333;9,410721121;8,969804764;0,772071586;0,197389841;0
10169;15;13,70829972;22,33333333;11,35011389;8,969932556;1,174090928;1,20287621;0
10170;15;28,2524163;50,66666667;10,49756808;8,969941139;1,607844629;3,774329662;0
10171;10;17,72533201;28,66666667;10,2693741;8,970761299;1,370340554;1,656521201;0
10172;10;31,98030589;60,5;9,746955524;8,970925331;1,77533449;4,291080952;0
10173;15;22,77554866;27,5;9,432206012;8,971075058;1,375585212;2,038998485;0
10174;10;18,45286701;22,33333333;10,24331936;8,971188545;1,273564988;1,272166252;0
10175;10;15,00015417;22,66666667;9,222929249;8,972244263;1,070383646;0,947018743;0
10176;15;15,22343721;36,5;10,70285509;8,972667694;1,312411556;2,05741787;0
10177;10;5,032995833;5,666666667;8,626762714;8,972839355;1;0,000433207;0
10178;10;8,544552371;10;9,815438618;8,974225044;1,057566159;0,342880845;0
10179;15;21,8124339;28;9,198535992;8,974453926;1,429375111;2,172539353;0
10180;10;10,19766596;17,5;12,86880792;8,974728584;0,890591295;0,588792801;0
10181;15;17,65663333;38,5;11,16131173;8,97567749;1,912339577;4,059553981;0
10182;10;11,97023004;16,83333333;10,09257552;8,976418495;1,07324649;0,675001264;0
10183;10;21,74580096;27,83333333;11,13201188;8,977345467;1,376096509;1,938200831;0
10184;10;27,77071151;43;9,541689278;8,977828026;1,330932076;2,433292389;0
10185;15;10,65266904;34,5;9,615288002;8,97790432;1,631942633;3,100617886;0
10186;10;6,274049593;7,333333333;9,586034285;8,978130341;0,934813176;0,126654387;0
10187;10;13,89537271;23,83333333;10,63630019;8,979624748;1,225906449;1,581553936;0
10188;10;14,52939621;12,5;9,514758234;8,981754303;1,18625744;0,634653926;0
10189;10;32,83247414;53,83333333;12,02970422;8,983081818;2,233223409;5,54914391;0
10190;15;9,5125942;17,16666667;11,19495325;8,983113289;1,128933598;0,834036827;0
10191;10;20,62050186;37,66666667;11,48730471;8,984153748;1,669352602;3,287598968;0
10192;15;9,474149215;17;8,380111507;8,984733582;1,050359275;0,684974194;0
10193;15;28,81680559;43,03278689;9,142996755;8,984995842;1,989704051;4,025134325;0
10194;15;5,975977482;28,16666667;11,23332332;8,985116959;1,655694511;2,194882035;0
10195;15;5,68133988;5,666666667;12,75966803;8,985198021;1,030093996;0,231127143;0
10196;10;12,17064503;9,666666667;13,73032206;8,986123085;1,09343428;0,558353662;0
10197;10;4,564108864;12,33333333;10,18590513;8,986365318;1,080803002;0,495135546;0
10198;15;21,19177083;32,16666667;8,899818206;8,98696804;1,423235987;2,122519255;0
10199;15;28,03068461;46,16666667;10,01833109;8,987129211;2,058346586;4,471864581;0
10200;15;17,01951361;31,66666667;11,5959401;8,987558365;1,376855717;1,950756669;0
10201;15;34,48353828;49;10,61324879;8,98758316;1,980726726;5,059059978;0
10202;15;14,51282768;28,66666667;10,64784058;8,987654686;1,232729512;1,645169139;0
10203;10;6,953036111;6,5;9,97858272;8,987885475;1,036415354;0,117485166;0
10204;15;19,47314557;27,33333333;9,37983407;8,98845005;1,361711391;1,796333909;0
10205;15;24,79322214;31,33333333;9,331729542;8,99228096;1,611116144;2,554383755;0
10206;10;22,00160268;40,55555556;11,54210378;8,993017197;1,523180633;1,949738503;0
10207;15;16,48436912;32,5;11,99594698;8,993864059;1,244698395;1,387780905;0
10208;15;28,94545524;38,33333333;10,08950951;8,994056702;1,719454981;3,340475082;0
10209;15;30,02439105;31,16666667;9,316064771;8,994642258;1,599423287;2,79706347;0
10210;15;14,88367645;35,83333333;10,51969393;8,994927406;1,653472288;2,946242809;0
10211;15;9,946450963;37,66666667;10,68445302;8,99546051;1,909386326;3,743971109;0
10212;10;10,18570784;10,83333333;10,49009663;8,995500565;1,091222702;0,486423135;0
10213;15;7,831351984;10,16666667;11,82411018;8,995833397;1,686897397;0,410521507;0
10214;15;21,16995806;32,33333333;9,192843086;8,996606827;1,520801858;2,267083645;0
10215;10;17,95922465;37,33333333;9,972045286;8,996779442;0,937510904;1,250650406;0
10216;15;5,195864331;7,333333333;12,54454167;8,997095108;1,026547385;0,136240125;0
10217;15;29,7807567;35,33333333;10,61100412;8,998111725;1,638996674;3,211463571;0
10218;15;6,348875208;12,83333333;12,62320462;8,99879837;1,071565279;0,607817888;0
10219;15;18,60570836;39,66666667;10,38595337;8,999453545;1,398827888;2,334295392;0
10220;15;22,68223496;37,33333333;9,217043324;8,999720573;1,560512941;2,525227785;0
10221;10;8,141401648;5,833333333;11,219384;9,000290871;1,229558526;0,128911138;0
10222;10;4,760635513;5,166666667;7,775077036;9,000815392;0,998507463;0,014348984;0
10223;15;22,97751624;32,66666667;10,6684335;9,002523422;1,446531722;1,898203731;0
10224;10;21,96731471;16,77777778;10,10325505;9,002540588;1,245881831;0,895470262;0
10225;15;7,175513446;15,66666667;7,991366597;9,002549171;1,011406254;0,489697576;0
10226;10;8,797670884;9,166666667;9,925280597;9,002676964;1,074435479;0,280652165;0
10227;15;17,71904168;26,33333333;10,14412808;9,003105164;1,380363586;1,760567665;0
10228;15;29,07309869;59,83333333;11,219681;9,003986359;1,710381005;4,294542074;0
10229;15;12,35754726;9,5;11,36713775;9,004813194;1,327888467;0,661203623;0
10230;15;20,13154817;30,66666667;9,35582261;9,004957199;1,434737984;2,091805816;0
10231;15;14,0218642;26,16666667;10,98901109;9,005291939;1,313818795;1,519908667;0
10232;15;5,354941808;5,5;13,51857935;9,006887436;1,058699043;0,508670807;0
10233;10;13,09547484;13,66666667;9,209099111;9,008411407;1,097023629;0,583820462;0
10234;15;32,1863856;50;10,13089472;9,010214806;2,17174295;5,881902099;0
10235;10;14,76020784;11,22222222;11,70358148;9,011494637;1,179662545;0,579222679;0
10236;10;24,34206498;22,66666667;9,388799592;9,011907578;1,124033519;1,334394097;0
10237;15;11,02619405;16,16666667;9,765578182;9,012296677;1,185649168;0,833878875;0
10238;15;16,9756761;22,33333333;11,77757512;9,013121605;1,387197861;1,700367451;0
10239;15;6,394412491;17;8,115116088;9,013793945;1,135211668;0,754705429;0
10240;10;8,244272172;10;13,9012305;9,014291763;1,084882825;0,366031289;0
10241;15;8,274901922;16,66666667;9,851839548;9,015530586;0,939708043;0,540949583;0
10242;15;9,730215538;13,66666667;11,87952002;9,016367912;1,085152223;0,401688337;0
10243;10;15,24685494;16,66666667;10,49354568;9,016739845;1,243206611;0,947308898;0
10244;15;26,0523191;41,33333333;10,13754909;9,016752243;1,830171768;3,709312081;0
10245;15;31,37816307;38,5;10,02487064;9,016953468;1,68780924;3,39877665;0
10246;15;25,70574882;57,66666667;10,96570698;9,017513275;1,545055912;3,841481209;0
10247;10;14,53271992;14,62264151;9,301652334;9,01751709;1,079465592;0,58218646;0
10248;15;22,74405742;36,33333333;8,850250468;9,017529488;1,659467007;2,750909567;0
10249;15;5,930026886;8,777777778;11,80783947;9,018001556;1,035781916;0,133024931;0
10250;15;11,601643;12,33333333;9,809428117;9,020159721;1,105328286;0,40724659;0
10251;15;23,92930974;43,16666667;9,463726331;9,02042675;1,421143361;2,803963423;0
10252;15;23,22592442;33,33333333;10,00162515;9,02129364;1,698168688;2,789863944;0
10253;15;26,41933349;54,16666667;10,76883658;9,022327423;1,942646827;4,519676566;0
10254;15;25,65026323;55,5;9,788342004;9,023600578;2,077744355;4,917983651;0
10255;15;16,18146322;25,33333333;10,14666383;9,023949623;1,302465086;1,317794919;0
10256;10;21,64789368;17,16666667;10,43507496;9,024292946;1,279959598;1,246008754;0
10257;10;11,42983456;10,5;10,94130081;9,024479866;1,072731128;0,500771761;0
10258;10;10,11592245;12,83333333;11,16742074;9,024905205;1,048339934;0,341741323;0
10259;15;10,67232334;18,83333333;10,39358974;9,025135994;1,153447647;0,972541809;0
10260;10;11,50099698;16,16666667;11,15781226;9,026483536;1,102901548;0,719615102;0
10261;10;22,60775991;21,83333333;10,830543;9,027265549;1,33254048;1,499367714;0
10262;10;17,52823959;25,66666667;9,888562979;9,027643204;1,21576518;1,307021499;0
10263;15;28,21160584;57,33333333;10,13024631;9,027780533;1,684645868;4,164120197;0
10264;15;22,80966111;40,5;9,13200081;9,029053688;1,758576159;3,243709564;0
10265;15;19,84457451;49;11,16081235;9,029255867;2,257895332;5,696422219;0
10266;15;34,53997795;54,5;10,07795639;9,030165672;2,218828691;5,652353406;0
10267;15;28,37414859;43,33333333;9,38974533;9,030561447;1,652443682;3,390832424;0
10268;10;8,585770479;11,66666667;10,51492055;9,031163216;1,009784223;0,05059731;0
10269;15;15,44127925;30,5;8,671026426;9,032493591;1,343346984;1,713450074;0
10270;15;37,263237;50,66666667;10,2957773;9,032603264;2,412058974;6,401496768;0
10271;15;12,89701839;23,16666667;12,98081171;9,032752037;1,878466122;2,406187057;0
10272;15;14,30175099;12,83333333;10,73071068;9,032886505;1,206112861;1,133651733;0
10273;15;30,89800589;48,66666667;9,625053981;9,033322334;1,639655548;3,353658915;0
10274;10;8,446253316;8,333333333;10,17645862;9,033802032;1,046795052;0,325411916;0
10275;15;22,08320567;28,33333333;10,45813249;9,033899307;1,473478363;2,268804789;0
10276;15;9,02085463;10,16666667;11,39116129;9,034108162;1,060138626;0,548677802;0
10277;10;9,058647321;10,83333333;8,974484149;9,035409927;1,006971979;0,317046881;0
10278;15;6,775364231;72,33333333;9,814578191;9,035680771;1,837202195;5,277560472;0
10279;10;13,16483633;15,83333333;10,93796027;9,035703659;1,128902414;0,789979696;0
10280;15;6,349611372;6,5;11,09406809;9,035751343;1,018392247;0,169563174;0
10281;10;14,98772192;21,66666667;9,173481378;9,035759926;1,17117463;1,015274167;0
10282;10;10,63688087;13,16666667;11,19929594;9,036132813;1,0485149;0,57856679;0
10283;15;28,45359265;48,5;9,767981722;9,038161278;1,9786785;4,515355825;0
10284;15;17,52656999;20;12,40666713;9,038405418;1,269692081;1,729032159;0
10285;15;10,01365731;7,833333333;11,87735302;9,038773537;1,143990555;0,447920203;0
10286;10;24,05257867;40,83333333;11,21559662;9,042027473;1,484838036;2,543521881;0
10287;15;27,79233377;35,33333333;10,45866001;9,042497635;1,651246474;3,239980698;0
10288;15;30,81393639;42,33333333;10,20740389;9,042984009;1,780946205;3,894813299;0
10289;10;9,916809194;7,333333333;13,18488069;9,045067787;1,13155592;0,419696093;0
10290;15;16,35274302;27,5;10,23988625;9,046319962;1,551404902;2,015711188;0
10291;15;7,558492309;16,66666667;9,936130335;9,046575546;1,003947193;0,08914566;0
10292;10;10,80706278;11;10,29212122;9,046618462;1,133471433;0,45732367;0
10293;10;8,445748118;7,333333333;11,11272297;9,046804428;1,031416987;0,279564619;0
10294;10;5,930630808;7;11,51496939;9,047787666;1,023479512;0,058299422;0
10295;10;22,6137495;24;10,89063631;9,048138618;1,334804639;1,666801333;0
10296;10;44,97008173;92,66666667;9,061282031;9,049426079;1,832837766;6,97752285;0
10297;10;8,843540741;17,16666667;9,569243555;9,051040649;1,169573424;0,784269571;0
10298;15;28,99594003;33,33333333;10,22191744;9,051745415;1,625516143;3,232223153;0
10299;15;21,27142301;38,83333333;10,44403613;9,05266571;1,588546993;2,967339039;0
10300;10;12,50023056;24,16666667;9,133076077;9,053477287;1,049134993;0,420906544;0
10301;10;29,01942459;58,33333333;9,506481381;9,05442524;1,328771414;3,095205069;0
10302;15;26,85554756;50,83333333;9,673960797;9,055171967;1,718673044;3,802264094;0
10303;10;5,097646506;5,333333333;10,13771121;9,055568695;1,001054737;0,031762362;0
10304;15;33,40376202;65,83333333;9,490718032;9,05599308;2,249234287;6,354165912;0
10305;15;23,62619612;35,83333333;10,26402198;9,056783676;1,687380648;3,048976183;0
10306;15;20,27795294;31,33333333;9,436581741;9,057031631;1,426557619;2,146341443;0
10307;15;3,754190817;6,5;11,04147457;9,057340622;1,055705309;0,365356445;0
10308;15;6,650648999;9,166666667;12,30284346;9,057703972;1,051300565;0,391458154;0
10309;10;7,755568778;7,666666667;11,16767234;9,057893753;1,0188329;0,208015203;0
10310;15;23,29034156;36,66666667;9,461234338;9,058960915;1,617879784;2,827437162;0
10311;15;25,19295056;34,66666667;10,54437204;9,059687614;1,60378713;2,859059572;0
10312;15;20,33568604;21,5;9,267479834;9,059767723;1,380433935;1,530132294;0
10313;15;17,35004884;30,33333333;10,18521313;9,060107231;1,400030795;2,072104216;0
10314;10;4,945685176;10;10,3424843;9,060818672;1,056234653;0,341503739;0
10315;10;7,830064829;6,5;10,06055598;9,06118679;1,041083528;0,164480805;0
10316;10;12,11749878;12,83333333;11,64553544;9,061662674;1,149149115;0,683782935;0
10317;10;12,44424571;12,33333333;12,74003842;9,061722755;1,148703086;0,647796035;0
10318;10;9,231892871;12,66666667;9,942592356;9,062213898;1,057046925;0,209501505;0
10319;10;12,75413907;18,33333333;9,786664378;9,062523842;1,256336664;0,605308533;0
10320;10;10,75244211;8,666666667;11,03120487;9,063486099;1,171904509;0,503500223;0
10321;10;20,39076674;16,16666667;9,950641978;9,063789368;1,098067918;0,774843812;0
10322;15;9,785137597;11,66666667;9,982091359;9,064826965;1,148266984;0,595170617;0
10323;10;6,290445412;6,666666667;10,61913218;9,065185547;1,015082579;0,083421111;0
10324;15;10,22862986;28,16666667;10,7214348;9,065896988;1,38470846;1,886135221;0
10325;15;27,17140971;34,83333333;10,6647362;9,065992355;1,684805027;3,416668415;0
10326;15;30,11813775;30,5;10,89863238;9,066659927;1,621985203;3,026610732;0
10327;15;18,82719455;22,16666667;10,26931555;9,066847801;1,362248084;1,548937201;0
10328;10;12,00018237;15,33333333;9,302417751;9,066864967;1,05183677;0,58404839;0
10329;15;23,89372382;28,5;11,20495832;9,06847477;1,491091652;2,507926226;0
10330;15;24,62327898;47;11,32732194;9,069217682;1,87432673;4,23702848;0
10331;15;30,53319642;49;9,371941491;9,070221901;1,888847418;4,344658852;0
10332;15;12,67463689;12,66666667;10,48769093;9,07028389;1,245900204;1,046307087;0
10333;15;16,92038134;32,83333333;9,303733102;9,07301712;1,370177971;2,036041737;0
10334;15;30,16266316;55;10,08852324;9,073296547;2,081124037;5,311035156;0
10335;15;32,15338303;44;11,66553099;9,073618889;1,960181506;4,916001678;0
10336;15;29,7000135;44,33333333;11,06101549;9,074468613;2,092895;4,864232183;0
10337;15;22,17926287;54,83333333;8,259859578;9,075058937;1,303846024;2,920455456;0
10338;10;23,26803412;32;10,23458986;9,075100899;1,494893434;2,031289458;0
10339;15;30,26878625;47;9,500506428;9,07588768;1,944148191;4,421396136;0
10340;10;24,90909049;39,5;9,98090497;9,076182365;1,429036651;2,24573791;0
10341;10;6,266008631;7,666666667;10,21008961;9,076336861;1,00082665;0,158505201;0
10342;15;30,0252631;44,5;11,61617517;9,077177048;2,123030693;5,579321742;0
10343;15;28,80112986;71,5;9,378424054;9,077226639;2,095313366;6,263982892;0
10344;15;5,015860277;6,833333333;13,00931399;9,077501297;1,008096134;0,269617319;0
10345;15;8,433070456;14,66666667;9,609879936;9,077877045;1,046669719;0,569008946;0
10346;15;14,4319286;20,83333333;11,52053475;9,078474998;1,251066528;1,324084282;0
10347;15;12,61257041;23,16666667;9,551451494;9,078522682;1,201843322;1,160888791;0
10348;10;17,95572782;29,33333333;10,68337644;9,079752922;1,286637412;1,603013277;0
10349;15;7,676755219;6,166666667;10,20495883;9,080386162;1,080200548;0,186340094;0
10350;15;22,1541392;30,66666667;9,143741939;9,0816679;1,386918706;2,102334976;0
10351;10;7,153344426;17,16666667;11,46520672;9,081685066;1,074734082;0,142860532;0
10352;10;15,30573737;17,83333333;9,972183302;9,082229614;1,081977862;0,825494409;0
10353;15;27,24031054;38,83333333;11,00082495;9,082346916;1,806409304;3,795090199;0
10354;10;44,59365703;86;8,38105758;9,082856178;1,224278103;4,309597015;0
10355;15;16,07510093;20,33333333;10,47065301;9,083502769;1,311548053;1,536453843;0
10356;15;41,05943619;75,83333333;11,05332954;9,085021019;2,621240002;8,861415505;0
10357;15;7,217579507;11,5;12,02664843;9,085209846;1,102736949;0,575496078;0
10358;15;26,2650872;42,5;8,92048467;9,085231781;1,490847934;3,172034383;0
10359;15;18,60143865;22;9,954683318;9,085544586;1,275787726;1,286968112;0
10360;15;19,99166501;29,16666667;10,88020688;9,086450577;1,480308727;2,233942628;0
10361;10;5,505025427;5,166666667;7,460149769;9,086816788;0,990686392;0,035834432;0
10362;15;15,59476773;18,33333333;9,868546163;9,08763504;1,736238819;1,671463132;0
10363;15;7,961429719;9,5;11,04172611;9,088208199;1,024491708;0,236926317;0
10364;15;36,72743737;93,16666667;10,56377501;9,088222504;2,390356517;9,129524589;0
10365;10;12,12196496;12,83333333;11,01294725;9,089719772;1,144782383;0,674874663;0
10366;15;25,98590222;32,33333333;13,81126317;9,089756012;1,734104132;3,682528615;0
10367;15;10,60781719;19,5;11,38803999;9,090353966;1,154249638;0,956714272;0
10368;10;6,127316173;21,83333333;10,17623934;9,090463638;1,319391373;1,308876634;0
10369;15;27,16563544;53,16666667;10,43685849;9,091200829;2,217174366;5,273760796;0
10370;15;11,02224594;15,66666667;8,815618086;9,09127903;1,099598849;0,724855542;0
10371;15;32,40273886;38,16666667;10,05533711;9,091357231;1,700013991;3,423826933;0
10372;15;9,905907034;25,66666667;11,6488693;9,092391014;1,105079781;1,185017467;0
10373;15;20,58999535;26,83333333;10,50902071;9,093336105;1,322454055;1,82030344;0
10374;15;32,2730579;47,16666667;10,50632727;9,093725204;2,141530682;5,261027932;0
10375;15;10,77572658;14;10,89214044;9,094712257;1,121538405;1,0512532;0
10376;15;19,88639315;51,16666667;9,139323359;9,09502697;1,121058531;2,320395231;0
10377;15;27,26304985;48,5;9,912504468;9,095556259;1,924961076;4,332699418;0
10378;15;24,02592002;14,5;10,60380869;9,095870018;1,221991915;1,221612096;0
10379;10;11,63846103;14;9,045850073;9,096373558;1,070322762;0,321619391;0
10380;15;32,76855553;45,49180328;10,27589884;9,096523285;2,003558139;4,659336329;0
10381;10;7,555166718;9,5;10,59327278;9,096897125;1,021751069;0,189653516;0
10382;15;12,92103697;18,83333333;11,06556979;9,096973419;1,146673729;1,004815221;0
10383;15;12,63763881;29,5;9,978641694;9,097434044;1,091403496;1,294958591;0
10384;10;7,824904533;7,333333333;12,90698876;9,098633766;1,038157673;0,44126153;0
10385;15;21,0857641;29,66666667;9,778892508;9,098985672;1,457406573;2,051808119;0
10386;15;6,092115571;50,5;10,35555214;9,100037575;1,761336105;3,958296776;0
10387;15;25,23276755;51;8,382380701;9,100767136;1,604751615;3,513476849;0
10388;15;26,04443258;31,66666667;11,16862355;9,101428032;1,757238174;3,606979132;0
10389;15;37,65987779;85;9,976151886;9,101867676;2,222748437;6,109353423;0
10390;10;5,867475939;14,83333333;9,70159;9,102622986;1,142733243;0,68912971;0
10391;10;15,25001649;16,5;9,298260371;9,103770256;1,047246906;0,697044492;0
10392;10;6,071834934;6,333333333;10,80977525;9,10507679;1,084789731;0,113925695;0
10393;15;32,11985306;41,66666667;9,082061749;9,105122566;1,90206542;4,078843832;0
10394;15;23,07377921;33,66666667;10,74190422;9,107144356;1,587455855;2,671809793;0
10395;10;3,638563461;5,5;10,85449845;9,110107422;0,841996287;0,025614619;0
10396;10;20,90085052;19;11,20749617;9,110555649;1,274906371;0,91923964;0
10397;10;10,02025122;8,166666667;10,41657525;9,11211586;1,038320973;0,305831194;0
10398;15;20,78897124;26,55555556;10,16597613;9,113186836;1,258404063;1,449320793;0
10399;15;21,2334013;36,83333333;10,70289817;9,11445713;1,519389905;2,161368132;0
10400;10;5,081187203;5,333333333;10,1492327;9,114844322;1,008833453;0,028913736;0
10401;15;17,62624855;31,83333333;10,89682135;9,116361618;1,300435284;1,470773935;0
10402;10;8,319795292;23,33333333;11,3868652;9,116911888;1,063508329;0,923770308;0
10403;10;19,42961654;25,5;11,80905775;9,117292404;1,296799534;1,60763669;0
10404;10;6,660225051;8;8,097814273;9,117793083;1,009253003;0,201305151;0
10405;15;23,22580338;30,33333333;10,06366427;9,117801666;1,527993333;2,497217178;0
10406;10;23,28683166;38,66666667;9,855523704;9,117928505;1,449623643;2,365641713;0
10407;10;20,36847292;35,5;8,491617699;9,118238449;1,13232959;1,57431376;0
10408;10;28,48149368;41,66666667;10,8746164;9,118249893;1,920458853;3,860245705;0
10409;15;6,79054204;10,24590164;10,17302267;9,118879318;1,071138973;0,24554944;0
10410;10;7,654028104;32,83333333;9,380612555;9,11899662;1,320651835;1,886979103;0
10411;10;17,5358564;27,5;9,919202013;9,120957375;1,211695495;1,285251737;0
10412;15;8,550558922;16,33333333;10,70256633;9,12151432;1,443588134;0,322627902;0
10413;15;20,57216507;31,5;10,99826604;9,122485161;1,410344131;2,338846326;0
10414;10;12,67112739;13,66666667;10,50197358;9,124127388;1,17295916;0,739396691;0
10415;15;7,879427733;12;10,95086177;9,124241829;1,011200925;0,388067603;0
10416;15;44,15525293;53,83333333;9,448655601;9,124925613;1,704516649;5,001701117;0
10417;15;23,70701547;50,16666667;9,738976256;9,125339508;1,566344848;3,47503829;0
10418;15;24,13453707;34,66666667;9,859048881;9,126379013;1,55440737;2,703352332;0
10419;15;7,853109204;11,66666667;12,1535755;9,126947403;1,083067102;0,402047276;0
10420;15;7,724443014;8,5;9,475185374;9,127166748;1,061394027;0,373949528;0
10421;15;15,67879787;15,33333333;10,7562776;9,12747097;1,237991324;1,115434766;0
10422;10;11,43389242;13,83333333;9,225699779;9,130184174;1,072770322;0,52716136;0
10423;15;31,18552702;48,83333333;11,5868362;9,130221367;2,324019165;5,800533295;0
10424;15;6,559003878;6,666666667;10,446663;9,130228043;1,02191719;0,23669064;0
10425;15;5,6942939;5,333333333;11,10152111;9,130703926;0,990587715;0,024400115;0
10426;15;14,0625546;29,33333333;7,957921862;9,132227898;1,315259645;1,559901834;0
10427;15;18,60168169;20,5;10,42830936;9,132780075;1,317122122;1,576154828;0
10428;10;10,08992967;15,33333333;11,57590115;9,132808685;1,002397362;0,585867286;0
10429;15;13,5857645;24,16666667;10,45074683;9,133731842;1,522125279;1,587832332;0
10430;10;9,0037222;15,16666667;9,681489384;9,134380341;1,0976256;0,818282247;0
10431;15;30,50071753;66,5;9,237050044;9,134490013;2,077374212;5,91291213;0
10432;15;20,47371252;70,33333333;9,158257089;9,134820938;1,582423318;4,786976457;0
10433;15;33,28034112;61,83333333;8,873012324;9,134836197;1,961794116;5,043319583;0
10434;15;4,604572711;16,5;10,53732314;9,135546684;1,078727826;0,405834794;0
10435;10;13,36505014;19;8,401750738;9,135550499;1,132087453;0,842655301;0
10436;10;24,68410012;36,16666667;9,780809231;9,137700081;1,575379416;2,404822946;0
10437;10;11,35947836;13,66666667;9,317869931;9,138160706;1,087059011;0,580227852;0
10438;15;21,60442241;31,5;9,581039623;9,138360023;1,593459479;2,525582075;0
10439;15;11,50361372;13;9,791737923;9,13970089;1,144647049;0,699746609;0
10440;15;11,05253574;24,33333333;7,990541024;9,140286446;1,006779948;0,880191088;0
10441;15;15,60135454;24,5;12,33670908;9,140410423;1,404662572;1,732704639;0
10442;15;31,01633403;53;10,58296493;9,140616417;1,198520115;3,179207802;0
10443;15;28,19491844;41,16666667;11,25678743;9,141996384;2,155031848;4,804413676;0
10444;10;20,16204195;26;9,71633262;9,142243385;1,349227074;1,582350016;0
10445;10;9,432016766;35,5;8,390184507;9,142912865;1,323929544;1,999559879;0
10446;15;26,6894875;38;9,841776623;9,143854141;1,626912274;3,109009862;0
10447;15;6,389294301;11;13,00274551;9,143875122;1,056566518;0,270055056;0
10448;15;19,74797821;20,66666667;8,080652721;9,143912315;1,245079212;1,367517471;0
10449;15;7,42092283;47,66666667;9,194472378;9,143996239;1,640781823;3,053272843;0
10450;10;17,31300061;27,33333333;11,5790976;9,145713806;1,389506238;1,886915684;0
10451;15;33,15349896;52,66666667;11,19836493;9,14571476;2,264482003;6,031804919;0
10452;15;11,58155626;15,33333333;10,94272614;9,145884514;1,131660482;0,49539125;0
10453;10;10,78162159;11,16666667;11,61865816;9,147530556;1,106097166;0,46187973;0
10454;10;7,215138084;8,770491803;9,48079926;9,148103714;1,02062543;0,156927466;0
10455;15;28,3085032;61,66666667;9,857823031;9,14811039;1,710843195;4,794112802;0
10456;10;18,75984991;28,16666667;10,87655429;9,148844719;1,214347863;1,517592549;0
10457;10;5,277278996;5,166666667;13,62575266;9,150930405;0,751050959;0,015892029;0
10458;10;14,32544209;22,66666667;10,80419926;9,151374817;1,198683009;0,898004651;0
10459;10;19,40703492;23,16666667;10,57463648;9,151721001;1,414422505;1,639245987;0
10460;15;23,18341536;41,16666667;9,887742803;9,151926041;1,602482097;2,98988378;0
10461;15;15,8884984;16,83333333;9,853251802;9,152282715;1,269164283;1,299280167;0
10462;10;6,911755147;14,33333333;9,814352715;9,152481079;1,015788185;0,579407811;0
10463;15;9,161347977;8,333333333;12,9793935;9,152944565;1,10850079;0,573066115;0
10464;10;12,76760071;23,5;7,496538258;9,154301643;1,008184106;0,675522804;0
10465;10;8,57767674;10,5;8,90596665;9,154362679;1,055959957;0,372497082;0
10466;10;26,58756052;34,5;11,0895668;9,154744148;1,740167685;3,030453444;0
10467;10;11,99820495;17,33333333;8,198083679;9,155138016;1,032714071;0,519681215;0
10468;10;8,271926569;5,5;10,70060846;9,15612793;0,944287124;0,063695312;0
10469;10;26,43721047;47,66666667;9,954853691;9,156757355;1,495828995;2,653350234;0
10470;10;22,08061613;26,66666667;10,64225166;9,156835556;1,322450984;1,616492152;0
10471;10;5,995572345;6,166666667;11,23591689;9,157316208;1,038932668;0,11369729;0
10472;15;18,24602639;24,5;9,804217878;9,157483101;1,172412372;1,397736907;0
10473;15;27,99348281;29,5;13,87658424;9,157709122;1,931352438;4,0887115;0
10474;15;5,582797017;19,5;11,02035135;9,15880394;1,291330969;1,437983155;0
10475;10;5,676966924;6,166666667;12,41661814;9,159384727;1,000048363;0,090311885;0
10476;15;17,53983215;28,33333333;9,961576863;9,15982914;1,486881057;2,283714771;0
10477;10;11,17054444;16,66666667;8,907770029;9,160533905;1,041578172;0,366847992;0
10478;15;16,49228583;21;9,231682288;9,160655975;1,259380651;1,209304571;0
10479;10;12,79484536;15,33333333;10,69254017;9,161122322;1,134925019;0,554172754;0
10480;15;9,398492627;13,66666667;9,086081017;9,162169456;1,085814374;0,624948382;0
10481;10;8,775004208;11,83333333;11,86032293;9,162359238;0,982493113;0,394629002;0
10482;15;5,012808005;7,833333333;12,12224302;9,162622452;1,004493335;0,073009491;0
10483;15;31,45657871;43,83333333;8,686164134;9,163160324;1,801068332;3,856168985;0
10484;15;11,81048894;20,5;11,09368116;9,163786888;1,151398661;0,844160914;0
10485;10;15,96794662;19,5;9,59926364;9,164625168;1,190827356;0,948951721;0
10486;10;32,00868861;52,5;8,52044487;9,164682388;1,609402785;3,577501535;0
10487;15;33,4529242;45,33333333;10,7297717;9,165683746;2,000086175;4,94514966;0
10488;10;8,579075917;19,66666667;10,6575525;9,169384003;1,023821597;0,220707297;0
10489;15;34,81740136;70,33333333;10,28331466;9,170116425;2,661622819;8,372335792;0
10490;10;22,27878396;29,16666667;9,605745552;9,170151711;1,399549188;1,806831717;0
10491;15;26,1973925;43,33333333;9,495573631;9,173563957;1,697269058;3,511555791;0
10492;15;14,8609905;33,5;11,04256902;9,173573494;1,097739713;1,551478028;0
10493;10;9,696652644;13,33333333;12,70443614;9,173731804;1,0754986;0,607127309;0
10494;15;23,88682884;32,16666667;10,23000453;9,174713135;1,671809381;2,850064397;0
10495;10;16,58945426;18,33333333;9,281694962;9,175461769;1,164124273;0,992320776;0
10496;10;7,089610688;6,666666667;13,31327445;9,175881386;1,063980537;0,474552751;0
10497;10;17,59881919;33,66666667;9,472632149;9,176478386;1,234741967;1,664040565;0
10498;15;12,70718139;14;10,46627059;9,176744461;1,19816095;1,134939194;0
10499;10;10,59219874;7,333333333;10,11387742;9,17681694;1,087289321;0,356320858;0
10500;10;21,42641104;21,83333333;9,486488492;9,176935196;1,277716949;1,353213191;0
10501;10;11,92401504;17,16666667;9,230077243;9,177066803;1,279828728;0,763560653;0
10502;15;20,23630775;49,5;10,63596598;9,177275658;2,274007019;5,599724412;0
10503;10;9,35775795;13,5;10,92341685;9,178091049;1,09947632;0,578872561;0
10504;15;30,00917316;57,16666667;10,29243846;9,178356171;1,947153791;4,962071776;0
10505;15;3,730513624;5,666666667;13,89529545;9,180496216;1,028286169;0,089833856;0
10506;10;17,80311376;20,83333333;9,071340275;9,180528641;1,257755861;1,079952717;0
10507;10;18,3291272;33,66666667;10,86752755;9,181265831;1,052968284;1,488005877;0
10508;10;14,84083751;18;9,257101011;9,182031631;1,114226974;0,705340862;0
10509;10;13,73716687;16,5;9,654805393;9,183838844;1,141633554;0,812798381;0
10510;10;20,72971946;24,33333333;11,57994906;9,184211731;1,391637981;1,633712173;0
10511;15;11,05532444;8,666666667;13,31699263;9,184494972;1,362989803;0,775930643;0
10512;15;10,86974629;12;10,10006439;9,185263634;1,125875346;0,678299189;0
10513;10;9,809192033;13;9,770887482;9,18542099;1,05154026;0,466509581;0
10514;15;11,47367202;13,66666667;9,551808723;9,1857481;1,245367692;0,853292823;0
10515;10;20,22777072;38,33333333;7,524281121;9,186202049;1,005050129;1,506381989;0
10516;10;21,34368509;37,16666667;11,45587588;9,187566757;1,393021714;2,168028593;0
10517;10;20,24070206;23,5;10,1668775;9,187650681;1,26599474;1,476158381;0
10518;15;21,5325363;41,33333333;9,897580015;9,188584328;1,714478448;3,200170279;0
10519;10;6,395444608;7,333333333;8,211711843;9,189915657;1,004862904;0,109566569;0
10520;10;11,00260995;9,666666667;10,45618621;9,190408707;1,052705017;0,356249332;0
10521;15;9,12297883;12,33333333;13,21938968;9,190505028;1,181842671;1,047831178;0
10522;15;12,89039776;28,33333333;10,26945709;9,191439629;1,436823289;1,945929289;0
10523;10;4,860628729;5,333333333;9,956733569;9,192951202;1,000207965;0,02108264;0
10524;10;12,39109685;13,16666667;10,96451624;9,193058014;1,059640577;0,598361373;0
10525;10;11,24264415;16;9,379377914;9,193288803;1,041301547;0,645811319;0
10526;10;6,079728809;6;9,590791686;9,193368912;1,001376116;0,082939267;0
10527;10;19,75985969;16,83333333;8,974633887;9,193525314;1,243898887;0,842494607;0
10528;10;9,820851583;13,5;10,18090758;9,194533348;1,052154428;0,449802399;0
10529;15;18,34038121;42,16666667;10,47447428;9,194720268;1,303973785;2,35667789;0
10530;10;4,983971132;5,166666667;9,367725712;9,195063591;0,990587472;0,01003623;0
10531;15;30,43248207;51;10,05017561;9,195161819;2,419903022;5,942568421;0
10532;15;18,39058789;27,66666667;8,858420296;9,195236206;1,384560569;1,789041042;0
10533;15;26,52689722;37,83333333;9,075720818;9,197512627;1,514038417;2,887238383;0
10534;15;23,80716879;30,5;10,60897361;9,197684288;1,459373105;2,461641431;0
10535;15;21,23148943;35,33333333;10,19200059;9,197917938;1,765415628;3,061392903;0
10536;15;4,918396163;6,333333333;11,90077002;9,197924614;1,056382296;0,144463181;0
10537;15;18,96515973;18,5;8,203377417;9,198059082;1,245101175;1,293323517;0
10538;10;19,02471255;26;10,10648986;9,198228836;1,333842573;1,535606861;0
10539;15;30,81713982;36,66666667;11,76924374;9,198773384;1,944409591;4,690151453;0
10540;10;7,477103569;9,666666667;9,771987061;9,198947906;1,048157261;0,170034409;0
10541;10;13,90895455;15,83333333;12,42875211;9,199225426;1,207726665;0,965487838;0
10542;15;22,1947086;57,66666667;8,83057207;9,199439049;1,172829164;2,777448058;0
10543;15;10,5934158;31,83333333;12,12147438;9,201165199;1,507359316;2,309427142;0
10544;15;12,97894485;15,33333333;10,70796799;9,201274872;1,252579461;1,018409014;0
10545;15;5,828532189;25,33333333;10,64163549;9,20171833;1,431249603;2,078209043;0
10546;15;18,80132142;28,33333333;8,730815251;9,202885628;1,135598238;1,923334956;0
10547;10;19,65035889;30;11,78244441;9,203438759;1,281199287;2,064954638;0
10548;15;13,81919144;20,66666667;10,122617;9,203549385;1,166077138;1,190322876;0
10549;15;12,37796514;13,66666667;11,08178335;9,20372963;1,208854866;1,128085017;0
10550;10;6,294751406;7,833333333;9,235129466;9,206284523;1,000366622;0,137750626;0
10551;15;28,2776132;57;9,44955385;9,206748962;1,939317039;5,077676654;0
10552;10;16,81518779;19,33333333;11,0867415;9,208474159;1,070982442;0,859086871;0
10553;10;31,17430866;27,66666667;9,299710386;9,210549355;1,352629275;1,934069753;0
10554;10;36,30325287;54,16666667;9,419634521;9,21122551;1,478963394;3,954342246;0
10555;10;5,053298407;9,166666667;14,08584274;9,212065697;1,03207455;0,032473803;0
10556;15;3,545428736;7,833333333;13,46229101;9,21230793;1,082923421;0,515697002;0
10557;15;33,81887417;58,5;10,99375613;9,212667465;2,294386553;5,911106706;0
10558;15;16,3292326;21,66666667;10,81103769;9,213344574;1,394053621;1,765687346;0
10559;15;7,126445882;16,66666667;11,85277344;9,213619232;1,15690979;1,179976106;0
10560;10;13,38801058;16;8,924755344;9,21506691;1,196406104;0,833570242;0
10561;15;13,68283301;25,16666667;9,552961674;9,216105461;1,186301223;0,704105377;0
10562;15;10,26643205;13,83333333;10,29732544;9,216993332;1,155830663;0,826312542;0
10563;10;11,01586016;13,33333333;7,541930456;9,218237877;1,161843978;0,576732159;0
10564;10;20,81053455;36,33333333;12,07134907;9,219477654;1,613722825;2,665269017;0
10565;15;18,89869274;33,5;10,62618604;9,220015526;1,673150406;3,314492822;0
10566;10;6,228995203;6,833333333;9,523337417;9,22046566;1,002650248;0,1235044;0
10567;10;6,636898685;21,33333333;10,07574953;9,22188282;1,156871668;0,662316918;0
10568;15;27,89816159;45,5;9,389319928;9,221964836;1,939877591;4,296583414;0
10569;15;16,46177263;13,66666667;10,39687577;9,222219467;1,191210435;1,007045507;0
10570;10;7,309997378;7,333333333;9,530667737;9,222565651;1,039883414;0,222011566;0
10571;15;7,967838694;11,16666667;9,506643694;9,222589493;1,098736251;0,504408717;0
10572;10;9,877900182;11,16666667;10,00058718;9,223065376;1,02952757;0,397879124;0
10573;15;17,56389289;22,83333333;10,45045918;9,224206924;1,337742142;1,600515842;0
10574;15;5,165005684;7,333333333;14,53318392;9,224450111;1,083075021;0,389217615;0
10575;10;17,82982069;25,83333333;8,648813637;9,224549294;1,294095483;1,295435071;0
10576;15;15,61664976;33,33333333;10,14585843;9,2255373;1,656813488;2,880660892;0
10577;10;9,998586767;9,333333333;10,58334367;9,227432251;1,075986098;0,420933127;0
10578;10;15,20642909;20,83333333;10,20120647;9,228243828;1,226350086;0,954626083;0
10579;10;11,63717134;10,66666667;10,03084071;9,230014801;1,074754495;0,508777022;0
10580;15;32,85460032;42,16666667;10,31122229;9,231280327;1,948100765;4,38063693;0
10581;10;6,08185445;6,166666667;9,774371326;9,231301308;0,981381647;0,109978557;0
10582;15;9,512299529;15,83333333;11,35989418;9,231547356;1,074077412;0,721403956;0
10583;10;16,57592397;27;9,868180904;9,232230186;1,27360004;1,393588185;0
10584;15;32,15502155;71,5;9,999122377;9,233940125;2,025312208;5,686558843;0
10585;15;4,243079943;5,166666667;11,98286344;9,233966827;1,004835089;0,070459485;0
10586;15;30,56832361;37,66666667;10,80920943;9,23422718;1,761878746;3,649410605;0
10587;10;14,41256284;19,66666667;9,883815535;9,23704052;1,059264871;0,714346528;0
10588;15;11,04707527;23,66666667;8,335573078;9,237914085;1,040670931;1,010526776;0
10589;15;23,94430475;35,83333333;9,741727485;9,238125801;1,637509421;3,02444768;0
10590;15;9,683989195;16,83333333;9,687013366;9,239172935;1,05489596;0,699303389;0
10591;10;10,34961367;11,16666667;10,78881566;9,239806175;1,025646483;0,498950839;0
10592;10;6,717079389;8,166666667;10,19557562;9,240206718;1,024507849;0,062255621;0
10593;15;30,21915913;54;8,959304069;9,240476608;2,009236222;5,109629869;0
10594;10;14,20511359;13,83333333;10,17752049;9,240849495;1,228308382;0,725590944;0
10595;10;10,50951751;15,66666667;9,793726448;9,241904259;1,088135687;0,65203917;0
10596;15;25,29536995;27,5;9,936033606;9,242361069;1,569003404;2,537816048;0
10597;15;19,23069968;23,83333333;10,57235185;9,242478371;1,32061601;1,756980419;0
10598;15;21,57785139;46;9,307270736;9,242649078;1,477455337;2,948269606;0
10599;10;14,76422199;9,166666667;12,30561463;9,244721413;1,101790259;0,587767601;0
10600;10;5,637233169;24,16666667;7,754717785;9,245135307;1,18258993;1,175261617;0
10601;15;15,65410658;38,55555556;10,72945202;9,245531082;1,680525417;3,238004446;0
10602;15;36,65933707;38,33333333;10,83348647;9,24678421;1,941836362;4,931764722;0
10603;10;15,48374444;15,66666667;11,25975425;9,247021675;1,270233158;0,913666964;0
10604;10;10,55261183;14,83333333;11,55062452;9,247534752;1,166811644;0,63141489;0
10605;15;31,44709473;86,66666667;9,330297568;9,247639656;1,016431273;3,633526564;0
10606;15;35,76380102;47,5;8,847687105;9,248058319;2,004138164;5,017297983;0
10607;10;15,63098558;24,33333333;9,917031666;9,251257896;1,217557314;1,247739673;0
10608;15;24,9497763;39,5;10,27279886;9,251432419;1,733735625;3,370777965;0
10609;15;5,507571713;5,666666667;3,258111715;9,252085686;1;0,060680151;0
10610;15;10,99231469;12,16666667;11,01974054;9,253331184;1,195867964;0,870715261;0
10611;15;19,85182685;36,33333333;9,725926789;9,2534132;1,553419618;2,571137309;0
10612;10;18,71113267;25,33333333;9,810391102;9,255306244;1,279517814;1,381893158;0
10613;15;12,43213366;16,33333333;11,34712912;9,2553339;1,213533862;1,26603961;0
10614;15;37,00567832;60,83333333;9,853481922;9,255851746;2,658427217;7,698672891;0
10615;15;15,65342787;39,33333333;11,29472245;9,256406784;1,67887395;3,42052424;0
10616;15;6,778100848;9,333333333;7,996162634;9,257923126;1,033318979;0,296609521;0
10617;15;15,47850573;27,83333333;8,917681936;9,259929657;1,269350016;1,26632607;0
10618;15;28,61520445;35,33333333;11,13326062;9,260029793;1,737798259;3,507948041;0
10619;15;22,47853903;38,83333333;9,300168191;9,260904312;1,83381309;3,480678558;0
10620;15;18,16672491;23,5;9,682208678;9,262946129;1,326863474;1,624771714;0
10621;10;6,663564266;6,833333333;10,81629011;9,26300621;1,0643023;0,174630284;0
10622;10;10,93036481;12,5;9,938987127;9,263239861;1,061757295;0,4918437;0
10623;15;7,452577652;7,666666667;10,81454424;9,263264656;1,048945723;0,305708647;0
10624;15;31,08740779;60,66666667;9,648229067;9,264416695;1,619273907;4,368049264;0
10625;15;6,522400177;36,33333333;10,23738329;9,266279221;1,86433476;2,493567467;0
10626;10;8,487997779;10;10,95876277;9,26652813;1,117213906;0,341400623;0
10627;15;22,05118443;35;10,61716409;9,267152786;1,544728507;2,85022831;0
10628;10;9,386284083;13;10,15526703;9,267314911;1,029707367;0,284321785;0
10629;10;9,822403155;17,16666667;10,48035245;9,267386436;1,019217826;0,570499539;0
10630;15;24,79768383;45,66666667;9,989131929;9,267929077;1,776256294;3,730319858;0
10631;15;21,01037233;28,16666667;10,88889855;9,268209457;1,398158173;2,173105121;0
10632;15;28,22599606;36;9,318786642;9,269982338;1,653015806;3,203584552;0
10633;15;6,867172664;6,166666667;9,403333625;9,270115852;1,043120266;0,2062186;0
10634;10;5,829339226;6,833333333;7,271464094;9,271870613;0,993839559;0,097893596;0
10635;15;21,00885163;27,83333333;10,53293012;9,272256851;1,55737506;2,52534306;0
10636;15;6,297058086;6,333333333;9,203504339;9,272384644;1,052715974;0,180693388;0
10637;10;7,864581366;7,833333333;10,2762557;9,272768974;1,061611421;0,240771651;0
10638;10;21,22993772;24;10,67291915;9,272966385;1,342226987;1,655177474;0
10639;10;6,813137391;8,166666667;10,59889292;9,274200439;1,004745562;0,209731221;0
10640;10;9,87853755;28,16666667;10,38409222;9,274451256;1,08908826;0,16856873;0
10641;15;8,203675349;9;9,998757501;9,274747849;1,206485977;0,402197242;0
10642;15;13,10047229;26,66666667;11,287706;9,275473595;1,18676538;1,79531765;0
10643;10;10,02323537;17,66666667;10,02856376;9,275938988;1,033365392;0,223360538;0
10644;15;16,09473325;16,66666667;11,38284578;9,276349068;1,272699502;1,308447599;0
10645;15;4,085674336;5,166666667;8,812633725;9,276953697;0,993511102;0,01083231;0
10646;10;22,21131409;33,83333333;8,623531067;9,277277946;1,370863929;2,076844931;0
10647;10;14,43464398;20,83333333;10,07979114;9,278147697;1,174581455;0,997836232;0
10648;15;31,5413408;57,33333333;9,693526698;9,279493332;2,206404617;5,773116827;0
10649;15;23,45766076;35,16666667;10,23799039;9,279574394;1,745742821;3,07716167;0
10650;10;8,26720657;8,333333333;9,383139208;9,279644966;1,038349572;0,270675421;0
10651;10;7,948911636;9,166666667;8,888741113;9,280281067;1,031259481;0,297085762;0
10652;15;24,59266171;46,33333333;9,250092176;9,280436516;1,803962929;3,802518368;0
10653;10;14,09954677;12,83333333;9,747617622;9,281593323;1,117401461;0,552559972;0
10654;15;29,27913012;38,83333333;9,706965246;9,281933784;1,887026767;3,82098937;0
10655;15;13,19379838;20,55555556;8,940311151;9,283361435;1,121093183;0,913835764;0
10656;15;13,22297328;35,66666667;10,61776785;9,283839226;1,624827181;3,185319066;0
10657;15;13,1295217;17;11,88042483;9,28418541;1,067014343;0,804323196;0
10658;15;16,63111295;20,66666667;9,514245801;9,284304619;1,188952369;1,325761914;0
10659;10;28,89469077;46;10,90856285;9,284655571;1,763512787;3,665279508;0
10660;10;9,782560234;26,16666667;9,755591103;9,285244942;1,439418119;1,484620571;0
10661;10;10,27138378;13,33333333;9,608092181;9,285645485;1,102716557;0,516731739;0
10662;15;25,32228552;40,16666667;8,562897439;9,286931038;1,343168665;2,458958507;0
10663;15;25,84275262;47,33333333;11,93545089;9,287464142;1,821640019;4,140262365;0
10664;15;26,04939429;40;9,778461238;9,287781715;1,766762925;3,416757941;0
10665;15;8,569862348;7;8,378696545;9,289307594;1,082027572;0,254489541;0
10666;10;17,52788952;27,66666667;9,757643242;9,291176796;1,224056165;1,354486227;0
10667;10;10,36455156;20,83333333;10,37508465;9,291306496;1,177445257;0,900582194;0
10668;10;9,681123944;8,166666667;10,36427697;9,297339439;1,072661998;0,395393133;0
10669;15;21,34567584;48,5;13,66135828;9,297458649;1,804202956;4,344429135;0
10670;15;29,44630179;50,5;10,15326947;9,297894478;1,998157065;4,838247657;0
10671;10;21,14551454;15,83333333;10,06897101;9,298277855;1,224365847;1,08106041;0
10672;10;6,439831873;6,166666667;9,936745484;9,298412323;1,024171528;0,112672448;0
10673;10;30,13774274;41,66666667;10,71861336;9,298445702;1,806719542;3,668131828;0
10674;15;20,33543856;47,83333333;9,162434268;9,299676895;1,058591152;2,17041707;0
10675;15;26,4795072;46,16666667;9,65296799;9,300525665;1,817500152;3,887548566;0
10676;15;18,85906541;39,33333333;9,705845894;9,301435471;1,541107377;2,687915564;0
10677;15;25,00042015;46,33333333;10,31004192;9,302524567;1,786114833;3,990267396;0
10678;15;34,22343027;44,33333333;9,963527484;9,303343773;1,995087244;4,856973648;0
10679;15;10,764306;16,33333333;9,577620816;9,304003716;1,264864388;0,858521581;0
10680;10;11,420414;12;10,17717227;9,304570198;1,209578279;0,668566108;0
10681;15;28,68226875;48,16666667;11,31926419;9,304883957;1,777526276;4,450299501;0
10682;15;19,18157695;50,66666667;9,331030992;9,305545807;1,296891229;2,723041415;0
10683;10;8,807359971;10;10,91159799;9,306074142;1,053678409;0,429255366;0
10684;10;6,736156136;8,666666667;9,741874582;9,307380676;1,040354317;0,24902761;0
10685;15;10,90044985;27;11,14531628;9,308259964;1,029002532;1,143051982;0
10686;15;16,12715345;25,66666667;9,908949265;9,3083601;1,392835449;1,641168714;0
10687;15;15,80535488;34,33333333;10,26092048;9,309577942;1,320025405;1,96057725;0
10688;10;24,37201536;29;9,934154879;9,31066227;1,485944203;2,060391903;0
10689;10;5,744328221;6;9,299531364;9,31070137;0,939390626;0,085824728;0
10690;15;30,85233819;38,33333333;10,78274282;9,311232567;1,674499516;3,796192169;0
10691;15;18,21999236;17,5;10,89071543;9,311461449;1,296096617;1,428185582;0
10692;15;52,20371864;73,19672131;9,473651022;9,311663628;3,491642134;12,29691339;0
10693;10;13,65168348;24,33333333;8,234730823;9,311691284;1,229055342;0,970968723;0
10694;15;5,191340555;6;12,45962878;9,312349319;1,091908823;0,106036305;0
10695;10;14,68628295;19,83333333;11,45507604;9,313136101;1,174793788;0,992377758;0
10696;15;12,0694326;14,16666667;10,39559441;9,31381321;1,168130506;1,074574947;0
10697;15;22,30112181;42,33333333;9,680176616;9,314538956;1,572717086;3,170026064;0
10698;10;13,57879927;17,66666667;8,920512442;9,314541817;1,202300386;0,869351983;0
10699;10;4,492004542;13,83333333;10,52248254;9,315030098;1,175051846;0,700273395;0
10700;15;7,659657745;26,16666667;10,18284492;9,316348076;1,491027747;2,263364315;0
10701;10;22,03303427;34;10,51755631;9,316515923;1,394831172;2,133176565;0
10702;15;26,45012328;42,5;10,40723475;9,317554474;1,723096356;3,681999922;0
10703;10;11,3629546;15,44444444;10,49802805;9,318286896;1,106055801;0,387430668;0
10704;15;26,29450465;30,83333333;10,54702154;9,318712234;1,225602056;2,08083272;0
10705;15;14,48251693;21,33333333;9,855865322;9,320730209;1,604143228;1,576316953;0
10706;15;22,26096281;35,83333333;10,71280575;9,320893288;1,546071409;2,563174725;0
10707;10;21,8262461;35,33333333;9,546858935;9,323231697;1,280885384;1,534051657;0
10708;15;7,579202464;43,44444444;8,596846732;9,323491096;1,667742753;4,089897394;0
10709;15;24,43944335;28,16666667;11,1084655;9,323776245;1,495828218;2,749066353;0
10710;15;16,75015757;26,83333333;9,389872046;9,325647354;1,44038367;1,879283071;0
10711;10;17,17671158;27,16666667;10,1992397;9,329035759;1,277577378;1,460506558;0
10712;20;32,11292458;54,83333333;10,6367864;9,329679489;2,159955939;5,916662335;0
10713;10;15,97679553;20,83333333;10,9201662;9,332170486;1,496671179;1,387506843;0
10714;15;28,55352254;38;9,508730939;9,332554817;1,771623918;3,493047357;0
10715;10;12,38039056;12,16666667;10,80544911;9,33457756;1,121218137;0,578158855;0
10716;15;15,94439997;21;9,036937276;9,335431099;1,217386176;1,240418434;0
10717;15;21,04646326;34,66666667;10,50989068;9,336755753;1,61782211;2,64305079;0
10718;15;12,92776502;14,16666667;9,82743568;9,33678627;1,221791354;0,910029173;0
10719;15;6,214092018;8,166666667;8,113016087;9,33842659;1,279494367;0,259163737;0
10720;15;16,17333545;18;10,47396933;9,338442802;1,268015072;1,251974225;0
10721;10;14,94577242;20,5;9,950695231;9,338497162;1,126658494;0,961891413;0
10722;10;6,1276481;8;8,750021932;9,338510513;1,001481329;0,152030349;0
10723;10;21,96573133;27,33333333;10,62108408;9,338899612;1,279847909;1,742500305;0
10724;10;15,54780489;16;10,47858273;9,339014053;1,308376892;1,020493865;0
10725;10;5,846769399;6;11,24873136;9,339093208;0,99204582;0,082339048;0
10726;15;34,60316755;66,5;8,57348402;9,339169502;1,640606831;4,998155475;0
10727;15;6,870093537;13;11,97955804;9,340137482;1,052150203;0,156393647;0
10728;10;11,02994979;16;8,103111539;9,340859413;1,012651608;0,592964649;0
10729;10;10,56111817;10,16666667;11,3720259;9,342954636;1,116325559;0,559138894;0
10730;15;29,59122725;36,33333333;11,39165055;9,343251228;1,706637339;4,006458402;0
10731;15;24,62495778;35,33333333;10,38231488;9,343267441;1,664693565;3,11075294;0
10732;10;9,817494966;10,5;9,116401643;9,344549179;1,04647603;0,48283577;0
10733;15;19,4853797;48;9,014868664;9,344721794;1,437257311;2,857832909;0
10734;15;9,605785392;16,55555556;9,371399494;9,345746994;1,156345762;0,577638507;0
10735;10;28,476301;38,5;10,30542031;9,345870972;1,444426709;2,580898881;0
10736;10;20,97220872;29,83333333;9,971401217;9,346253395;1,10840534;1,401035786;0
10737;10;8,431702615;12,33333333;8,683531696;9,347211838;1,005648657;0,375926137;0
10738;10;7,40376255;44;9,244171462;9,349379539;1,629357267;3,185571313;0
10739;10;14,1148273;16,66666667;10,81802408;9,350292206;1,157177181;0,888459682;0
10740;15;16,40229566;22,16666667;9,552801284;9,350564957;1,252115393;1,45548141;0
10741;15;24,9544805;43,5;9,115716622;9,35157299;1,814329895;3,714054465;0
10742;15;17,82956946;21,5;10,093224;9,35158062;1,390726276;1,642068982;0
10743;10;4,548361111;5;12,7551075;9,352343559;0,736961451;0,001358151;0
10744;15;4,049609086;5,5;13,06580071;9,352613449;0,99894325;0,038995385;0
10745;10;13,54927836;18,16666667;9,482221938;9,352820396;1,042181067;0,741103768;0
10746;10;15,59547071;19,5;10,49686384;9,352972984;1,215692219;0,988137722;0
10747;15;20,27220575;31,5;9,710809128;9,353672028;1,467581811;2,291341901;0
10748;10;10,43394342;15,5;11,07913507;9,354102135;1,044150545;0,596977711;0
10749;10;13,15125631;15,5;9,307730246;9,354523659;1,110584775;0,760344028;0
10750;15;17,57956105;33;10,56454855;9,355566978;1,593446271;3,160829306;0
10751;15;13,50191841;19;9,399613419;9,355940819;1,10881243;1,05715692;0
10752;15;29,23728047;32,66666667;8,943309385;9,356389046;1,510470372;2,763201594;0
10753;15;5,95783177;10;11,93457968;9,356928825;1,01053661;0,07146132;0
10754;15;24,57801027;37,83333333;10,56029162;9,357028008;1,599388761;3,126524568;0
10755;15;12,1080465;20;9,983913424;9,357643127;1,238800191;1,099156737;0
10756;15;21,85567103;43,5;9,756584459;9,358572006;1,463906623;2,98984921;0
10757;10;17,9677308;28,83333333;9,581614392;9,360791206;1,118708422;1,197132826;0
10758;10;12,06787911;20;10,45522505;9,361124992;1,080731783;0,834249258;0
10759;15;26,87792425;54,83333333;9,810652452;9,361249924;2,069311061;5,28642416;0
10760;15;29,4967599;38,66666667;11,09698174;9,361499786;1,62499112;3,522935271;0
10761;15;30,53961655;56;9,799811731;9,361736298;2,217609221;5,832029462;0
10762;10;15,56892526;31,33333333;9,368152964;9,362074852;1,245834537;0,46672833;0
10763;10;10,05330018;11,66666667;8,238956107;9,362675667;1,035932161;0,475718498;0
10764;15;16,11939009;16,5;13,97438791;9,36288929;1,690365471;1,953950763;0
10765;15;18,74293056;22,16666667;11,17892559;9,363698006;1,252971652;1,605161667;0
10766;10;8,089483454;12,83333333;13,51836832;9,365097046;0,770947823;0,29898262;0
10767;10;5,375748255;8,5;8,164649539;9,365607262;1,023261247;0,180434346;0
10768;15;31,04808866;46,16666667;10,38293507;9,36583519;1,985585825;4,964192629;0
10769;15;28,19713333;29,66666667;11,03615791;9,365938187;1,59202573;2,840705991;0
10770;10;16,07141726;19,66666667;10,83716779;9,366214752;1,18701181;1,169405699;0
10771;15;24,89426927;37,33333333;8,991878325;9,368243217;1,740267279;3,294686556;0
10772;10;19,84107038;33,33333333;8,820911975;9,369238853;1,111918255;1,573684573;0
10773;15;8,538878893;27,33333333;10,34734649;9,369990349;1,335863494;1,747362614;0
10774;10;27,35924938;41,83333333;9,32569826;9,370287895;1,596028537;2,821089983;0
10775;15;38,87837826;60,66666667;9,570510126;9,370510101;2,163618312;6,146533012;0
10776;10;4,916426727;5,666666667;13,22889921;9,372652054;0,999938712;0,03645885;0
10777;10;3,995614574;5,166666667;10,8445781;9,373251915;0,967314427;0,015740514;0
10778;15;14,95367932;23;9,896012615;9,375188828;1,216350236;1,176503539;0
10779;10;10,83769458;14,33333333;10,78108565;9,375257492;1,244527457;0,616594195;0
10780;10;25,41113259;42,66666667;10,8552636;9,375329971;1,586681171;3,217867613;0
10781;10;21,53589197;29,66666667;10,3778081;9,375946999;1,273946186;1,460522056;0
10782;15;23,75808955;39,5;9,774523289;9,376543999;1,508992124;2,5270257;0
10783;10;12,19050806;20,16666667;9,403219123;9,376667023;1,054958718;0,812812448;0
10784;10;13,54130554;14,16666667;11,72258583;9,377084732;1,123399726;0,815330267;0
10785;10;5,915963728;5,666666667;8,584069214;9,377188683;1,004220965;0,054785728;0
10786;10;17,05555846;22;10,04375993;9,377534866;1,252790701;1,152597547;0
10787;15;3,366221174;5,5;10,95265032;9,377733231;0,999343967;0,054493785;0
10788;15;17,14610284;28,83333333;10,6179558;9,378271103;1,322951385;1,882867813;0
10789;15;3,709091737;5,333333333;10,8484856;9,378298759;1,001568838;0,051178575;0
10790;15;28,05351816;46,5;10,38150736;9,378614426;2,053697083;4,762359738;0
10791;15;6,958679214;9,666666667;9,39257825;9,378746986;1,080284504;0,374262929;0
10792;10;12,76350205;15,83333333;8,287915945;9,37894249;1,100046313;0,37710166;0
10793;10;6,148111912;7;9,347215443;9,37923336;1,002742974;0,126708865;0
10794;10;15,69497313;20;12,53081683;9,379329681;1,213058876;1,173457146;0
10795;15;22,8816481;39;10,79527298;9,38021183;1,7475417;3,450485706;0
10796;10;28,25376004;35,16666667;11,53763859;9,380449295;1,699532393;3,062422991;0
10797;15;31,99292933;58,66666667;11,2429949;9,38045311;2,678631799;7,733071446;0
10798;10;5,289982441;5,333333333;10,6098668;9,382983208;0,92973127;0,032020807;0
10799;15;14,70862695;17,16666667;10,37838248;9,383172035;1,267103794;1,21459651;0
10800;10;10,41404541;12,66666667;10,06692103;9,384043694;1,112999741;0,514139652;0
10801;15;10,34502515;23,5;12,10146337;9,385547638;1,086780441;0,398421645;0
10802;10;25,27661275;38,66666667;10,49957562;9,386143684;1,531530197;2,729598761;0
10803;15;30,33334245;67;10,65450414;9,386727333;2,98730541;8,997410178;0
10804;10;11,02184401;13,66666667;9,165079658;9,387346268;1,063705762;0,544820547;0
10805;15;26,54401546;38;9,970014363;9,387543678;1,760969608;3,461326361;0
10806;15;28,20375352;38,16666667;11,15160095;9,387644768;1,771928947;3,886504173;0
10807;10;15,72995182;17,83333333;10,54441185;9,387935638;1,198485394;1,054159164;0
10808;10;20,96844496;26,33333333;12,82791338;9,389088631;1,451284851;2,526417375;0
10809;10;15,48575609;18,66666667;10,02163386;9,391263962;1,157201943;0,89552784;0
10810;15;24,96066099;33,83333333;9,883971638;9,393720627;1,640510554;3,157203436;0
10811;15;21,54161636;21,33333333;9,701199549;9,393795013;1,274526341;1,573816895;0
10812;15;25,47581702;40,33333333;9,876164214;9,394309044;1,98096116;3,917958021;0
10813;10;15,10268436;13,83333333;10,17676191;9,395091057;1,170725823;0,777134299;0
10814;15;24,0645624;35,16666667;9,369801427;9,395098686;1,337488679;2,300653458;0
10815;10;13,30824069;16,16666667;10,46133612;9,395330429;1,150945365;0,802869558;0
10816;15;31,21567564;48,66666667;9,340138277;9,395792961;2,060419219;4,965741038;0
10817;10;7,070648181;9,5;10,02278697;9,396497726;1,063947595;0,262164354;0
10818;10;7,988788003;11;11,13390204;9,39883709;1,055454778;0,388537765;0
10819;15;7,29992072;55,16666667;10,19960191;9,399514198;2,046771187;4,774246097;0
10820;15;14,01916238;17,16666667;10,46516591;9,400379181;1,223837151;1,157596111;0
10821;15;22,38502711;34,83333333;10,40644935;9,400720596;1,583490032;2,912298799;0
10822;15;4,573661499;6,166666667;9,612549193;9,400827408;1,055277054;0,265396118;0
10823;15;14,15329412;26;9,984817514;9,400914192;1,480659129;1,719835877;0
10824;10;7,138151224;7,5;13,70231657;9,401901245;1,065423073;0,337612271;0
10825;15;20,06198377;29,83333333;11,78600791;9,40217495;1,377337869;2,785340428;0
10826;10;10,52454869;14,83333333;10,9759492;9,403181076;1,04014002;0,297439814;0
10827;15;26,58795485;47,5;10,47106558;9,404877663;1,512541523;3,97162807;0
10828;15;12,154902;33;9,379083099;9,40602684;1,029115587;1,322031856;0
10829;10;11,33053862;15,83333333;11,09270532;9,406047821;1,140782957;0,507014036;0
10830;15;26,09963304;57,83333333;10,2786101;9,406270981;2,147716334;5,583902478;0
10831;15;12,76925635;23,66666667;8,732124911;9,406914711;1,162375674;1,162581444;0
10832;10;29,66650935;51;8,390639342;9,40719223;1,216210918;2,685690999;0
10833;10;9,129216636;9;7,054451188;9,407654762;1,026998873;0,297422051;0
10834;15;22,81326635;43,83333333;10,4322777;9,408725739;1,854597261;3,834878325;0
10835;15;21,15049212;32,66666667;10,70158729;9,40914917;1,542124271;2,566295028;0
10836;15;21,05355733;36;10,21242657;9,40930748;1,586975907;3,000245452;0
10837;15;9,026339401;13,5;10,91116967;9,409432411;1,052360337;0,638588071;0
10838;15;25,71586047;55,66666667;10,58177052;9,409724236;1,802980726;4,599887609;0
10839;15;11,14174162;23;9,999087569;9,409731865;1,135810059;1,114981413;0
10840;15;19,29565038;40,5;9,418582929;9,411309242;1,495576753;2,723465562;0
10841;15;22,55915277;32,16666667;11,3319584;9,411348343;1,650975034;3,128883839;0
10842;15;17,8089175;22,66666667;10,39260051;9,412964821;1,288212875;1,60700357;0
10843;15;21,52926087;33;8,745706193;9,413433075;1,380448536;2,18658936;0
10844;10;9,677653009;14,5;10,68974975;9,414727211;1,061466457;0,241046906;0
10845;15;16,03436482;38;12,01036241;9,414753914;1,296661485;1,836644053;0
10846;15;18,88699825;25,16666667;10,31313983;9,416641235;1,224278847;1,518905997;0
10847;15;27,45978041;42,16666667;9,943668172;9,41751194;1,674775281;3,570352435;0
10848;15;28,06913285;33,5;11,37655306;9,417804718;1,795074926;3,798059702;0
10849;10;11,25493972;10,16666667;9,192910328;9,417905807;1,075198727;0,488525748;0
10850;15;19,98587797;18,5;11,01558425;9,418314934;1,534714124;1,829268456;0
10851;15;6,299120239;30,16666667;10,25654694;9,418708801;1,520331932;2,3862077;0
10852;15;19,38722329;33,16666667;11,02403641;9,418712616;1,417864456;2,379079819;0
10853;10;7,634914707;9,333333333;9,566004557;9,419154167;1,017389318;0,275061369;0
10854;15;29,76139178;55,5;10,14612438;9,41938591;2,170065094;5,691415191;0
10855;15;23,80620247;47,16666667;11,4155115;9,421022415;1,695748129;3,943566442;0
10856;10;5,432493448;6,166666667;10,03869135;9,421292305;0,995944524;0,080766082;0
10857;15;30,34919888;52;11,84308432;9,421398163;2,167094222;5,848196507;0
10858;10;22,39056375;39;10,00716284;9,422000885;1,476177317;2,441870213;0
10859;15;4,918524157;5,5;11,39518836;9,422035217;1,001205964;0,061544299;0
10860;10;5,905499568;32,5;12,66995963;9,422528267;0,635733851;0,790713906;0
10861;10;15,49832467;27,83333333;10,11839358;9,423212051;1,262237918;1,436607599;0
10862;15;22,48790361;29,5;10,86154756;9,425362587;1,449597116;2,37126863;0
10863;15;22,78593108;35,5;9,939425347;9,426559448;1,64641092;2,914181352;0
10864;15;8,037204913;10;11,37328444;9,427603722;1,08910619;0,721492052;0
10865;10;18,55905449;26,83333333;9,224546471;9,428472519;1,274360895;1,441510916;0
10866;15;21,26208786;32,66666667;10,98319617;9,429153442;1,548478042;2,499115586;0
10867;10;6,330399545;6,666666667;10,82681307;9,429925919;1,004053614;0,135322213;0
10868;15;16,89159246;31,83333333;10,98926504;9,430920601;1,420116386;2,167154551;0
10869;15;24,65794776;46;10,8429449;9,431401253;1,637179308;3,636231184;0
10870;15;4,400123312;5,5;10,08857271;9,431875229;1,004893136;0,048952699;0
10871;15;8,059713889;31,16666667;10,02442166;9,435155869;1,474954417;2,190951467;0
10872;10;4,867103837;7,666666667;12,07485955;9,435900688;1,007806116;0,210863829;0
10873;15;25,06706687;47,33333333;10,3762367;9,436534882;1,704100018;3,932317615;0
10874;10;11,05184754;11,44444444;9,949751296;9,436563492;1,109528924;0,380518556;0
10875;10;16,3409602;27,5;8,297973889;9,437722206;1,103772188;1,182265759;0
10876;15;21,50492457;32,5;10,79397996;9,438817978;1,929380157;3,46245718;0
10877;10;12,23943566;11,16666667;11,02895256;9,440275192;1,129568766;0,678784013;0
10878;15;20,92693792;25,5;9,604042673;9,441168785;1,473075975;2,206870914;0
10879;15;6,193035158;33,83333333;10,93984087;9,44134903;1,670784742;3,131458759;0
10880;15;5,937059098;6,166666667;9,961755624;9,442847252;1,051237402;0,19843626;0
10881;10;18,62685307;23,83333333;9,577852138;9,444047928;1,174064765;1,187469125;0
10882;15;37,42419141;83,33333333;10,03600886;9,445367813;2,569878154;9,34587729;0
10883;10;30,83241425;32,16666667;12,22611404;9,446103096;1,76669149;2,597450614;0
10884;15;12,02425352;19,33333333;10,21150131;9,446433067;1,160863291;0,972885013;0
10885;15;20,13730039;36,5;10,13524648;9,446986198;1,578134954;2,879124045;0
10886;15;26,73644694;56,16666667;10,56414203;9,447163582;1,939861101;4,95758605;0
10887;10;14,21618739;17,83333333;8,422729972;9,447220802;1,096076895;0,759497881;0
10888;15;31,34509953;64,5;9,031201289;9,447483063;1,767391892;5,402739763;0
10889;15;22,73229201;25,33333333;10,55228385;9,448287964;1,489861645;2,290502071;0
10890;10;5,082815288;5,166666667;11,6883759;9,45033741;1,000375516;0,030011773;0
10891;15;23,98171549;41,16666667;11,19005134;9,450652122;1,567880966;3,484862328;0
10892;15;21,51877595;44;8,643356198;9,450685501;1,501347808;3,043256283;0
10893;10;6,930535817;7,5;9,282843087;9,452177048;1,036882966;0,237325072;0
10894;10;12,2062907;17,5;9,574245736;9,452329636;1,0633889;0,428830624;0
10895;10;22,2775512;33,16666667;9,677107633;9,453893661;1,213467718;1,742904305;0
10896;15;14,74536161;41,83333333;9,1388773;9,454985619;1,116432438;0,685958624;0
10897;15;10,92829448;12,5;9,905335402;9,455254555;1,078804999;0,593601108;0
10898;15;15,21084493;23,83333333;9,448533954;9,455631256;1,229407794;1,471862793;0
10899;15;5,132403245;9,833333333;12,19909955;9,457005501;1,054735125;0,591806889;0
10900;10;22,95352244;18,16666667;9,866559485;9,457356453;1,295486946;1,451685786;0
10901;15;5,883307105;8,166666667;10,55196325;9,457624435;1,022039527;0,228318334;0
10902;10;20,38055598;40;10,25048859;9,457941055;1,048801773;1,741188169;0
10903;15;32,49411086;37,33333333;10,67280817;9,458226204;1,71580347;3,005329967;0
10904;#N/A;5,091463948;5,5;13,2144452;9,459542274;1,029114973;0,197462082;0
10905;10;12,69820615;16,33333333;9,665911165;9,460593224;1,077397741;0,685848951;0
10906;10;19,66667218;18,5;8,456455339;9,46070385;1,149607044;0,891011238;0
10907;15;38,10997213;60;10,39067826;9,461001396;1,752491816;5,090612054;0
10908;10;14,57893216;20,83333333;8,486085299;9,46113205;1,089775964;0,95937252;0
10909;10;21,98719412;20,83333333;9,248342937;9,46132946;1,233164321;1,496094584;0
10910;10;13,09469823;21,16666667;9,805232168;9,461880684;1,207814502;1,013448715;0
10911;15;14,43159162;32;9,917162079;9,461977005;1,269629396;1,816170812;0
10912;10;5,260327339;6;11,20758611;9,463129997;0,985340265;0,071198463;0
10913;15;12,11144442;17,83333333;9,952503551;9,463807106;1,244107774;1,185377717;0
10914;15;32,97648572;42,5;11,50347245;9,464158058;1,972728857;5,0065943;0
10915;10;18,32179825;55;10,74253834;9,465776443;1,575758634;3,565592647;0
10916;15;30,05720004;42,5;11,41364554;9,465960503;1,981771945;4,845407009;0
10917;15;25,24739445;23,5;10,53731806;9,469044685;1,398038817;2,244383574;0
10918;15;11,79180201;14;9,731693922;9,469076157;1,174174678;0,853712797;0
10919;10;8,806171668;11,83333333;11,27407754;9,47236824;1,051197785;0,490496039;0
10920;10;5,880532793;7,166666667;9,353522611;9,472677231;0,996769496;0,127522945;0
10921;10;7,409188841;24,33333333;8,165429896;9,473010063;1,195516197;1,205895185;0
10922;15;30,60354287;47,66666667;10,57338684;9,473778725;2,051959917;5,032473087;0
10923;5;8,51272342;5,666666667;12,13980436;9,474161148;0,969075759;0,065935969;0
10924;15;21,8290712;29,88888889;9,674472534;9,474225044;1,348196085;1,629860878;0
10925;15;33,00572041;61;10,76623551;9,474554062;2,545741816;7,686031461;0
10926;10;17,92445858;21,66666667;9,29061674;9,475243568;1,194079503;1,09404695;0
10927;15;10,50236616;23;8,550772161;9,475593567;1,0233123;0,995096803;0
10928;10;25,72962568;53,33333333;8,753025132;9,476373672;1,32483643;2,885380507;0
10929;15;9,891896873;11,66666667;10,09479179;9,477830887;1,03962391;0,774184823;0
10930;10;11,20354696;14;8,716419668;9,478021622;1,069174735;0,529018998;0
10931;15;6,807546962;20,33333333;9,502857378;9,478154182;1,402519189;1,702448249;0
10932;15;12,19474693;23;9,895720824;9,479083061;1,134957774;1,097352624;0
10933;15;18,08864421;29;10,81496629;9,479089737;1,399261197;1,846959591;0
10934;15;9,828658253;15,66666667;10,92841526;9,480118752;1,113866768;0,562734485;0
10935;15;8,787405646;11,83333333;9,861396668;9,481045723;1,105036949;0,573622704;0
10936;10;15,89338194;19,66666667;10,81179929;9,48167038;1,278923103;1,10711503;0
10937;10;20,60151017;30;9,887504267;9,4817276;1,345648668;1,832313895;0
10938;10;15,1464682;18,33333333;11,10706341;9,483100891;1,199433319;0,583058476;0
10939;15;14,94934299;24,83333333;10,9382106;9,483146667;1,319721058;1,604118228;0
10940;15;29,48831121;61,16666667;10,2730424;9,483441353;2,535390659;7,320781946;0
10941;15;14,88148878;35,5;11,15568368;9,483931541;1,578982314;2,669821501;0
10942;10;9,415044804;9;11,65771904;9,483986855;1,038204725;0,413104653;0
10943;15;19,40600699;38;11,12269857;9,48473835;1,486605969;2,402942896;0
10944;15;15,07751274;21,4516129;10,61189808;9,485922813;1,236093778;1,296998501;0
10945;15;19,99776245;42,5;9,715068206;9,486166954;1,708957188;3,32687366;0
10946;15;21,33704017;33;10,44408006;9,486209869;1,369945563;2,383130074;0
10947;15;13,67670703;13,66666667;9,65351996;9,486466408;1,145918358;0,83637023;0
10948;15;10,02066922;15;7,046792477;9,487287521;1,120848955;0,696841002;0
10949;10;7,804525295;10;10,00967607;9,489625931;1,098014184;0,315252662;0
10950;15;35,276089;90,33333333;9,102376577;9,490088463;1,516314668;5,840159535;0
10951;15;24,91868273;31,5;9,541717364;9,491390228;1,582574663;2,665073514;0
10952;10;7,751593388;13;11,15260769;9,491505623;1,011892847;0,077786684;0
10953;15;22,42245957;56,33333333;11,770957;9,496074677;1,82753034;5,429466009;0
10954;15;26,60415797;34;11,46729601;9,496198654;1,662038765;3,538228869;0
10955;15;13,03881356;20,66666667;10,69475466;9,496268272;1,209545508;1,320958734;0
10956;10;6,105553386;6,5;11,96388224;9,496502876;0,977909847;0,11120677;0
10957;15;8,910808737;10,66666667;10,24310768;9,496534348;1,067674455;0,412894964;0
10958;10;14,42372844;15,5;11,08004122;9,496986389;1,249603962;0,987704396;0
10959;10;23,05298126;38,66666667;9,846477592;9,497193336;1,280012583;1,85652709;0
10960;15;6,936243007;40,5;12,03014592;9,497843742;1,289421442;1,402421236;0
10961;15;25,39214514;50,5;9,342818754;9,498829842;2,020353596;4,659655809;0
10962;15;21,54967753;33;10,66107104;9,499464989;1,741009893;3,054702878;0
10963;15;28,61467942;58,5;8,985358419;9,500207901;2,00216445;5,276759863;0
10964;10;14,17906782;8,833333333;10,64362561;9,500275612;1,088436863;0,282894611;0
10965;15;16,93891144;21,66666667;11,66852616;9,500759125;1,314549371;1,638715744;0
10966;10;30,19640365;31,33333333;11,68098066;9,501227379;1,664758364;2,959639668;0
10967;15;11,20665121;18;12,6071214;9,501647949;1,196065604;1,236314058;0
10968;10;13,30458828;22,5;7,746632457;9,502215385;1,01396462;0,891657352;0
10969;10;9,03301588;13,33333333;8,996541408;9,50254631;1,011588155;0,442124128;0
10970;15;11,18121313;10,71428571;10,95429237;9,502642632;1,110214671;0,485730171;0
10971;10;3,584096111;5,333333333;8,332358602;9,503563881;0,930725069;0,024794936;0
10972;15;22,57923736;45,5;11,06597668;9,50415802;1,529798286;3,199605584;0
10973;10;18,48768826;36,16666667;11,04893675;9,505262375;1,540527457;2,455616593;0
10974;10;4,634507594;5;11,43415763;9,505263329;1;0,000107646;0
10975;10;18,93817478;21;10,23611704;9,505352974;1,296374045;1,348449826;0
10976;15;11,33020498;9,5;10,86746695;9,505883217;1,043595644;0,504170775;0
10977;10;6,444384442;25,5;9,195508315;9,506534576;1,336631597;1,190249085;0
10978;10;13,29233222;23,33333333;9,782218457;9,507632256;1,024076509;0,891418695;0
10979;10;14,12220069;24,33333333;9,623124556;9,508714676;1,042874185;0,98696661;0
10980;10;18,91782309;22,33333333;11,19799777;9,50903511;1,348134208;1,563178658;0
10981;10;11,16794939;11,66666667;10,71443652;9,511096001;1,111086572;0,690197229;0
10982;15;12,99591226;21;9,8401479;9,512497902;1,243908494;1,238628387;0
10983;15;23,38391788;38,83333333;9,425168619;9,513375282;1,544036381;2,850565791;0
10984;15;27,7822528;38,83333333;11,13083981;9,513519287;1,860844464;4,176664114;0
10985;15;20,7814395;29;10,81584152;9,51393795;1,447931851;2,405234456;0
10986;15;11,11755063;58;7,949020733;9,514315605;1,314225117;3,171765685;0
10987;10;13,67999186;15,66666667;10,30724855;9,514404297;1,157540395;0,85998404;0
10988;10;12,74076775;16;10,06741556;9,514413834;1,21976569;0,870548844;0
10989;10;15,81319322;17,44444444;9,657537767;9,516094208;1,050852751;0,625997424;0
10990;10;17,74134785;19,33333333;11,48219036;9,516697884;1,214100322;1,164311051;0
10991;15;35,43229339;39,5;10,67698002;9,51718235;1,953864064;4,684227824;0
10992;15;16,07879716;19,66666667;10,44772022;9,518044472;1,238790551;1,534709692;0
10993;15;15,42440896;43,16666667;9,418141389;9,519403458;1,144449459;2,037532449;0
10994;15;22,668865;51,5;10,39875489;9,519820213;1,643953126;3,888434052;0
10995;15;25,59336385;37,5;10,88010427;9,522783279;1,67278815;3,354113102;0
10996;15;11,75387229;13,5;10,82315095;9,523877144;1,179170011;0,985754251;0
10997;10;13,3232211;19;9,937356094;9,524309158;1,14420094;0,827721357;0
10998;10;10,40767505;20;12,02380681;9,524336815;1,191954307;0,908210516;0
10999;15;28,74192815;56,83333333;11,10998918;9,524935722;1,527339802;4,119471073;0
11000;15;15,90142887;48,66666667;9,523672683;9,525071144;1,50542773;3,403810143;0
11001;15;18,62297461;33,16666667;10,95918349;9,526558876;1,459949701;2,45176971;0
11002;15;5,798918056;5,666666667;11,90124326;9,526558876;1,010405023;0,126271129;0
11003;15;25,05478902;34,16666667;9,474269683;9,526855469;1,694705368;2,971233249;0
11004;15;19,99847912;43;12,04911601;9,528053284;1,421695487;2,317321897;0
11005;10;21,02158427;36,33333333;10,69589689;9,528072357;1,4723807;2,258589149;0
11006;15;16,91751218;11,33333333;10,77936838;9,531044006;1,111018237;0,81097424;0
11007;10;18,28943531;29,5;10,33196015;9,531866074;1,29138815;1,571795106;0
11008;15;12,19299917;26,5;10,85333226;9,53199482;1,138554152;1,313330293;0
11009;10;18,47480015;20,83333333;9,673437357;9,532898903;1,214439772;1,056444287;0
11010;15;19,94621012;28,83333333;10,54723624;9,533805847;1,388350013;2,365746856;0
11011;15;18,59252506;33,16666667;9,929118584;9,534025192;1,607920609;2,651201248;0
11012;10;3,754461942;5,166666667;12,35935635;9,534265518;1,000730689;0,032688975;0
11013;15;31,20868382;43,33333333;11,58867148;9,534334183;2,050593114;5,074217796;0
11014;15;10,37063743;19,16666667;13,25711035;9,534698486;1,359593209;1,729549408;0
11015;10;13,78806128;17,5;9,638644993;9,534749985;1,066523004;0,804432273;0
11016;10;7,124165636;8,166666667;7,892419828;9,535424232;1,021999096;0,192327023;0
11017;15;25,57823475;39,16666667;11,67252952;9,535690308;1,714228929;3,760030389;0
11018;15;24,63954001;35,83333333;10,09851514;9,537759781;1,379327252;2,478858948;0
11019;10;14,68001291;20,66666667;9,870705099;9,538113594;1,124916796;0,995376945;0
11020;15;35,82790636;56,33333333;10,42519032;9,54093647;1,97563638;5,298633575;0
11021;15;5,541441691;9,833333333;10,40991932;9,541877747;1,069848537;0,2519207;0
11022;10;12,42683816;20,83333333;11,41094344;9,541898727;1,007126963;0,84533298;0
11023;10;4,736393046;16,5;9,86781401;9,542976379;1,131761071;0,826747775;0
11024;15;26,80155463;36,16666667;10,20521247;9,543021202;1,649018958;3,331725717;0
11025;15;19,68851244;36,33333333;10,44630963;9,544208527;1,439756229;2,604866982;0
11026;15;15,22650489;21,16666667;9,550607424;9,548054695;1,394335398;1,569150805;0
11027;10;12,81658968;13,83333333;10,04332662;9,548376083;1,133527035;0,699401975;0
11028;15;16,73612992;24;10,42997844;9,548461914;1,237691328;1,69863677;0
11029;15;18,26464305;40,66666667;11,26492072;9,54870224;1,632331639;3,873711109;0
11030;15;21,62519858;28,16666667;9,617020295;9,549062729;1,497736327;2,259507775;0
11031;15;25,34174528;55,66666667;8,736644454;9,54927063;1,335690958;3,301389217;0
11032;15;14,75899887;18,55555556;10,57726974;9,549483299;1,341379348;0,984621525;0
11033;10;15,83459771;15,5;9,47870122;9,549689293;1,173650988;0,904655933;0
11034;10;13,5920588;17,33333333;10,59360914;9,551525116;1,109610442;0,693083286;0
11035;10;19,07413804;26,33333333;9,732165519;9,552834511;1,304639356;1,642317057;0
11036;15;19,86372354;43,66666667;11,44843408;9,553085327;2,028697388;5,125861526;0
11037;15;17,5051808;21;11,22831823;9,554148674;1,390007687;1,814469934;0
11038;15;21,2409028;36;8,891716146;9,554969788;1,483160345;2,535376787;0
11039;15;13,47855526;11,66666667;10,24357589;9,555339813;1,146892903;1,044190407;0
11040;15;25,59145848;48;10,09468861;9,555586815;1,729778596;3,964700222;0
11041;10;6,027357866;8,166666667;7,830930973;9,556738853;0,99929126;0,142939687;0
11042;10;4,562195426;5;13,71026275;9,55764389;0,970428783;0,0022434;0
11043;15;30,76061751;63,66666667;10,51268531;9,557909012;2,5025186;7,250639796;0
11044;15;30,70667167;40;10,87123236;9,558749199;1,765127243;3,924903989;0
11045;10;5,08744497;7,5;9,241422176;9,55905056;1,006943111;0,221121907;0
11046;15;8,992498299;7,666666667;11,59625735;9,55921936;1,084739976;0,485153317;0
11047;10;18,23781977;24;11,05692462;9,559337616;1,22520028;1,369493484;0
11048;15;18,78132775;37,16666667;10,17207219;9,559506416;1,618240308;2,905811071;0
11049;15;27,45985949;41,66666667;10,93898835;9,561058998;1,810373736;4,244507194;0
11050;15;23,78524083;33,33333333;10,14379327;9,562378883;1,538040666;2,663519979;0
11051;10;5,699468983;5,5;9,195089578;9,562497139;0,973438025;0,056105494;0
11052;15;21,23921182;30,33333333;9,929702982;9,56316185;1,507168197;2,377079368;0
11053;10;7,071088522;8,166666667;11,91705587;9,563281059;1,00331925;0,210895658;0
11054;10;16,20859818;15,5;9,755274395;9,565012932;1,200477422;0,891676664;0
11055;15;5,276461068;8,5;14,53826117;9,565749168;1,081903546;0,522534728;0
11056;15;5,928206855;9,166666667;11,56405289;9,567469597;1,002408846;0,17370975;0
11057;10;9,248248077;13,5;10,73109751;9,568120956;1,032463621;0,111438632;0
11058;15;11,22545291;16,5;9,160537651;9,56977272;1,162790585;0,822325945;0
11059;15;25,9434029;39;10,05123124;9,570378304;1,659381247;3,453644276;0
11060;10;10,5581672;15,16666667;10,78928922;9,57049942;1,111340519;0,709902048;0
11061;10;22,06303684;24,83333333;10,74985687;9,57102108;1,433099827;1,91608274;0
11062;15;7,620023178;9;12,63113382;9,572981834;1,101004088;0,550839067;0
11063;10;10,81305428;14;8,531467438;9,573217392;1,020531969;0,551750779;0
11064;15;14,0227153;21,5;10,01525172;9,574485779;1,260864012;1,374663234;0
11065;15;11,9784024;14,66666667;10,1884261;9,574999809;1,258724627;0,942363739;0
11066;10;14,95857126;15,35714286;9,668000023;9,575737;1,148225432;0,722991109;0
11067;10;6,233453392;7,5;11,42303707;9,577105522;0,800230397;0,128477812;0
11068;15;23,01546624;49;10,31797865;9,577903748;1,878508402;4,337472439;0
11069;10;13,81525166;19,83333333;7,838957126;9,578401566;1,027881993;0,808672309;0
11070;10;5,932807876;23,66666667;10,02626158;9,579147339;1,323069507;1,473088026;0
11071;10;9,329170627;12,16666667;9,243023502;9,579283714;1,021609045;0,149922967;0
11072;15;5,07692844;8,5;14,61339857;9,580031395;1,072485697;0,46949029;0
11073;10;8,904253333;8,833333333;10,19524335;9,582090378;1,040013554;0,336559653;0
11074;15;21,80206265;47,66666667;9,405251859;9,582227707;1,713561649;3,562210321;0
11075;15;12,47779663;12,5;9,689526953;9,582770348;1,182322416;0,835229635;0
11076;15;20,96963085;36,16666667;10,29752325;9,583275795;1,590403342;2,810968161;0
11077;10;10,09172405;29,33333333;8,699298135;9,583863258;1,014262235;1,217443109;0
11078;10;17,57202671;20,83333333;10,36786282;9,584090233;1,158059567;1,1951859;0
11079;15;12,65040048;23;10,59200105;9,584394455;1,229125794;1,346448183;0
11080;10;35,83602222;42,16666667;11,89081;9,585584641;1,757578453;4,176828265;0
11081;15;28,85499165;46,16666667;10,62939589;9,586722374;1,625437945;3,84449172;0
11082;10;9,492643979;13,66666667;7,96815236;9,588053703;0,974269113;0,461687088;0
11083;15;18,82228618;36,33333333;10,98729762;9,588237762;1,786985766;3,745494485;0
11084;10;8,91762947;8,333333333;9,357932494;9,588612556;1,037140184;0,32692194;0
11085;15;5,49846273;8,5;8,956870987;9,588875771;1,063376229;0,217534423;0
11086;15;14,14506019;21,66666667;9,845563263;9,589021683;1,230300796;1,251244664;0
11087;15;21,52236481;28,33333333;11,53079581;9,589101791;1,578735671;2,871045351;0
11088;10;14,48936991;22,33333333;10,48785863;9,589238167;1,114021107;1,051499009;0
11089;15;15,6501963;18,16666667;11,67427308;9,590379715;1,33855635;1,853197336;0
11090;15;4,947628926;19,5;10,65390926;9,590773582;1,294252267;1,462576151;0
11091;15;34,29238773;48;12,17536989;9,590928078;2,115237706;6,193489432;0
11092;15;22,8714538;31,66666667;10,27735714;9,591714859;1,506934331;2,6253438;0
11093;10;12,59702153;16,16666667;11,42256809;9,592371941;1,140607193;0,858362436;0
11094;10;40,44364916;50,83333333;11,50935821;9,592624664;1,872850481;4,883206725;0
11095;15;8,868048511;19,83333333;9,699103726;9,593316078;1,198775324;1,172039151;0
11096;10;5,919227147;6,166666667;11,83080659;9,593976021;1,009971269;0,102520466;0
11097;10;18,30308543;33;8,556377899;9,595027924;1,052713775;1,074795842;0
11098;10;20,23428706;26,16666667;9,231450768;9,595100403;1,225122616;1,515427589;0
11099;15;18,9570219;48,33333333;11,05048541;9,595698357;1,271793564;1,483583331;0
11100;15;5,013176682;27,83333333;9,958140821;9,59650135;1,149669256;1,323189259;0
11101;10;13,50889738;17,16666667;9,960803405;9,598006248;1,089769759;0,607192397;0
11102;15;16,7393559;21;9,762665012;9,598199844;1,237691119;1,432596803;0
11103;10;12,35721929;16,16666667;9,11911504;9,598241806;1,086671817;0,669514656;0
11104;15;27,17415741;34;10,66326049;9,598639488;1,628754718;3,196258307;0
11105;15;11,40714308;6,333333333;13,86330491;9,599443436;1,091303027;0,439782381;0
11106;15;20,37414494;28;10,2183547;9,600231171;1,381818196;1,997572064;0
11107;10;21,20794557;34,16666667;9,881692152;9,600471497;1,395293316;2,206583142;0
11108;15;15,36606098;31,66666667;11,47412357;9,60080719;1,334900305;1,90677917;0
11109;15;28,25584795;38;10,59029192;9,600846291;1,83043534;4,034610868;0
11110;10;15,59907364;29,33333333;9,854489982;9,602430344;1,522732602;1,642692089;0
11111;15;13,38961179;19,5;11,01756446;9,603019714;1,174262462;1,493189931;0
11112;10;6,120198884;7,833333333;8,124410052;9,603289604;1,001980357;0,156969428;0
11113;15;15,59289456;22,83333333;9,838358154;9,605051041;1,315333999;1,521384597;0
11114;10;11,95036346;14,16666667;10,57953199;9,605439186;1,111067085;0,690326571;0
11115;10;5,896869399;8,114754098;8,972848948;9,605534554;1,001324436;0,045017242;0
11116;15;20,16321075;46,33333333;11,59877727;9,605894089;2,168330471;5,585872769;0
11117;15;21,37256247;27,16666667;9,944675769;9,606250763;1,448543442;2,236023664;0
11118;10;15,63575895;14,66666667;9,690379513;9,606436729;1,156451528;0,881607294;0
11119;15;11,77034127;21,33333333;9,142207847;9,608242035;1,263156132;1,209529042;0
11120;15;16,77060911;24,5;9,574297355;9,609257698;1,347948692;1,594519496;0
11121;10;20,36354829;25,5;10,75963758;9,609407425;1,330676814;1,847086787;0
11122;15;25,98225856;35,83333333;11,4255481;9,60960865;1,704075124;3,43671298;0
11123;10;16,83466794;22,33333333;10,24149922;9,610069275;1,239270925;1,320963383;0
11124;15;15,04456014;26;11,00798682;9,611153603;1,158376149;1,43778646;0
11125;15;28,64714871;42,33333333;10,76046917;9,611532211;1,931148123;4,422568917;0
11126;10;33,10176806;59,83333333;9,205181039;9,612789154;1,349903364;3,536858201;0
11127;10;9,559589242;11,83333333;9,979221342;9,614323616;1,037960446;0,459015131;0
11128;15;17,71910652;24,5;10,60578812;9,615891457;1,441929576;2,135248303;0
11129;15;33,22705436;69,66666667;10,93517568;9,616087914;1,637880857;5,307386041;0
11130;10;11,3023495;14,5;9,666756639;9,618740082;1,195821317;0,670383811;0
11131;15;14,0054836;17,66666667;10,13004606;9,619585991;1,206028795;1,101900578;0
11132;15;24,46859865;32,66666667;11,30427497;9,620597839;1,629633316;3,117391348;0
11133;15;14,06182542;27,66666667;9,692659574;9,620735168;1,254314859;1,619379997;0
11134;10;18,98037053;37,16666667;10,33724165;9,622226715;1,584499914;2,546265125;0
11135;10;4,965131034;5,166666667;12,33768471;9,624121666;1,002078762;0,019909978;0
11136;10;8,182565808;7,333333333;10,10891238;9,625348091;1,043392478;0,263958454;0
11137;10;20,04010295;30,66666667;11,43769398;9,627120972;1,400546057;2,801048279;0
11138;15;17,58317954;21,83333333;10,62866673;9,627210617;1,355852702;1,755555511;0
11139;15;27,60096028;25,16666667;10,58126557;9,62827301;1,481192164;2,334153175;0
11140;15;6,674787002;14,66666667;10,45581764;9,628298759;1,242546284;1,174618959;0
11141;15;9,327237015;23;7,970120042;9,630755424;1,023210261;0,15532887;0
11142;15;20,92365869;25,83333333;10,89248953;9,631509781;1,508239253;2,278747916;0
11143;15;11,31443557;18,83333333;10,92068868;9,631706238;1,119976141;0,735170364;0
11144;10;10,8161416;16,16666667;9,169238155;9,632044792;1,050393323;0,649006724;0
11145;15;17,29668752;37,16666667;9,30159331;9,632406235;1,320900891;2,209576845;0
11146;15;26,28258219;41,16666667;10,59001271;9,632465363;1,718850157;3,643813014;0
11147;15;36,26124246;65,5;10,24491375;9,632497787;2,541648671;7,953482866;0
11148;15;21,87081479;38,66666667;11,2802718;9,632875443;1,6627856;3,161982775;0
11149;15;5,982452863;7,833333333;9,689925896;9,634128571;1,294623974;0,231295347;0
11150;15;20,99514165;28,5;8,652410704;9,63659668;1,443795405;2,023921251;0
11151;10;7,545634677;9;8,258748706;9,637117386;1,021541206;0,273656845;0
11152;15;32,57700201;40;11,1714392;9,637248993;1,868106533;4,498042703;0
11153;15;30,22054303;41,5;10,235906;9,638999939;1,81154071;4,080231309;0
11154;10;12,90552159;20,66666667;9,187672386;9,639403343;1,082131782;0,180976748;0
11155;10;4,199375107;14,5;9,474351614;9,639546394;1,022942194;0,575031757;0
11156;15;15,98855091;24,83333333;9,058917766;9,640784264;1,279162358;1,489897728;0
11157;15;24,72073268;37,83333333;10,038979;9,641116142;1,350623307;2,646550894;0
11158;15;25,26334705;48;10,93227408;9,641965866;1,968822673;4,625151873;0
11159;15;15,73055925;27,83333333;9,582860255;9,642147064;1,333806513;1,791742682;0
11160;15;20,87473121;20,16666667;11,56050893;9,642380714;1,301002086;2,197916031;0
11161;15;25,4044109;45,83333333;11,42555063;9,64268589;1,916728142;5,044478893;0
11162;10;5,505765157;6,666666667;12,85489622;9,64285183;0,568915642;0,067143321;0
11163;15;28,24379904;49,33333333;10,90099484;9,642917633;2,113736873;5,312431455;0
11164;15;18,66507288;34,33333333;10,22377264;9,643078804;1,555928338;2,635166645;0
11165;15;16,57677034;44,66666667;10,28208371;9,643201828;1,702116458;3,805831909;0
11166;15;8,812960277;9,666666667;10,20046593;9,643864632;1,112360127;0,59827292;0
11167;10;6,271600139;7,166666667;11,57291378;9,644079208;1,013593106;0,165795326;0
11168;15;13,70700776;45,16666667;10,91343482;9,644501686;1,467508632;3,181661487;0
11169;15;9,026508572;10,33333333;11,91243966;9,646055222;1,058913364;0,935244203;0
11170;10;13,25123291;22;7,870966885;9,646476746;1,032834321;0,891115546;0
11171;15;18,46237326;34,5;9,953605493;9,646826744;1,55377843;2,589287281;0
11172;15;5,686941135;5,833333333;11,50171993;9,646913528;1,047255686;0,187345624;0
11173;15;4,158118756;5,333333333;10,03798829;9,647569656;0,932877416;0,027140737;0
11174;10;7,888206091;8;10,87124263;9,647628784;1,069336237;0,312866211;0
11175;15;20,82424653;51,83333333;10,97072552;9,651307106;1,207876449;2,714439392;0
11176;10;10,69963182;16,33333333;11,95957034;9,651381493;1,044391159;0,251061559;0
11177;10;27,01203787;48,16666667;11,13453709;9,651979446;1,771455755;3,620456338;0
11178;10;14,75901037;15,16666667;9,824458043;9,652028084;1,186440001;0,889107347;0
11179;10;4,757112206;5,166666667;7,556674456;9,652546883;0,689643308;0,006899953;0
11180;10;9,053860654;10;8,571457491;9,654948235;1,054443718;0,360156894;0
11181;15;20,56630538;36,5;10,41312409;9,654983521;1,404822554;2,085165381;0
11182;10;13,24803521;20,66666667;8,937270167;9,656684875;1,234653561;1,042854428;0
11183;15;15,5912732;26,16666667;9,168242437;9,6569767;1,385377273;1,81632638;0
11184;10;8,894071387;12,83333333;9,394338457;9,658006668;0,965455247;0,420426726;0
11185;15;6,451214973;12,5;11,12987372;9,658293724;1,014088774;0,100193501;0
11186;15;24,60004928;48,16666667;9,874869494;9,658296585;1,546808448;2,971621037;0
11187;15;16,05759212;34,33333333;10,85168661;9,66108799;0,998151619;1,460290551;0
11188;15;22,28076343;31,5;11,17984745;9,661859512;1,574308562;2,745446205;0
11189;10;8,526066893;10,33333333;10,70755876;9,662891388;1,032483921;0,204518676;0
11190;10;13,64624132;23,83333333;10,92320179;9,663513184;1,132054633;0,913937569;0
11191;10;3,580166861;5,166666667;14,64073365;9,66417408;0,976339336;0,030044556;0
11192;10;24,15364184;35,5;9,96615873;9,664507866;1,295698276;2,188325763;0
11193;10;18,83405374;25,5;10,51937055;9,664707184;1,215909262;1,399233699;0
11194;15;7,107919501;17,33333333;12,41074197;9,664834023;1,00120055;0,039393902;0
11195;10;9,570264354;10;12,62142582;9,665246964;1,04126857;0,473601937;0
11196;15;8,89584772;15,66666667;9,948110028;9,66634655;1,077452491;0,700305343;0
11197;15;8,28794411;11,66666667;9,382627361;9,66656208;1,039335511;0,503877401;0
11198;15;17,95791825;24,33333333;12,67778046;9,666814804;1,343745609;2,633853674;0
11199;15;11,08025936;5,333333333;13,02777764;9,666847229;1,07562207;0,21260798;0
11200;15;18,7728916;22,33333333;8,257338219;9,666954994;1,221256166;1,370699763;0
11201;10;22,65924012;31,16666667;8,434239291;9,667496681;1,354132469;1,693196654;0
11202;10;19,73248714;26,16666667;8,924375865;9,667546272;1,320352763;1,535616755;0
11203;10;12,20591822;13,5;10,10875109;9,668143272;1,103994968;0,625116348;0
11204;15;3,468380797;10,5;11,10869692;9,6686306;1,027160701;0,636480093;0
11205;10;23,197375;26,33333333;10,82539104;9,668824196;1,252348706;1,673246503;0
11206;10;12,91796068;13;9,466122462;9,672915459;1,043354621;0,613250494;0
11207;15;34,19245011;60,33333333;11,33288523;9,673618317;2,84760743;8,896932125;0
11208;15;8,733607047;9,5;10,473196;9,674464226;1,09446072;0,591568828;0
11209;10;21,9138842;40,83333333;10,19844788;9,675784111;1,302697181;2,323924303;0
11210;10;13,1400505;17,16666667;10,62625799;9,675931931;1,147177472;0,810850739;0
11211;10;8,059742715;9,333333333;11,09274258;9,677308083;1,013844359;0,31773603;0
11212;10;21,87771833;25,66666667;10,07956894;9,677527428;1,358916615;1,816919804;0
11213;15;22,03348006;27,33333333;11,18290832;9,678215981;1,409272199;2,566667557;0
11214;10;18,11760325;27,83333333;8,851817377;9,678360939;1,209034163;1,460613608;0
11215;15;22,08988551;46,66666667;10,96423135;9,680015564;1,411175623;3,101422668;0
11216;10;23,2906518;30,66666667;9,926979067;9,680633545;1,483283475;2,177803516;0
11217;10;19,5047682;21,5;10,1985751;9,680713654;1,251853409;1,360370636;0
11218;15;34,34847689;40,33333333;11,10508861;9,680782318;1,750590905;4,487319708;0
11219;10;17,68885113;23,33333333;11,98687329;9,681567192;1,374562986;1,635385275;0
11220;15;11,12153431;9,833333333;9,78307604;9,682441711;1,13100689;0,655181885;0
11221;10;5,137219318;5,5;10,22423096;9,683298111;0,650910579;0,025703669;0
11222;15;23,59374926;48,16666667;10,40236169;9,683563232;1,447199013;3,194953561;0
11223;15;14,88704175;36,16666667;9,519887122;9,683953285;1,085826819;1,674648404;0
11224;15;9,172130692;11,33333333;12,50187433;9,684214592;1,148711029;0,969000101;0
11225;15;18,6468774;27,16666667;10,6997935;9,685302734;1,435998322;2,252322078;0
11226;15;4,442909914;6;10,68248935;9,685750961;0,983585859;0,00449729;0
11227;15;22,01829522;33,83333333;11,20756094;9,686900139;1,521610809;3,11425817;0
11228;15;21,58242902;41,5;9,76838824;9,687167168;1,476012244;2,939133048;0
11229;10;10,18082064;14;11,06287373;9,687367439;1,183873673;0,758004665;0
11230;15;19,0458247;33,83333333;9,655031753;9,688221931;1,371515601;2,257417202;0
11231;10;11,37543765;84,5;8,132619081;9,688361168;1,298520216;4,793306589;0
11232;10;8,225438969;9;12,37065315;9,691175461;1,057216058;0,331323385;0
11233;15;12,41982975;20,33333333;12,01610035;9,69399929;1,25804098;1,460549116;0
11234;10;8,2942832;31;10,46963543;9,694123268;1,449886436;2,075893164;0
11235;15;8,844313535;15,66666667;10,26486601;9,694644928;1,066773265;0,68159461;0
11236;15;22,26050856;36,5;11,12273277;9,694958687;1,693624373;3,347926497;0
11237;15;17,70370954;28,66666667;10,6640171;9,695166588;1,411960369;2,139032364;0
11238;15;23,1004333;35,33333333;10,37275436;9,695998192;1,381475057;2,442993641;0
11239;15;5,945580764;9,333333333;10,68260382;9,69807148;1,013574336;0,278050184;0
11240;15;37,14188112;48,33333333;8,353317298;9,698282242;1,923939654;5,110638022;0
11241;15;26,530768;44,16666667;9,893468641;9,699166298;1,835213812;4,257261276;0
11242;15;16,46031311;26,11111111;9,204066061;9,699386597;1,300184544;1,213411927;0
11243;15;26,7651387;26,66666667;9,342479281;9,699459076;1,392700322;2,370953798;0
11244;15;10,5348147;18,33333333;9,863499808;9,699712753;1,08881244;0,505764961;0
11245;15;9,963646957;11,16666667;10,72253121;9,700813293;1,145893762;0,942035913;0
11246;15;9,867416424;23;11,20023392;9,702328682;1,046232272;0,98631227;0
11247;15;34,8300369;60,83333333;10,31778203;9,70450592;2,342900745;6,948063612;0
11248;15;25,78412006;38,33333333;9,939775665;9,704687119;1,645688415;3,374719858;0
11249;10;7,474054734;8,5;10,83256694;9,704769135;1,000937422;0,258174658;0
11250;15;11,77153102;25,83333333;8,017168763;9,705601692;1,226483616;1,373064876;0
11251;15;29,30895233;45,33333333;10,27689067;9,705729485;1,766618187;4,231647015;0
11252;15;22,86717386;28,83333333;10,88418385;9,707772255;1,511031058;2,628510594;0
11253;10;9,145057217;14;9,720503517;9,707996368;1,033456432;0,212128878;0
11254;15;13,0952628;15,83333333;10,46591754;9,709503174;1,207083649;1,128627062;0
11255;10;8,812574915;12,16666667;9,345578124;9,71008873;0,999200817;0,384965301;0
11256;15;15,2019263;17,83333333;9,02116016;9,710246086;1,273460004;1,280408263;0
11257;15;7,327906809;48,83333333;10,33422026;9,710331917;1,871251218;3,966747761;0
11258;10;6,119162463;10,83333333;14,06523449;9,71119976;1,038338273;0,728754878;0
11259;10;30,89241869;46,83333333;11,18882524;9,711471558;1,691770934;4,041539669;0
11260;15;25,5315782;31,83333333;10,17464213;9,711605072;1,526114236;2,851696253;0
11261;10;6,659699172;9,166666667;6,212602406;9,711634636;1,000351888;0,213926435;0
11262;10;10,96893476;9,666666667;11,06532586;9,711764336;1,125154452;0,517629147;0
11263;15;21,45228612;40,33333333;10,15436824;9,712129593;1,675255755;3,205637693;0
11264;10;25,98262325;34,5;11,65235514;9,714262009;2,238881012;4,032038093;0
11265;10;14,75350824;18,33333333;9,147822097;9,714519501;1,138554434;0,69460845;0
11266;15;18,85523623;28,5;11,65868663;9,715250969;1,604718826;2,467538953;0
11267;10;6,708586689;7,166666667;10,05457025;9,720572472;1,043111755;0,174364328;0
11268;10;17,27235232;28,5;9,149214285;9,721376419;1,216406061;1,283783436;0
11269;15;3,876112983;5;11,79542136;9,721447945;1,001023018;0,00207305;0
11270;10;28,96558477;45,5;10,47969965;9,72166729;1,458319409;3,186141849;0
11271;10;34,37237753;46;10,43202957;9,721712112;1,70281201;4,006968498;0
11272;10;10,44094517;10,5;10,52657321;9,722463608;1,009813205;0,428880453;0
11273;15;18,88624214;24,33333333;10,07048075;9,722653389;1,469701821;1,904413581;0
11274;10;16,61895502;26,66666667;8,845392098;9,722994804;1,160802708;1,339573503;0
11275;15;31,35270807;54,83333333;9,814661625;9,723515511;2,257765503;6,243782282;0
11276;15;3,284334914;5,333333333;11,196686;9,723613739;1,002431334;0,030586362;0
11277;15;19,68618823;91,83333333;10,54251474;9,72413063;1,497606659;5,777861714;0
11278;10;8,030920821;8,333333333;10,62046805;9,72521019;0,940971323;0,265255928;0
11279;10;10,02859942;12,83333333;9,572225858;9,726008415;1,109554423;0,492260575;0
11280;15;16,33306902;17,66666667;9,540802294;9,726332664;1,208000616;1,237474799;0
11281;10;6,234833832;7;8,570820588;9,726584435;1,00233266;0,151960492;0
11282;10;6,305296742;7;12,01133037;9,726629257;1,00969147;0,115848422;0
11283;10;14,12980656;12,16666667;10,7199729;9,729157448;1,091781633;0,633129954;0
11284;10;23,76748513;22,66666667;8,392435378;9,730278969;1,235384306;1,498200059;0
11285;15;8,923187973;22,5;11,99509689;9,730916023;1,037663379;0,94111371;0
11286;10;13,50577526;15,5;11,71329307;9,735817909;1,257525225;0,89753139;0
11287;10;17,70248213;25,83333333;8,812808391;9,736353874;1,218251457;1,362983823;0
11288;15;12,92310864;32,66666667;9,978713407;9,736388206;1,011896678;1,402656794;0
11289;10;19,22334006;33,66666667;9,52451458;9,736660004;1,228054751;1,211108327;0
11290;15;11,5241693;16,5;9,409383706;9,737278938;1,196350378;0,966629982;0
11291;10;15,88337914;16,16666667;9,567180119;9,73788166;1,170103673;0,845072627;0
11292;10;17,71924661;21,66666667;12,55371746;9,738339424;1,162290435;1,540034413;0
11293;15;29,93261111;38,33333333;11,57938544;9,738603592;1,801216725;4,458793879;0
11294;15;24,4469759;30,16666667;10,79376381;9,738905907;1,532221025;2,992303371;0
11295;15;19,04885339;29,5;10,78218145;9,738922119;1,500890485;2,438156486;0
11296;15;18,19214799;21;10,83384356;9,741651535;1,308153966;1,681266546;0
11297;15;16,99283638;28,66666667;8,850206231;9,741794586;1,227581365;1,75229156;0
11298;15;24,14992578;29,5;10,7274823;9,741882324;1,558074365;2,876577139;0
11299;10;7,216961818;9,166666667;13,03637788;9,744110107;1,023160203;0,31538868;0
11300;15;22,24810002;42,66666667;10,48410433;9,74622345;1,566092055;3,248588324;0
11301;15;6,46930675;9,166666667;11,26774028;9,747154236;1,079602462;0,463106155;0
11302;15;19,02344286;24,33333333;10,80734756;9,747871399;1,406884491;2,025798559;0
11303;15;29,05364463;75,5;10,44640444;9,748399734;1,262847585;4,275603771;0
11304;15;20,93395386;37;10,22731949;9,748847008;1,585277185;2,802966952;0
11305;15;25,82546633;32;10,76465847;9,749880791;1,55107119;2,957386494;0
11306;15;22,36519062;36,33333333;10,17199194;9,75036335;1,480279217;2,832865715;0
11307;15;12,95664223;11,33333333;10,7491059;9,751000404;1,178839436;0,965423226;0
11308;15;17,64591162;22,16666667;11,23883996;9,752292633;1,364003819;1,858395576;0
11309;15;18,51412636;53,16666667;10,22384916;9,753839493;1,804461334;4,669727206;0
11310;15;19,67261188;21,44444444;10,71738621;9,753915787;1,348680201;1,73418045;0
11311;10;4,629728037;5;10,70993976;9,754074097;0,907926341;0,005189896;0
11312;15;18,00629019;21,83333333;9,246128021;9,754840851;1,224053092;1,523026347;0
11313;15;23,83359603;36,33333333;10,02976208;9,755339622;1,625496342;3,03777945;0
11314;15;7,311570398;12,83333333;10,06691116;9,755504608;1,031487419;0,484094024;0
11315;15;12,47431558;14,33333333;10,61588635;9,755579948;1,083393374;0,891847491;0
11316;10;10,222889;10,83333333;8,825450303;9,757505417;1,107329254;0,463720083;0
11317;15;25,9554764;32;11,93738293;9,758132935;1,411355147;2,908857465;0
11318;10;5,394650583;11,5;12,98133773;9,75836277;0,945406737;0,409466743;0
11319;15;24,2624881;30,66666667;10,70200761;9,760140419;1,580325638;2,877449274;0
11320;15;11,88043789;20,5;9,522130444;9,76072216;1,195575315;1,213469505;0
11321;10;9,586857727;12,16666667;9,059580539;9,761673927;1,056858848;0,480788112;0
11322;15;31,97584131;78,16666667;11,17506974;9,761710167;1,585298031;5,461277604;0
11323;10;22,32098838;32,83333333;11,57444464;9,762576103;1,561923762;2,55856061;0
11324;15;25,6293922;37,83333333;10,06516744;9,762640953;1,566476468;3,170411229;0
11325;15;4,924404423;5,333333333;12,25995061;9,762882233;1,006940387;0,098272324;0
11326;15;5,331204933;6;14,63596537;9,763736725;1,050941303;0,374904752;0
11327;15;21,41936225;31,5;9,396040462;9,764448166;1,493577067;2,441375136;0
11328;15;21,06698082;38,83333333;11,75273783;9,764882088;1,71349251;3,9551543;0
11329;10;16,51941974;31,16666667;9,707061859;9,765007973;1,171586027;1,622934222;0
11330;15;14,98761677;33,16666667;8,685434898;9,766499519;1,293264787;1,881464601;0
11331;15;27,18969939;48,33333333;10,06620614;9,767765999;1,897375595;4,607877612;0
11332;15;14,88539474;21,66666667;9,170191924;9,768821716;1,237047248;1,147412181;0
11333;15;25,75764127;36,5;10,75916067;9,769076347;1,639129043;3,338826776;0
11334;15;26,89675262;46;11,27187477;9,769370079;1,911361931;4,758067489;0
11335;15;9,994915125;13;8,163439074;9,770262718;1,03677322;0,652839899;0
11336;10;14,22917667;17,66666667;10,58495221;9,770306587;1,182710578;0,920696139;0
11337;15;14,56730809;22,83333333;12,68641195;9,770523071;1,145880929;1,555120945;0
11338;10;10,13180892;17,16666667;11,53042361;9,770581245;1,035967607;0,276099086;0
11339;15;15,64182404;28,83333333;10,19425832;9,771017075;1,262196573;1,73613894;0
11340;15;27,37822186;36;10,83512463;9,771260262;1,586475916;3,200608373;0
11341;15;27,29272764;35,83333333;9,975532469;9,772140503;1,705119918;3,444773674;0
11342;15;12,83311536;17,33333333;9,491261227;9,772753716;1,133321207;0,972664475;0
11343;15;15,9081448;28,16666667;9,227248209;9,773651123;1,201734783;1,610821605;0
11344;15;12,12037063;18,83333333;10,91561987;9,77473259;1,250713607;1,335136652;0
11345;15;31,54366742;63,83333333;10,68703534;9,77519989;2,324544627;7,235878587;0
11346;15;19,68230509;34;8,788507524;9,776695251;1,314975257;2,304185271;0
11347;15;3,998344946;7;10,67281439;9,779299736;0,944996447;0,161212683;0
11348;10;18,62732079;19,33333333;10,29163302;9,780105591;1,247417082;1,419333458;0
11349;10;10,24274954;13,5;11,92606633;9,780111313;1,100976237;0,526071906;0
11350;10;4,714574694;12,83333333;10,40175295;9,78051281;1,030853815;0,220795274;0
11351;10;6,369070669;32,66666667;10,51445392;9,781585693;1,344622416;1,998766661;0
11352;10;19,44184217;25,83333333;9,283272499;9,781648636;1,218871722;1,355931163;0
11353;15;34,63059049;55,33333333;9,943771695;9,783539772;2,060208168;5,885098338;0
11354;10;13,44462281;18,33333333;8,785595569;9,783738136;1,109338124;0,908942342;0
11355;15;14,61611471;16;10,74579971;9,78374958;1,184476218;1,273064256;0
11356;15;8,315947468;10,83333333;14,35818015;9,784074783;1,986040766;1,532142878;0
11357;15;26,02853167;32,16666667;11,34326078;9,785540581;1,565402837;2,984933615;0
11358;15;16,80044326;27,83333333;9,234024048;9,786714554;1,269675563;1,749677777;0
11359;15;26,20175528;47,66666667;10,01234453;9,787771225;1,761659291;4,048076153;0
11360;15;25,99149592;54,5;11,66649357;9,791622162;1,982033656;4,909114361;0
11361;15;29,42388218;60,16666667;10,52001871;9,791870117;1,863262951;4,300967455;0
11362;10;19,77091496;30,33333333;11,14330731;9,793107033;1,435039341;2,021489143;0
11363;10;10,87179414;15,66666667;9,655439462;9,796435356;1,026949013;0,533896208;0
11364;10;22,62735774;23,5;10,449435;9,796958923;1,327176799;1,606674671;0
11365;15;4,991717064;5,666666667;11,13355997;9,79746151;1,00240085;0,153119206;0
11366;10;20,99400221;46;11,04725325;9,798685074;1,438102997;2,878622293;0
11367;15;16,64717676;30,66666667;10,68608645;9,799411774;1,44121473;2,404742479;0
11368;10;12,11840836;19,16666667;8,917637616;9,800168991;1,027719051;0,766677976;0
11369;15;24,63275328;41,33333333;10,62240437;9,800858498;1,649247629;3,2756598;0
11370;15;3,399986277;5,333333333;11,5653496;9,800998688;1,004277672;0,068575144;0
11371;15;4,152283916;11,16666667;12,63381018;9,801815987;1,027447534;0,256794095;0
11372;15;10,28451106;15;10,91449574;9,801967621;1,234113194;0,706666231;0
11373;10;5,946577844;15,16666667;10,63182691;9,803100586;1,077828937;0,52442205;0
11374;15;15,73114444;30,5;12,08264038;9,803315163;1,377806044;2,011458635;0
11375;10;6,465505555;7,166666667;8,63920351;9,803927422;1,276577442;0,194245815;0
11376;10;41,42369526;94,33333333;9,904988036;9,804599762;1,090399429;4,492888093;0
11377;15;21,3681141;30,83333333;10,09719914;9,806498528;1,463190184;2,36154294;0
11378;15;4,986147359;6,833333333;12,49710064;9,806822777;1,006017672;0,108078837;0
11379;15;22,65029944;30,5;10,29576848;9,807303429;1,538195384;2,859137297;0
11380;15;15,22917432;20,66666667;9,877818967;9,808506966;1,243903583;1,333873153;0
11381;15;21,95059388;35,16666667;10,72890143;9,810076714;1,759464974;3,356316328;0
11382;15;23,7837567;40,83333333;10,95055498;9,811436653;1,796306741;3,930098414;0
11383;15;7,315970553;6;12,01620769;9,81166935;1,023152364;0,193161726;0
11384;15;17,04482902;27,83333333;8,742014325;9,811850548;1,345681143;1,823947906;0
11385;10;5,994117461;6,166666667;9,770536725;9,812799454;0,994929272;0,124401093;0
11386;10;7,647762472;11,83333333;9,498166176;9,813194275;1,008243506;0,133492112;0
11387;15;13,43710259;26,5;10,75779861;9,814603806;1,29701516;1,274867654;0
11388;15;26,72680299;66,5;9,527637369;9,814631462;1,930423935;5,829808116;0
11389;15;11,30706071;16;9,622664209;9,818715096;1,184033079;0,936805844;0
11390;15;16,61022404;29;11,37437462;9,81874752;1,35409884;2,017888427;0
11391;15;30,20773736;42,33333333;11,01716107;9,819718361;1,83405758;4,633343101;0
11392;15;15,5979964;22,5;11,62710809;9,821285248;1,295908919;1,677937746;0
11393;10;11,13889439;11,83333333;12,01839629;9,821627617;1,143113499;0,692876816;0
11394;10;10,74153974;20,83333333;14,56966279;9,822228432;1,216904278;1,348348498;0
11395;10;19,72592477;27;9,280467511;9,823008537;1,225965723;1,583476424;0
11396;15;27,16450176;27,16666667;10,80442946;9,823423386;1,578566245;2,786633372;0
11397;15;14,80875753;22,16666667;9,730141626;9,823509216;1,253094932;1,33127594;0
11398;15;21,66384618;34,16666667;8,377261443;9,824114799;1,560088091;2,633220077;0
11399;15;27,02256365;46,83333333;10,38851499;9,824339867;1,523516603;3,582561493;0
11400;15;6,905979333;8,166666667;13,13328311;9,824560165;1,093353737;0,566516757;0
11401;15;9,7147023;11,66666667;10,62242772;9,825359344;1,185242475;0,812221169;0
11402;15;21,35866614;33,16666667;10,51572383;9,825832367;1,44942317;2,531634092;0
11403;10;16,49357641;28,83333333;9,605947571;9,826638222;1,212135044;0,979869008;0
11404;10;3,895377552;6,166666667;10,70604223;9,826835632;1,003296196;0,150114298;0
11405;10;23,88842522;30,66666667;9,774748172;9,827018738;1,268003181;1,884822249;0
11406;15;20,50370518;32;9,169990473;9,827243805;1,393682216;2,286422372;0
11407;15;24,55949485;36,16666667;11,23330397;9,827291489;1,698325583;3,917007089;0
11408;10;11,18877986;15,5;9,598777549;9,827785492;1,070524115;0,42778933;0
11409;10;17,33863315;20,16666667;9,22658684;9,828204155;1,264694107;1,195415735;0
11410;10;11,04489741;25,16666667;9,873246746;9,828595161;1,091641953;1,316717148;0
11411;15;24,11814663;29,66666667;10,97421877;9,83000946;1,603109821;2,853778481;0
11412;15;31,63792107;49,33333333;11,04104918;9,832015991;2,208650353;4,542419553;0
11413;15;6,656258655;20,33333333;11,42236131;9,833170891;1,30552805;1,451241732;0
11414;10;12,36362256;14;11,61652263;9,834139824;1,16038784;0,86200285;0
11415;15;5,472653445;29,33333333;10,69955307;9,834541321;1,248358598;1,652427793;0
11416;10;10,27887998;12,5;9,191888966;9,834629059;1,007280583;0,416531086;0
11417;15;13,5845839;24,33333333;11,05870085;9,834893227;1,264188461;1,621973872;0
11418;15;23,13772865;29,16666667;10,90926412;9,835018158;1,354159495;2,697903514;0
11419;10;20,44097834;21,33333333;11,14696409;9,835744858;1,282395493;1,536080003;0
11420;10;8,875751582;10,33333333;10,96630067;9,835791588;1,054421059;0,379478335;0
11421;15;12,73834895;13;10,78769286;9,836071968;1,141140759;1,009435177;0
11422;15;16,68472858;22,83333333;9,614268611;9,837388039;1,276733983;1,528529882;0
11423;15;18,42083044;28;11,12888741;9,838204384;1,396205309;2,109345555;0
11424;15;16,25272508;31,33333333;8,355962896;9,838400841;1,281411791;1,807296276;0
11425;15;22,32370631;31;9,646700691;9,83989048;1,50468094;2,649796724;0
11426;10;7,305960953;7,833333333;10,9012099;9,839920998;0,997824543;0,237270594;0
11427;10;22,96062091;43,16666667;10,2728402;9,840313911;1,307625523;2,577732682;0
11428;15;20,44026622;34,16666667;8,464457803;9,840372086;1,457590526;1,759303927;0
11429;10;7,520554709;7,833333333;8,938649137;9,841867447;1,010929254;0,199789047;0
11430;10;5,957550077;6,5;9,584828578;9,844103813;0,943008601;0,10725224;0
11431;15;6,164369197;10,66666667;13,20090987;9,845112801;1,051485562;0,619908452;0
11432;15;24,04627207;27,5;10,26545074;9,84544754;1,524372988;2,613489389;0
11433;15;24,70707871;47,83333333;9,363158968;9,84546566;1,663389293;3,333435535;0
11434;15;7,981201351;10,33333333;10,80435948;9,845495224;1,112971044;0,362704277;0
11435;15;26,00463506;31,33333333;9,563147045;9,845594406;1,553553048;2,825539589;0
11436;15;13,53780388;19,83333333;11,51278296;9,845889091;1,300485418;1,382017136;0
11437;15;14,92078326;23,5;9,461388628;9,846595764;1,262193499;1,413770318;0
11438;15;15,68109328;14,16666667;10,73675266;9,846619606;1,091702574;0,914806485;0
11439;15;8,440721413;10,33333333;10,27800257;9,846874237;1,087793636;0,514707208;0
11440;15;5,967114353;7,5;9,886565046;9,847072601;1,040273318;0,264674306;0
11441;15;13,53921991;28;10,84385739;9,84803009;1,53405549;2,1575073;0
11442;15;11,01359246;10,33333333;9,215197362;9,848339081;1,103245827;0,691182852;0
11443;15;32,71970682;48,5;11,7102135;9,848736763;1,832265131;4,54054451;0
11444;10;12,43249022;17,83333333;10,99608315;9,849464417;1,126345618;0,963283658;0
11445;15;18,96423502;28,66666667;9,081113985;9,851033211;1,400825249;1,963882208;0
11446;10;10,63920612;15,83333333;10,36564585;9,851326942;0,971228302;0,590514183;0
11447;15;22,02735987;35;10,4664672;9,85165596;1,552847583;2,779524326;0
11448;15;4,300975751;5,166666667;13,26268819;9,853024483;1,006296475;0,080906868;0
11449;15;18,50855856;33,16666667;11,36004407;9,853313446;1,45177371;2,237538457;0
11450;15;26,13669786;43,83333333;10,119543;9,853705406;1,67770318;3,928637028;0
11451;15;17,64926517;24,83333333;11,98845558;9,853897095;1,405100089;2,718484759;0
11452;15;18,87773517;25,66666667;11,35889721;9,855322838;1,382462769;2,280898929;0
11453;15;12,48110086;14,5;10,45199516;9,855506897;1,162099937;0,954162002;0
11454;15;21,23098938;30;10,38321593;9,855561256;1,569118174;2,625960708;0
11455;15;35,35692559;57,66666667;10,10097685;9,857524872;2,442941078;7,245386481;0
11456;10;15,60578345;14,83333333;10,04763852;9,858042717;1,185911961;0,881375313;0
11457;15;24,66402638;35;11,95433474;9,858201027;1,782777768;3,869984865;0
11458;15;24,74699035;30,83333333;9,598529813;9,859332085;1,507151915;2,633218169;0
11459;10;12,07389794;7,666666667;14,07663083;9,86014843;1,107692502;0,412765622;0
11460;10;5,141623065;10,5;13,12940548;9,861111641;1,070868013;0,397327662;0
11461;15;8,66816551;7,5;10,08230491;9,862376213;1,063959459;0,319157839;0
11462;15;18,61803568;21,5;10,43543039;9,864150047;1,240220035;1,596796989;0
11463;15;7,819331655;9,833333333;12,43425875;9,864589691;1,043546086;0,405914664;0
11464;15;6,375536123;7;8,947825486;9,864658356;1,017117217;0,064775348;0
11465;15;19,46247746;33,33333333;10,75808478;9,865447044;1,11258234;2,452367902;0
11466;15;23,97036364;41,66666667;10,45155116;9,867203712;1,628251653;3,549806952;0
11467;15;34,71767547;59,66666667;11,17738946;9,867342949;2,874385015;9,231531143;0
11468;15;13,40938688;42,83333333;11,04312621;9,868314743;2,098090968;4,943136692;0
11469;10;9,934106227;14;10,37473853;9,869879723;1,056274835;0,319474936;0
11470;10;11,48094554;18;11,02701826;9,870770454;1,124258406;0,819461703;0
11471;10;15,30598511;23,33333333;10,47111291;9,871022224;1,163836339;1,199833035;0
11472;15;26,91392623;41;9,740647494;9,871498108;1,831183756;4,038957596;0
11473;10;26,02126628;33;12,40038775;9,871641159;1,592953622;3,079748869;0
11474;15;23,38275794;46,33333333;9,863371875;9,872736931;1,649098293;3,790532589;0
11475;10;7,245388285;10,33333333;10,25453969;9,873170853;1,001069634;0,307326674;0
11476;10;13,3265516;18;9,16809223;9,87479496;1,190097575;0,883283973;0
11477;15;26,73337357;51,33333333;10,96296656;9,875469208;1,682506667;3,751001954;0
11478;15;7,821146828;42;9,429693303;9,87792778;1,624693081;3,418232322;0
11479;15;14,99479909;30;10,53288939;9,879508972;1,247799341;1,801520586;0
11480;15;25,10677582;39,16666667;10,51662172;9,880749702;1,700943225;3,424045324;0
11481;10;12,84108075;11;10,87271209;9,880777359;1,084945764;0,552541375;0
11482;15;4,953044108;8,5;11,10344733;9,881825447;1,010626937;0,412490368;0
11483;15;16,25651553;26,83333333;10,44977811;9,884149551;1,480014125;2,118647218;0
11484;15;24,51923755;41,66666667;10,2497878;9,884420395;1,628769411;3,579783797;0
11485;15;34,49541623;64,33333333;11,32063114;9,88494873;2,629405788;8,676434278;0
11486;10;7,929581029;8,333333333;10,14018142;9,886166573;1,030778478;0,27486217;0
11487;15;9,442787363;11,83333333;8,612953275;9,888892174;1,122814521;0,575591326;0
11488;10;7,966320078;7,5;11,00949359;9,889639854;1,115651571;0,346972942;0
11489;15;5,479909868;8,833333333;13,51114619;9,890066147;1,021089974;0,16017139;0
11490;15;19,90958224;47,16666667;9,649080783;9,890182495;1,632427634;3,605531931;0
11491;10;14,58578274;19,83333333;11,38729404;9,890594482;1,160691664;1,178601503;0
11492;15;12,80651495;59;9,902888199;9,891714096;1,910155558;4,908885956;0
11493;15;19,8253446;25,66666667;9,858453393;9,89289856;1,386300006;1,924097657;0
11494;15;18,50135614;30;10,45637383;9,894357681;1,581315482;2,535206437;0
11495;15;18,89457693;18,16666667;11,10713825;9,895712852;1,257539718;1,6103338;0
11496;10;25,53980425;38,83333333;9,30208542;9,895996094;1,444379147;2,580496073;0
11497;15;16,78861579;21,66666667;9,607687993;9,896255493;1,303391231;1,548149109;0
11498;10;23,00368719;29,16666667;11,37393295;9,89712429;1,362690642;2,227021813;0
11499;10;12,20073734;18,83333333;10,86199658;9,897233963;1,14939317;0,942498088;0
11500;15;11,17229998;32;11,5186218;9,898004532;2,833595184;4,849919438;0
11501;15;24,0879806;37,83333333;9,243249073;9,898628235;1,365033286;2,910771608;0
11502;15;17,1303583;23,83333333;11,28574511;9,898665428;1,505286147;2,349204779;0
11503;15;24,79567465;38,83333333;10,42274883;9,899565697;1,607923946;3,558660626;0
11504;15;17,64845489;22,33333333;9,596562874;9,90037632;1,316062365;1,62006247;0
11505;15;20,87383219;30,5;11,85298355;9,902068138;1,469582963;2,165050387;0
11506;15;17,61207053;37,33333333;10,66423831;9,90375042;1,582422172;2,920954108;0
11507;15;9,378018752;11,33333333;11,73953193;9,903983116;1,126154535;0,308132648;0
11508;15;12,7333485;22,66666667;11,03131479;9,904772758;1,161994799;1,345769525;0
11509;10;8,253195179;12,83333333;12,4676366;9,90521431;1,029786515;0,496730328;0
11510;10;15,97655448;18;11,03628588;9,905768394;1,221545563;0,948158264;0
11511;15;19,86176415;32,83333333;10,7636687;9,90621376;1,513697686;2,683793068;0
11512;10;16,96154545;14,66666667;8,906927405;9,906270981;1,142317141;0,829729438;0
11513;15;24,19651002;41,66666667;8,923822673;9,906460762;1,700991557;3,474178195;0
11514;15;3,872827926;5;14,14295801;9,907216072;1,00096743;0,003665924;0
11515;15;17,92811673;30,83333333;10,22477035;9,908574104;1,398743618;2,216361761;0
11516;15;6,031602592;10,5;11,59104671;9,908856392;1,101821414;0,660944343;0
11517;15;7,359533699;8,333333333;10,05422004;9,90969944;1,095535254;0,469325185;0
11518;15;13,53958643;14,33333333;9,271915944;9,909834862;1,211985879;1,032323837;0
11519;15;13,37079086;26;11,79186318;9,91049099;1,296923606;2,058861613;0
11520;10;8,103918453;8,833333333;10,2272672;9,911448479;1,043043293;0,33026433;0
11521;10;11,26645726;13,5;10,74894629;9,911963463;1,101006602;0,676061988;0
11522;15;15,91502193;19,33333333;11,58429268;9,913356781;1,37016449;1,691752076;0
11523;15;16,93035292;21,33333333;8,189483623;9,913608551;1,264340955;1,453300834;0
11524;10;12,84489967;20,66666667;11,11603518;9,916165352;1,254413921;1,239054918;0
11525;15;11,85510619;17,16666667;10,87246098;9,91639328;1,17031119;1,31708014;0
11526;10;17,42771985;26,66666667;8,500090939;9,916591644;1,174197135;1,473242402;0
11527;15;6,995418298;8,833333333;12,36024728;9,916758537;1,071426253;0,663430095;0
11528;15;17,95328667;25;10,01846257;9,917012215;1,403145047;1,898965478;0
11529;15;25,76775106;31,83333333;11,33827864;9,917342186;1,366479357;2,263148904;0
11530;10;9,668103661;9;11,51185013;9,917942047;1,126062417;0,46162498;0
11531;15;10,93613996;14;7,332266031;9,917955399;1,074787412;0,696523905;0
11532;15;24,46432148;42,66666667;9,763298782;9,91800499;1,796552788;3,833492279;0
11533;15;4,247123732;5,5;12,94540305;9,918877602;0,998270312;0,085466385;0
11534;10;19,67218951;24,33333333;11,53331494;9,919466019;1,068340372;1,460075498;0
11535;15;12,99468417;14,5;12,39010742;9,920815468;1,197948938;1,012492061;0
11536;15;29,37663666;51;9,681052138;9,92201519;1,497663366;3,824297786;0
11537;15;11,4552981;21,16666667;11,9046213;9,923884392;1,116453292;0,610538483;0
11538;15;16,98846118;37;12,69935783;9,923993111;1,632205372;3,773301125;0
11539;10;22,34845867;37,33333333;8,682496594;9,924269676;1,135033266;1,899241924;0
11540;15;15,16659472;16;11,04710877;9,924672127;1,281116281;1,249680996;0
11541;15;9,949503136;15,5;10,59171748;9,924773216;1,154016513;0,75952971;0
11542;10;21,67647031;29,66666667;9,876076459;9,925758362;1,293152807;1,732056379;0
11543;10;16,6157551;24,33333333;10,57246089;9,92745018;1,190244743;1,308487058;0
11544;15;15,44038944;31,83333333;10,37168139;9,929279327;1,202181068;0,934790254;0
11545;10;13,271099;10,5;11,02689033;9,929664612;1,045925824;0,698914647;0
11546;10;11,80781039;16,83333333;9,303390308;9,930318832;1,10650536;0,454088569;0
11547;10;11,11917171;12,66666667;10,22887486;9,930504799;1,277224486;0,652208567;0
11548;15;25,28718332;39,83333333;9,624560802;9,930687904;1,825449752;3,943034172;0
11549;10;9,739255964;15,66666667;7,698744991;9,930860519;1,00473511;0,558918476;0
11550;15;9,584808942;9,5;8,56427001;9,933121681;1,103639814;0,52606678;0
11551;15;27,9977869;41;10,61355813;9,934370995;1,872910087;4,353861928;0
11552;15;14,0167046;19,66666667;10,47418135;9,936047554;1,342096762;1,446833849;0
11553;10;12,44486078;15;10,5633608;9,936293602;1,148888606;0,458988428;0
11554;15;18,30400522;21,83333333;11,60109482;9,936545372;1,430489851;2,107193232;0
11555;10;11,1868444;18,83333333;9,144567836;9,937914848;1,015860216;0,593992591;0
11556;15;16,44017995;23;11,13034468;9,937999725;1,319806538;2,124294877;0
11557;15;23,12388191;38;10,74114156;9,938459396;1,731644541;3,691349983;0
11558;15;18,03274204;25,66666667;10,0164008;9,938755989;1,323962594;1,765632749;0
11559;10;14,94355789;16;10,9235954;9,94052887;1,143276255;0,941585898;0
11560;10;25,39899484;45,16666667;9,889529411;9,941167831;1,392759157;2,712572336;0
11561;10;4,99409565;5,333333333;14,95293877;9,941422462;1,02192148;0,11839366;0
11562;10;8,528417417;6,5;12,92638961;9,943601608;1,016357167;0,204166889;0
11563;10;29,22142853;37;8,962536707;9,943703651;1,600050129;2,845267296;0
11564;15;21,20812751;34;9,606145968;9,944188118;1,475316414;2,347420573;0
11565;10;12,43997875;12,83333333;11,30199671;9,944497108;1,071008396;0,656802773;0
11566;15;18,31335069;24;10,18511673;9,945325851;1,376319851;1,79108882;0
11567;10;13,20188819;19,66666667;10,95724911;9,945344925;1,077667435;0,60815382;0
11568;10;8,464336212;9,833333333;10,29053558;9,945578575;1,096146858;0,468519211;0
11569;10;15,65298198;26,5;9,415383996;9,945893288;1,097174163;1,251122355;0
11570;15;30,28712665;41,66666667;11,0520021;9,946222305;2,054202132;5,426614165;0
11571;15;6,174659336;6,833333333;11,26171739;9,946267128;1,097486711;0,275654554;0
11572;15;35,09441503;58,83333333;9,602808484;9,946652412;1,571182925;4,881992698;0
11573;15;22,04432245;37,66666667;10,0220347;9,94667244;1,587590017;2,992800474;0
11574;10;10,86949607;9,833333333;10,00137296;9,947621346;1,110229216;0,401087284;0
11575;15;12,80335144;16,33333333;9,682636667;9,948165894;1,202025401;1,177052617;0
11576;15;25,00624514;44,5;10,05412974;9,949261665;1,434000601;3,15067482;0
11577;10;11,27856224;10,5;11,728073;9,951108932;1,071506682;0,567226648;0
11578;10;17,80652759;17,33333333;10,07792698;9,951705933;1,190319496;0,927369356;0
11579;15;32,47817572;94,16666667;9,364135178;9,95212841;1,042596176;4,367218971;0
11580;15;13,36414839;17,66666667;10,29580338;9,952189445;1,172363342;1,185464501;0
11581;10;11,36405418;10;11,03588417;9,954211235;1,083111535;0,58864665;0
11582;10;10,93154641;14,66666667;10,20780168;9,956289291;1,090898243;0,607626677;0
11583;15;30,35049844;41,83333333;10,43385686;9,957187653;1,979676873;4,766512156;0
11584;15;28,9318335;61,66666667;9,544780967;9,95857811;1,55411312;4,530032635;0
11585;10;12,91924987;15,33333333;8,74307399;9,959417343;1,054207556;0,706070065;0
11586;15;15,26634759;32,16666667;11,0307109;9,961175919;1,499041887;2,864852428;0
11587;10;15,68730256;15,5;11,36862021;9,961499214;1,188733433;1,060908079;0
11588;15;22,99091868;35,83333333;10,62288696;9,963600159;1,57952877;3,053949952;0
11589;10;7,097276807;7,666666667;12,92264012;9,963779449;1,068243176;0,329929471;0
11590;15;25,20296108;42;9,896785509;9,9640131;1,627276227;3,489096165;0
11591;15;17,75600896;29,16666667;10,79240896;9,964343071;1,44617461;2,261755109;0
11592;10;6,470302566;7,833333333;7,486563104;9,965709686;1,001740114;0,189441681;0
11593;15;34,54783956;55;11,29525295;9,966748238;2,573064685;7,534725547;0
11594;15;13,54251907;15,66666667;10,98235462;9,966870308;1,201868207;1,118571758;0
11595;15;45,20113808;52,83333333;10,42547905;9,967108727;2,246327049;7,480157852;0
11596;15;31,67925909;32,33333333;10,82033207;9,967125893;1,433889065;3,384538531;0
11597;15;24,24589858;39,33333333;10,66368956;9,967926979;1,824152544;3,812493443;0
11598;10;48,84166291;94,5;8,418749982;9,968245506;1,293465821;5,498125196;0
11599;15;10,54317426;14,5;9,958466343;9,970965385;1,137993103;1,034028769;0
11600;15;7,498936077;9,333333333;10,66333658;9,97336483;1,056622559;0,378518105;0
11601;15;31,41509365;51,66666667;10,4669488;9,973511696;2,239376525;6,12525773;0
11602;10;9,312452794;9,833333333;9,638301018;9,97359848;1,041421186;0,350133777;0
11603;15;17,19311537;22,83333333;13,82553474;9,974694252;1,637951609;2,688155293;0
11604;15;11,20113083;18;10,82517561;9,975802422;1,129366436;1,5330441;0
11605;15;12,86096428;18,66666667;9,509346;9,976037025;1,308082356;1,299256086;0
11606;15;7,121896255;7;10,65614434;9,976131439;1,04503261;0,216091037;0
11607;10;9,296590442;7,666666667;8,646788476;9,976548195;1,044376743;0,289465427;0
11608;10;20,69518444;23,66666667;8,677023196;9,978075027;1,26155992;1,433010817;0
11609;15;10,20123386;18,16666667;11,14876352;9,978329659;1,198940768;1,020303011;0
11610;15;16,22621173;27,16666667;10,92645811;9,97931385;1,313090631;1,871014237;0
11611;15;21,22845621;46,33333333;9,068645898;9,979604721;1,588995644;2,982539773;0
11612;10;6,924302695;8;11,40851971;9,980181694;1,067380952;0,069336295;0
11613;15;22,55151691;34,83333333;9,723203253;9,981251717;1,567291007;2,874711037;0
11614;15;7,67907888;12,33333333;12,38185796;9,982029915;1,120981586;1,081659198;0
11615;10;11,09836505;13,16666667;12,10557485;9,982260704;1,160327647;0,791085601;0
11616;15;11,86235141;30,33333333;11,77723053;9,98400116;1,599017444;2,817824006;0
11617;10;16,87511042;24,83333333;8,412192335;9,984300613;1,001187121;1,021870494;0
11618;15;26,31106757;41,5;9,004919413;9,986398697;1,674248521;3,631075978;0
11619;15;21,76007976;33,5;9,824622786;9,986996651;1,548284461;2,775630355;0
11620;15;13,45278341;12,83333333;9,74080111;9,987154961;1,20114312;0,981528759;0
11621;10;10,28959249;8,333333333;9,828340186;9,987171173;1,111874056;0,428752899;0
11622;10;9,899589594;16,33333333;9,383545438;9,988005638;1,000929545;0,562841892;0
11623;10;17,01986665;19,33333333;9,23857161;9,988042831;1,107829429;1,007542849;0
11624;10;30,48070149;46,5;8,240340862;9,988983154;1,23522543;2,620061636;0
11625;10;6,267979204;7;12,00076364;9,989216805;1,022931785;0,151070595;0
11626;15;19,2000967;31,83333333;10,78936903;9,989672661;1,508978891;2,504582286;0
11627;15;23,45341219;32,16666667;10,54266102;9,989850044;1,475186893;2,917254567;0
11628;15;14,37754607;30,16666667;10,76100962;9,990243912;1,263203246;1,819204926;0
11629;10;14,94258023;26,16666667;11,28657732;9,99029541;1,467827045;2,211614728;0
11630;15;8,168104328;10,66666667;9,674519844;9,990966797;1,06025609;0,470713377;0
11631;10;19,47791683;25,83333333;11,79359334;9,991059303;1,416794228;2,09340632;0
11632;10;18,09338494;27,66666667;10,53642303;9,992115021;1,447475352;1,900943041;0
11633;15;3,736670463;5,166666667;9,871960188;9,992488861;1,007268951;0,024264693;0
11634;10;10,95984183;15;9,684297201;9,993008614;1,184669363;0,724815845;0
11635;10;17,21320362;27,5;10,29539743;9,993559837;1,259110862;1,579101563;0
11636;15;6,112288471;7,5;8,799937038;9,995253563;1,131753358;0,18902266;0
11637;15;27,69920525;50,83333333;12,01591654;9,995419502;1,794846948;4,255166531;0
11638;15;19,83603591;26,83333333;10,99584296;9,995450974;1,377686095;2,160536289;0
11639;10;14,77866591;19,5;10,59754477;9,99714756;1,09851941;1,113407016;0
11640;15;11,04119305;21,66666667;7,834649993;9,997643471;1,169496607;1,120333076;0
11641;10;12,88691616;9,5;10,16967517;9,998313904;1,076404894;0,555549145;0
11642;10;10,06223916;17;8,613866591;9,99895668;1,010037936;0,461762667;0
11643;15;21,42946293;38;10,96028679;10,00040627;1,504876812;2,727929235;0
11644;15;25,05020645;33,33333333;10,0729285;10,00068951;1,54986281;3,243163228;0
11645;15;8,9279093;51,33333333;9,34547872;10,00095463;1,990588889;5,025229692;0
11646;15;13,6185598;32,33333333;9,999454814;10,0019331;1,524591795;2,631487489;0
11647;15;16,1345027;41,16666667;9,335896518;10,00221634;1,343704683;2,865499496;0
11648;10;21,14621252;30,33333333;9,458888328;10,00234604;1,177082179;1,621796012;0
11649;15;7,317476418;10,16666667;10,51724644;10,00271511;1,061966161;0,256035686;0
11650;15;32,3579128;42,5;9,628269675;10,00290298;1,546324974;2,949062586;0
11651;10;6,723879208;5,166666667;11,04654356;10,00317192;0,445375777;0,005639195;0
11652;15;26,36369805;39,83333333;11,22977962;10,00371552;1,798450518;4,497659445;0
11653;10;10,62455833;12;12,16882442;10,00459385;1,1024043;0,805662036;0
11654;10;20,51247088;26,33333333;10,37408706;10,00463295;1,316804689;1,567379117;0
11655;15;12,31325278;24,33333333;9,127760104;10,00493622;1,092033679;1,248491645;0
11656;15;6,761830791;13,5;11,9963004;10,00548077;1,038047134;0,108592391;0
11657;10;5,491297157;6;11,08472282;10,00577164;1,001567944;0,075430274;0
11658;10;20,33559101;28,16666667;9,277368428;10,0067358;1,371073262;1,926228523;0
11659;10;16,96913707;22,66666667;9,979009914;10,00968838;1,477517173;1,400847912;0
11660;10;7,366643055;9,166666667;9,004877142;10,01259041;1,074424044;0,207241297;0
11661;15;20,84610345;24,33333333;11,22231212;10,01403809;1,457888867;2,311054111;0
11662;15;10,53022841;11,66666667;11,11408177;10,0160284;1,005851713;0,891141057;0
11663;10;16,84963525;23,66666667;10,90756609;10,01603222;1,302282367;1,456848502;0
11664;15;28,01400663;40,16666667;11,65531923;10,01727867;2,0813049;5,176189899;0
11665;10;13,15033533;16,66666667;13,68099381;10,018116;1,152738361;1,191850901;0
11666;10;27,76948747;32,83333333;11,24128503;10,01895046;1,423018138;2,873416066;0
11667;15;22,4031047;33,33333333;10,32631969;10,01913834;1,589957153;3,056794643;0
11668;15;27,90960487;35,83333333;11,17265726;10,01934147;1,654521947;3,643787622;0
11669;15;7,154663151;11,83333333;14,59858308;10,01987076;1,166157265;1,040456176;0
11670;10;21,3658875;33,5;11,59955084;10,02030754;1,486221932;2,689305663;0
11671;15;10,54654843;15,5;9,535076549;10,02055073;1,155009274;0,863654375;0
11672;10;17,08107046;20,16666667;10,99187726;10,02078629;1,308039628;1,434790611;0
11673;15;26,77355928;49,5;10,43741627;10,02094078;1,889721831;4,856076837;0
11674;10;7,653596659;9,166666667;9,966122087;10,02144527;1,009699236;0,069022059;0
11675;15;5,418026771;16,66666667;9,858517616;10,02144718;1,558194401;1,266387105;0
11676;10;6,259163089;13;13,70421807;10,02146149;1,008194403;0,502536058;0
11677;10;14,47372836;21,83333333;9,566598783;10,02247334;1,329714298;1,30276382;0
11678;15;16,52043617;22,16666667;9,902631653;10,02270603;1,30925047;1,621893883;0
11679;15;21,05067985;20;13,5541753;10,0231514;1,440980567;2,302664161;0
11680;10;7,181923173;8,166666667;8,92582365;10,02318192;1,063004544;0,230342031;0
11681;10;5,050438024;8,166666667;12,0869765;10,02320004;1,040574814;0,276002765;0
11682;10;20,66471226;26,83333333;11,59033809;10,02381611;1,172963727;1,768265128;0
11683;10;18,1430878;16,5;12,40429889;10,02549839;1,215932969;1,27874279;0
11684;15;6,562130897;10,33333333;11,88319842;10,02705479;1,075798878;0,697224259;0
11685;15;21,67323537;29,5;11,18513873;10,02755642;1,563700631;2,722363114;0
11686;10;7,633442447;18,66666667;8,434922408;10,02767086;1,079938458;0,823969007;0
11687;10;12,38628021;14,5;10,30498763;10,02937508;1,153759502;0,802082658;0
11688;10;20,41711944;30,16666667;10,59712691;10,02941608;1,31733654;1,876767278;0
11689;15;25,50752541;44,66666667;10,8399881;10,02956295;1,769209291;4,098442435;0
11690;15;27,12923219;62,5;9,578521132;10,02963543;1,553815213;4,685170412;0
11691;15;9,147470081;25,66666667;9,576397366;10,03107738;1,085872311;1,453454971;0
11692;15;21,87928524;27;12,04934714;10,03157902;1,485667428;2,798180699;0
11693;15;17,05367786;25,5;10,64943869;10,03218651;1,317900094;1,646830082;0
11694;10;21,57149786;27,83333333;11,69926078;10,03226757;1,380429708;2,132350445;0
11695;15;11,73714051;24,5;11,84696529;10,03239155;1,276560823;2,002650499;0
11696;15;4,352601666;5,833333333;12,40636931;10,03291225;0,954353065;0,056362271;0
11697;15;10,03472733;10,5;12,37846178;10,03368759;1,229392751;0,666945457;0
11698;15;16,42300596;22,83333333;10,18409684;10,03422451;1,302434283;1,593211174;0
11699;15;16,6844616;21,66666667;9,621249847;10,03454304;1,3158384;1,642433167;0
11700;15;9,115953068;12,66666667;10,8032446;10,03456688;1,115453567;0,62594986;0
11701;15;22,88771646;38,5;9,593338598;10,0346365;1,709483392;3,536125302;0
11702;15;6,10665417;6,5;13,17735707;10,03466606;1,042206356;0,400217533;0
11703;15;16,94687907;23,83333333;10,95375042;10,03514385;1,258618379;1,674229503;0
11704;10;10,99996875;10;10,56599571;10,03596973;1,164739933;0,495412946;0
11705;10;12,32560124;18,16666667;7,460796568;10,0364542;1,267244276;0,958246946;0
11706;15;20,86566753;37,66666667;10,5593069;10,03707027;1,473497802;2,818496585;0
11707;15;27,92288409;53,16666667;10,34271086;10,04192162;2,061853693;5,71508646;0
11708;15;27,73314304;39,33333333;9,443071273;10,04217625;1,731019273;3,822468758;0
11709;10;15,77660688;13,5;9,827674845;10,04232407;1,133946173;0,870379448;0
11710;10;32,80412794;45,83333333;9,002821562;10,0430088;1,582284684;3,471263766;0
11711;15;4,78118406;17,33333333;8,987442623;10,04341602;1,174252034;1,08387053;0
11712;10;11,4194207;22,16666667;9,664362639;10,04408741;1,104964053;0,945884943;0
11713;10;8,122190888;8,5;9,83379401;10,04425144;1,053518256;0,315608263;0
11714;15;16,9740704;24,33333333;10,56015494;10,04461861;1,483106212;2,019160867;0
11715;15;20,83370649;47,33333333;9,997199274;10,04470158;1,378358225;2,99693954;0
11716;15;4,096693874;14,5;14,19668496;10,04580402;1,001807838;0,0225631;0
11717;15;21,24826313;41,16666667;11,62013692;10,0472517;1,506202259;2,782119155;0
11718;15;18,60991278;21,66666667;10,90327711;10,04746246;1,378603825;2,007625818;0
11719;10;5,924099567;5,666666667;12,44729074;10,05003166;1,001532887;0,060162663;0
11720;15;11,70533872;14,33333333;8,87998805;10,05219746;1,207078615;0,879407644;0
11721;15;12,4164558;10,16666667;8,721204693;10,05241489;1,000063359;0,945741653;0
11722;15;15,70307519;27,33333333;12,31556803;10,05241871;1,496909707;2,887236476;0
11723;10;5,804770894;6;10,12567184;10,05294418;1,000724314;0,077819586;0
11724;15;23,28141194;24,83333333;9,906730283;10,05330563;1,501982621;2,575748682;0
11725;15;26,7379529;41,5;11,20213687;10,05417252;1,701997186;3,972233176;0
11726;10;7,528964951;9,166666667;9,668586672;10,05474091;0,985920829;0,274469256;0
11727;10;12,46964653;15,5;9,434951736;10,05515575;1,065925534;0,692806125;0
11728;15;28,81515429;38;11,00747853;10,05766201;1,822130935;4,314100742;0
11729;15;30,51325118;50,83333333;10,94725997;10,05813408;2,209661635;6,984933734;0
11730;10;16,44571385;28,16666667;11,45133014;10,05846024;1,309098784;1,652604699;0
11731;15;10,65206654;12,66666667;10,97227371;10,05910587;1,193760046;1,082051635;0
11732;15;22,97871875;44;10,41116586;10,05927753;1,651541344;3,693552136;0
11733;15;18,74523601;36,11111111;9,748532593;10,05961037;1,477632487;1,994457483;0
11734;15;20,70326092;47,16666667;9,608840018;10,05982399;1,704475487;3,870207787;0
11735;10;11,65355477;16,16666667;11,77451375;10,06007576;1,118815867;0,876568675;0
11736;15;6,28346418;10,5;13,30543669;10,06143856;1,109288779;0,866800666;0
11737;15;14,91305338;17;10,22869866;10,06193924;1,201369355;1,079902053;0
11738;10;18,9940274;27,33333333;8,621371314;10,06220722;1,46737005;1,75432682;0
11739;15;16,6787403;24,5;10,44139882;10,06359863;1,334123812;1,996395111;0
11740;15;3,439415885;6,666666667;12,33630507;10,06376362;1,083093151;0,636123419;0
11741;10;28,67553371;35,66666667;11,08283055;10,06425476;1,617111887;3,062806487;0
11742;15;12,65306541;18,5;10,45800223;10,06575871;1,269902674;1,242359161;0
11743;10;13,04918815;22;9,950981848;10,06676292;1,01392671;0,914667368;0
11744;10;4,461722262;9,166666667;11,61523432;10,06732082;1,044209879;0,325894475;0
11745;15;12,69285798;17,16666667;9,82010949;10,06798172;1,225355083;1,046104908;0
11746;15;18,51980553;29,16666667;9,340692116;10,06926155;1,349971082;2,134935737;0
11747;15;22,93512839;39;10,67170784;10,06948853;1,874742462;3,968203664;0
11748;15;21,50528661;40,83333333;8,983190218;10,06968689;1,579712487;3,086681485;0
11749;10;5,652867047;6,833333333;12,69786314;10,07253933;1,000497378;0,14250505;0
11750;10;16,20951442;22,16666667;10,16736724;10,07363987;1,321215531;1,590563893;0
11751;10;9,112748069;13,66666667;10,05098812;10,07431221;0,978870634;0,476698518;0
11752;15;10,58747396;18,66666667;10,46921829;10,07485485;1,331156979;1,171925306;0
11753;15;18,63750818;27,5;8,623524314;10,0750246;1,246737343;1,856199622;0
11754;10;15,07048422;18,83333333;10,6923688;10,07540989;1,195239689;1,093503952;0
11755;15;28,51146167;60,5;10,50570627;10,07548046;2,590720652;7,754355907;0
11756;15;8,41208822;24,5;10,18610468;10,07706833;1,256662632;1,581285954;0
11757;15;4,27477712;5,666666667;9,108984983;10,07730007;1,024257208;0,181595683;0
11758;15;17,95400364;35,33333333;10,04810537;10,07799244;1,374631777;2,442627072;0
11759;10;10,56926092;23,66666667;11,40649578;10,0812149;1,188158949;1,492745638;0
11760;15;21,22617008;29,83333333;10,24531096;10,08124352;1,587650756;2,850345612;0
11761;15;18,65995595;29,5;7,891275478;10,08131313;1,305135654;1,848082781;0
11762;15;20,15002038;36;8,882495622;10,0814724;1,338484925;2,493129253;0
11763;10;20,40941971;37,16666667;7,562936569;10,08301353;1,020043324;1,643128395;0
11764;15;26,41119682;38,33333333;10,41975813;10,08408737;1,645848975;3,48104322;0
11765;15;25,28463909;29,5;10,85578451;10,08416367;1,472554529;2,927626252;0
11766;15;7,601367812;30,33333333;10,87036367;10,08419323;1,485679334;2,392876148;0
11767;10;3,718010383;5,333333333;10,59721413;10,08436394;0,988795747;0,029069185;0
11768;15;17,06081443;19,5;10,80172484;10,08525181;1,249436823;1,718386531;0
11769;10;25,51210695;65,16666667;11,00828372;10,08638859;1,405464982;4,03862524;0
11770;10;31,62333089;61,5;10,5729099;10,08674431;1,439566262;4,054382443;0
11771;15;23,39178653;40,5;10,1446314;10,08776474;1,714775375;3,653606892;0
11772;15;27,97613981;45;11,15869723;10,08843517;1,475186038;3,575860262;0
11773;10;8,18264611;9;9,728093675;10,08895683;1,053389252;0,302386999;0
11774;10;12,19553989;16;7,281294675;10,09109116;1,044295212;0,784367919;0
11775;15;22,98515676;67,16666667;11,62408452;10,0915451;2,275348111;7,332400799;0
11776;10;12,62118464;15,66666667;9,756002232;10,09218693;1,07831078;0,492954612;0
11777;15;16,91676257;28,66666667;11,49799682;10,09248066;1,274619783;2,538843751;0
11778;15;5,282221426;7,5;12,00010585;10,09324169;1,033963758;0,166554093;0
11779;15;23,76169595;31;10,77567308;10,09414196;1,62295817;2,944464803;0
11780;10;9,467714766;9,5;12,20915616;10,09527493;1,054787446;0,312159419;0
11781;15;4,953036665;5,833333333;8,067517644;10,09662819;1,000370078;0,097605705;0
11782;10;31,50163673;36,5;10,81988402;10,09714317;1,651515195;3,487010241;0
11783;15;4,309727442;6,5;12,80372476;10,09777832;1,057079833;0,500134826;0
11784;10;15,22678004;24,5;11,40029059;10,09804153;1,325189596;1,545207381;0
11785;15;9,003825891;21,5;12,01094219;10,0982275;1,04932407;0,965796351;0
11786;10;6,083484125;7,333333333;7,50128059;10,09845924;0,982516478;0,148223996;0
11787;10;14,08219674;18;11,47426585;10,10003376;1,253850542;1,164429784;0
11788;15;27,28350855;40;12,08303989;10,10011482;1,984141314;4,951102018;0
11789;15;15,95925504;39,5;9,199252005;10,1002388;1,435604786;2,589764953;0
11790;10;7,452298701;6,833333333;11,2928188;10,10062695;1,010862395;0,134688139;0
11791;10;8,090419783;10,55555556;8,566629913;10,10307217;1,018351334;0,249154925;0
11792;10;10,46619871;11,83333333;11,23798874;10,10328579;1,165203837;0,712163806;0
11793;10;7,171507086;14;11,80935225;10,10371876;1,136142496;0,734693527;0
11794;15;22,25365551;33;11,56122203;10,1037302;1,627665511;3,186232209;0
11795;10;17,1123965;32,5;11,99765249;10,10449409;1,387822581;2,35754323;0
11796;15;7,232069615;21,33333333;10,67448515;10,10489655;1,408315632;2,159544587;0
11797;15;21,43336602;48,66666667;11,76802428;10,10492897;1,437446416;4,808824301;0
11798;10;5,269519837;7,833333333;11,88230994;10,10629177;1,030601204;0,269658685;0
11799;10;13,59969028;14,83333333;10,69940525;10,10784435;1,13090126;0,837752819;0
11800;15;10,04876791;25,16666667;12,26543694;10,10799599;1,345525417;1,900030613;0
11801;15;19,69273025;32;10,14090645;10,10806084;1,526918338;2,671673656;0
11802;10;6,68430971;8;11,84398919;10,10833549;1,0226903;0,14468646;0
11803;10;10,27075636;16,16666667;12,77223135;10,10898972;1,052143629;0,469638705;0
11804;15;8,371530593;12,16666667;11,01372804;10,10908508;1,048325069;0,581643701;0
11805;10;8,435536417;12;10,15830578;10,10979176;1,064611504;0,422238827;0
11806;15;4,109007002;10,83333333;13,28643386;10,10987568;1,180015599;0,857045293;0
11807;10;11,00709702;18,33333333;8,333522047;10,11161423;0,974578594;0,728566885;0
11808;15;7,080063218;8;11,04833538;10,11262131;1,109602725;0,392362475;0
11809;10;7,924140359;8,333333333;12,53602157;10,11288548;1,060230856;0,35345757;0
11810;10;11,78313107;13,83333333;11,26270641;10,11305046;1,058239234;0,660943866;0
11811;15;18,73986237;33;10,40438455;10,11363506;1,206217333;1,674093723;0
11812;15;23,56880773;35,32258065;10,63571871;10,11375523;1,483974365;2,915404081;0
11813;15;29,97482088;46,33333333;11,43865874;10,11476517;1,743298056;4,657375455;0
11814;10;13,33788691;18,33333333;10,64101888;10,1150074;1,135113926;1,018616438;0
11815;10;17,95935973;95;11,76395239;10,11547852;1,626838206;7,061543226;0
11816;10;9,989117602;10,5;10,90397625;10,11597252;1,057451769;0,599980354;0
11817;15;8,950860912;11,66666667;12,61650327;10,11614799;1,182368223;0,847926974;0
11818;10;16,76669293;21,83333333;9,437694342;10,1166296;1,197448988;1,183481455;0
11819;15;7,380193489;6,538461538;10,0888885;10,11832333;1,113001558;0,15678525;0
11820;15;25,11125695;53,83333333;10,20220536;10,12016678;1,876079711;5,034650683;0
11821;10;20,13055633;24,16666667;9,80693189;10,12024212;1,235217872;1,429070473;0
11822;15;17,99944776;25,16666667;9,437351128;10,1203289;1,327449086;1,79338336;0
11823;10;10,78893617;10,16666667;12,08251227;10,12033367;1,170652383;0,608824015;0
11824;15;22,43175832;48,16666667;11,45916146;10,12086105;1,86780921;5,935897827;0
11825;10;7,070592196;7,222222222;10,68757656;10,12087154;0,749614186;0,121896505;0
11826;10;14,85089829;15,83333333;12,21695596;10,12105942;1,195752736;0,986155033;0
11827;15;5,537191064;8,5;11,01769;10,12112427;0,984148189;0,199101925;0
11828;10;3,607473335;5,833333333;14,43210079;10,12141895;1,009935913;0,073584914;0
11829;15;18,65173808;23,16666667;10,2319915;10,12308407;1,302166325;1,870175481;0
11830;15;30,74632555;53,83333333;9,993457246;10,12365437;2,091406191;5,440215588;0
11831;15;17,18090541;24,33333333;9,665858808;10,12453842;1,346477902;1,834111571;0
11832;15;8,56774723;9,5;12,49165948;10,12491131;1,148509777;1,041239262;0
11833;15;16,37674098;25,5;11,12797343;10,1275816;1,28263155;2,06654942;0
11834;15;39,4434019;84,33333333;10,16061364;10,12791252;2,003999432;8,09804368;0
11835;10;12,26366491;14,33333333;9,922360238;10,12850094;1,111209921;0,722673178;0
11836;10;11,4192574;18;11,16298899;10,1305542;1,125396349;0,837968469;0
11837;15;14,86428562;22,5;8,592793649;10,13079453;1,301622024;1,407755971;0
11838;15;8,422356837;12,33333333;10,76225812;10,13286781;1,018623018;0,790200114;0
11839;10;19,01719472;40,66666667;9,922981359;10,13458633;1,284408624;1,815984249;0
11840;15;13,99394067;19,16666667;9,117615958;10,1349144;1,080890726;0,987339497;0
11841;15;13,97862195;17,5;9,778063315;10,13582325;1,250061647;1,255685329;0
11842;15;20,21125828;28,66666667;9,827813533;10,13646603;1,495569838;2,397598386;0
11843;10;7,537941701;8,666666667;10,51092471;10,13748264;1,053017655;0,261434555;0
11844;10;14,84455518;29,16666667;12,92291267;10,13758659;1,347023895;1,932754993;0
11845;15;23,71197129;34,66666667;11,06662514;10,14029217;1,748377647;3,616020322;0
11846;15;8,069343311;11;11,64368002;10,14058971;1,055661284;0,577344298;0
11847;15;16,63236549;25;11,06453157;10,14102077;1,411575107;1,891136765;0
11848;10;17,48645939;21,33333333;8,884673592;10,14137936;1,246304722;1,289174795;0
11849;10;10,88971965;15,16666667;10,17784855;10,14267254;1,375522029;0,843871355;0
11850;10;15,8903693;25,33333333;10,35509473;10,1431818;1,220978395;0,719291449;0
11851;10;18,86944169;25,5;10,89170581;10,14437199;1,386311961;1,844799519;0
11852;15;28,4608002;39,83333333;11,04816646;10,14442921;1,84650445;4,4333179;0
11853;15;16,34062919;25,16666667;10,24288714;10,14502716;1,283798436;1,775583625;0
11854;15;14,87433834;26,16666667;10,60640372;10,1475153;1,287865002;1,724194169;0
11855;15;20,36493926;33,66666667;10,53332118;10,14757061;1,535496916;2,900176764;0
11856;15;33,44540655;50,5;9,753387785;10,14796448;2,227662599;6,159088254;0
11857;15;28,47159851;52,16666667;9,709001504;10,14860344;2,255878387;6,049136043;0
11858;15;28,60999656;48,66666667;10,38309795;10,14994717;1,895854699;4,912015319;0
11859;10;5,85311032;5,333333333;11,62710049;10,15006638;1,0860981;0,074348569;0
11860;15;3,862252602;5,166666667;12,75476872;10,15035534;1,017713366;0,062707901;0
11861;15;3,308874042;5,666666667;9,016941604;10,1505518;1,007294111;0,043112516;0
11862;15;22,08501207;32,33333333;10,90547895;10,15184784;1,546590061;2,955707788;0
11863;10;8,238954332;10,83333333;8,392145226;10,15229988;1,003787152;0,32943809;0
11864;15;24,96383374;36,33333333;10,32483506;10,15321159;1,66987319;3,477907896;0
11865;15;22,84655704;41,5;11,05910325;10,15438175;1,708644362;3,898779511;0
11866;15;16,84871598;27,16666667;11,20680605;10,15463257;1,182824495;1,686345816;0
11867;15;6,12538557;12,5;11,99027106;10,15637302;1,099454427;0,76808238;0
11868;#N/A;6,734945263;10,77777778;11,75408683;10,15687847;0,996316022;0,636680007;0
11869;10;29,30635708;29,33333333;10,44262967;10,15759277;1,532297784;2,498393059;0
11870;15;18,16998002;26,33333333;9,748277674;10,15821743;1,401575948;2,019959569;0
11871;15;22,33864337;35,66666667;8,464510742;10,15827274;1,477770567;2,669297099;0
11872;15;13,33091195;26,5;10,56145703;10,15972137;1,231381384;1,258424282;0
11873;10;17,60186612;22,86885246;10,89577939;10,15987968;1,241129332;1,369169831;0
11874;15;16,96462407;28,5;9,97333494;10,16028118;1,150354171;1,566912413;0
11875;10;15,15557642;17;9,40675605;10,16034985;1,103756912;0,881998062;0
11876;15;22,79116891;27;10,65128373;10,16168118;1,457601944;2,621275425;0
11877;15;16,13168807;18,16666667;11,00823306;10,16256905;1,149248091;1,208488822;0
11878;15;4,473377546;5,333333333;12,8439133;10,16268921;1,00460017;0,060057044;0
11879;10;5,984510724;5,666666667;9,447457647;10,16449928;0,992925982;0,074153781;0
11880;15;16,02699642;11;11,57072991;10,16481686;1,157745423;0,969225287;0
11881;10;7,615897516;6,428571429;12,19495787;10,164958;0,991174071;0,032387853;0
11882;15;20,47119521;39,33333333;11,70523137;10,16502953;1,657155005;3,679085016;0
11883;15;17,50845174;19,16666667;10,53746358;10,16555309;1,337820893;1,360171914;0
11884;10;19,11738198;33,33333333;11,12739912;10,16693878;1,246589378;1,906612515;0
11885;15;26,77117767;68;8,941454138;10,16697884;1,544280166;4,698081255;0
11886;10;11,58409451;14,66666667;10,50823754;10,16773605;1,099786923;0,686297894;0
11887;10;25,76910673;32,83333333;12,25718148;10,16802216;1,634164778;3,252013683;0
11888;10;27,5244825;62,83333333;9,93930534;10,168293;1,130043151;3,165518641;0
11889;15;10,4303163;16,16666667;10,34564359;10,16888046;1,127381102;0,849019408;0
11890;15;22,71191687;42,5;9,22670699;10,16911888;1,645681941;3,480801463;0
11891;15;24,40370472;36,5;10,84674825;10,16938972;1,688362943;3,771403909;0
11892;15;15,89674121;24,83333333;9,668679818;10,16954231;1,17657575;1,509305;0
11893;15;27,99230976;40,16666667;10,54910016;10,170928;1,988309394;4,936757207;0
11894;15;21,7565859;35,33333333;10,29305358;10,17096233;1,434192527;2,539856076;0
11895;15;24,40008439;49,66666667;9,109530637;10,17100906;2,089028119;4,951910138;0
11896;10;7,440427511;8;11,20818246;10,171731;1,010783535;0,273007751;0
11897;15;13,05424487;13,16666667;12,07327232;10,17179966;1,229913881;1,021731019;0
11898;15;19,01305146;28,33333333;9,441585512;10,17241192;1,414945676;2,449878454;0
11899;15;27,68029441;42,33333333;9,544733508;10,17252827;1,781139344;3,95507443;0
11900;10;19,87768674;26,66666667;12,63912935;10,17526817;1,463221234;2,155296206;0
11901;15;8,094109215;9,166666667;8,477215534;10,17667198;1,206507881;0,482159495;0
11902;15;13,50499548;17,5;12,04340649;10,1769352;1,307291734;1,730207086;0
11903;15;17,58177973;49;10,15621417;10,17714024;1,87535474;4,576982617;0
11904;10;4,816338495;16,33333333;10,91918821;10,17804146;1,157421912;0,852563977;0
11905;15;15,28643317;22,83333333;9,665674254;10,17987919;1,29288447;1,610872149;0
11906;10;6,389734745;6,5;10,06075117;10,18018341;1,033807203;0,149851918;0
11907;15;14,45886326;25,66666667;9,73657514;10,18093395;1,420753307;1,818558335;0
11908;10;16,74517589;23;9,110120254;10,18138027;1,091848093;1,220241308;0
11909;15;16,85105822;42;12,04948373;10,18146229;1,674814726;4,072401404;0
11910;10;10,22264813;10,33333333;9,412659525;10,18226051;1,085167151;0,475023627;0
11911;15;11,76869544;23,5;12,00466536;10,18231583;1,49431767;2,435074687;0
11912;10;20,16184739;31,33333333;11,36260166;10,18251801;1,441466297;2,177810907;0
11913;15;24,30060329;32,33333333;9,93547899;10,18320465;1,782846388;3,555419087;0
11914;10;6,518890314;5,833333333;11,87625004;10,18474579;1,028607395;0,140873909;0
11915;10;10,19173941;12,16666667;8,81868789;10,18500996;1,083308645;0,563845396;0
11916;15;22,43537238;27,5;9,63354063;10,18553448;1,40407813;2,157285094;0
11917;15;8,844995848;15,16666667;12,18241216;10,18768311;1,10186009;0,612148166;0
11918;15;16,25315287;37,83333333;11,85756848;10,18796825;1,235424645;2,237481475;0
11919;15;16,79327315;20,16666667;9,656184924;10,18815231;1,267643732;1,678456545;0
11920;15;10,25941162;10,66666667;9,112703441;10,18822861;1,066461765;0,601790667;0
11921;10;10,76974628;13,83333333;11,27666273;10,18846893;0,880956929;0,464920282;0
11922;10;12,39756302;16,5;10,23833783;10,18893147;1,103030139;0,791746974;0
11923;10;12,5731686;13,83333333;9,320497498;10,18996429;1,16884914;0,775693059;0
11924;10;15,36631873;25;11,61112162;10,19111824;1,140982449;1,303882599;0
11925;15;22,92716316;42,83333333;9,638722348;10,19193363;1,64667338;3,371416926;0
11926;15;21,88482155;27;11,36192672;10,19229698;1,399022407;2,516735315;0
11927;15;23,03971146;33,83333333;9,894707595;10,19303131;1,499510055;2,579063058;0
11928;15;17,2073672;27,5;8,958215395;10,19316673;1,221210593;1,692430258;0
11929;15;33,4378514;60;9,817008738;10,19530869;2,600811402;8,513442397;0
11930;15;34,36213568;45,16666667;10,10024559;10,19568062;2,008436597;5,374018788;0
11931;15;20,86743742;41,16666667;8,004945301;10,19575882;1,503310332;3,030806422;0
11932;15;27,18513766;42;9,908739235;10,1959362;1,871779277;4,354038239;0
11933;10;11,4403814;19,83333333;10,18780587;10,19598103;1,05012089;0,347890139;0
11934;15;6,666871072;7,5;10,96967474;10,19608593;1,04833256;0,329359055;0
11935;15;6,222061551;8,166666667;12,87536447;10,19649696;1,073499437;0,631857395;0
11936;15;20,89229825;39,16666667;8,995221839;10,19681263;1,526051127;2,762618065;0
11937;15;17,75837839;25,83333333;10,50553567;10,19694138;1,427882249;1,984927654;0
11938;15;5,308501513;6,666666667;10,68504159;10,19696999;1,033909317;0,162485719;0
11939;10;8,022254162;11,16666667;9,609089547;10,19829178;1,034101797;0,366077304;0
11940;10;10,57969517;15;10,21964078;10,19897556;0,926639112;0,841452956;0
11941;15;20,10338463;35,83333333;10,58361893;10,19927883;1,452844034;2,715307593;0
11942;15;12,18193838;13,83333333;10,26354274;10,20023155;1,139162873;0,953560114;0
11943;10;21,8793987;49,5;9,821896509;10,20103455;1,462823925;3,316538334;0
11944;10;21,0169643;38,33333333;12,90637901;10,20113087;1,487744893;2,895434976;0
11945;15;34,73137322;36,11111111;11,07762216;10,20256233;1,889441534;5,257363677;0
11946;10;14,76398359;23,66666667;10,11902437;10,20309067;1,108783646;0,841276765;0
11947;15;42,16730725;53,66666667;11,65621474;10,20436954;2,344497696;7,989994287;0
11948;15;18,71099513;30,66666667;11,07571737;10,20439339;1,598952796;2,90160501;0
11949;10;5,023595801;5,5;8,602079852;10,20520973;0,989902519;0,034467459;0
11950;15;10,60452681;19;10,06716425;10,20553303;1,090664165;0,997321486;0
11951;10;16,89289709;18,66666667;11,5639004;10,20577431;1,115670335;1,06158638;0
11952;15;17,08023902;21,66666667;11,13071169;10,2067318;1,302921944;1,850490689;0
11953;15;9,624192575;16,33333333;11,73243286;10,20678616;1,547836436;1,243816257;0
11954;15;12,50564328;18,66666667;11,41914759;10,20760441;1,211857427;1,303385496;0
11955;15;7,279598862;10,77777778;8,702415309;10,20919991;1,137447124;0,488385558;0
11956;10;8,485587841;19,33333333;10,46243436;10,21007347;1,016673656;0,085569501;0
11957;15;18,09812193;22,66666667;9,782674838;10,21170139;1,308231191;1,626312256;0
11958;10;9,602918839;15,16666667;9,087430361;10,21260071;1,00135643;0,572502136;0
11959;15;20,88016604;33;11,14922981;10,21408176;1,564024082;2,955983162;0
11960;15;13,05487858;40;11,6541067;10,21453667;1,610562906;3,320787787;0
11961;10;10,59912817;9,666666667;10,15594337;10,2168169;1,057256118;0,491467834;0
11962;15;38,2027743;59,16666667;10,73837747;10,21705055;2,042290117;6,56338346;0
11963;10;10,98888429;15,5;10,31177806;10,21735191;1,117927016;0,764178872;0
11964;15;18,30012984;42,66666667;10,02138963;10,21921635;1,557510613;3,283445477;0
11965;15;8,437054322;11;9,121576572;10,21942997;1,021851888;0,529694319;0
11966;10;5,433038889;6;10,46284848;10,21952057;1;0,025750399;0
11967;10;17,2017309;26,66666667;11,5753861;10,22027016;1,365684481;1,836532831;0
11968;15;9,952882287;18,16666667;10,17064016;10,22062778;1,139923689;0,900184631;0
11969;15;14,0656735;19,5;11,05152896;10,22135067;1,287727624;1,426298976;0
11970;15;18,57912762;35,33333333;11,27380748;10,2220459;1,501560604;2,894804358;0
11971;15;28,85414985;50,33333333;9,966868221;10,22229671;1,957931356;5,086933494;0
11972;15;25,14785555;24,5;11,80588517;10,22260094;1,481546089;2,74688971;0
11973;10;46,85797209;92,33333333;9,574518633;10,22260284;1,311569903;5,704687119;0
11974;10;11,17482082;29,66666667;10,01433162;10,22373486;1,413638328;2,467372179;0
11975;10;12,790502;10,83333333;10,25680162;10,22568035;1,11485713;0,588803172;0
11976;15;29,16299432;48,5;11,47203576;10,22659874;1,877457127;5,417614937;0
11977;10;5,871529624;6,666666667;11,81676271;10,22763443;1,026383632;0,045628428;0
11978;10;13,26608389;14,83333333;10,46575333;10,22779942;1,105140564;0,7011168;0
11979;15;6,864395398;9,666666667;9,415442249;10,22851753;1,0491911;0,369924068;0
11980;10;19,71038584;28,66666667;10,22984494;10,22863102;1,234897466;1,191754818;0
11981;15;13,11571452;14,83333333;9,987902292;10,22954845;1,160694183;1,066216588;0
11982;15;11,03468372;11;10,22830594;10,23014069;1,08816781;0,691733241;0
11983;15;15,09396311;19,5;10,92719822;10,23050404;1,318486356;1,539145112;0
11984;15;7,540798367;10,33333333;11,55207092;10,23069668;1,150231907;0,518100619;0
11985;15;4,5679779;5,666666667;12,25301011;10,23073959;1,002809665;0,076176167;0
11986;15;21,19587168;36;11,03268946;10,23201752;1,522224471;3,018092275;0
11987;15;17,07462776;30,33333333;9,814735293;10,23369122;1,233491631;1,883167744;0
11988;10;6,665523571;6,166666667;10,05236738;10,23369503;1,051085709;0,186546445;0
11989;15;6,61599261;8,666666667;11,06999569;10,23406601;1,048345952;0,469279885;0
11990;15;4,35122339;6,666666667;11,31567093;10,23653126;1,019283092;0,277492642;0
11991;15;13,34692608;21,33333333;9,058397895;10,23660564;1,365429385;1,394943953;0
11992;10;9,342509665;11;10,93661091;10,23687172;1,122100158;0,511048675;0
11993;10;7,812645142;11;8,199039579;10,23745155;1,073203202;0,358104229;0
11994;15;7,117932009;10,16666667;10,3801736;10,23875046;1,046385919;0,670305133;0
11995;15;7,06174533;10,5;10,19445246;10,23895454;1,165939438;0,791243672;0
11996;10;12,71643643;20,66666667;10,87089147;10,23910618;1,108852688;0,511132121;0
11997;10;14,0330966;25,33333333;9,029347717;10,2395401;1,019119108;1,091791749;0
11998;10;18,24815086;36,5;10,66508887;10,24010754;1,190433005;1,869981766;0
11999;15;17,52566511;32,5;10,50988744;10,24027824;1,449808861;2,416708827;0
12000;10;8,792041116;8,833333333;9,130980399;10,24123287;1,074262399;0,381220222;0
12001;15;11,22115776;13,33333333;10,45219888;10,24138927;1,230317345;1,019436359;0
12002;15;24,41320424;40,66666667;10,60522933;10,24194336;1,6965916;3,849437594;0
12003;15;25,1639545;50;10,53273284;10,24240494;1,8551951;4,657841563;0
12004;10;18,90749354;23,16666667;11,93713626;10,24300003;1,341844452;1,882681489;0
12005;10;16,82809367;26,66666667;10,19162534;10,24327278;1,261145237;1,238206863;0
12006;15;33,58185666;82,16666667;9,041536662;10,24332333;1,443261167;5,544513702;0
12007;15;23,11344203;34;10,30463917;10,24363518;1,581259976;3,102885723;0
12008;15;18,33482829;25,83333333;10,02451996;10,24406147;1,417696644;2,048298717;0
12009;15;10,32500056;21,33333333;10,3145302;10,24430561;1,21552363;1,396211863;0
12010;10;8,350710658;8,333333333;8,862394268;10,24444103;0,99631345;0,235652685;0
12011;15;22,25854759;27,66666667;11,00342954;10,24530125;1,546177554;2,743172288;0
12012;10;12,26343481;12,33333333;10,24687384;10,24609375;1,189560971;0,63902998;0
12013;15;7,047103211;40,33333333;9,964299996;10,24612331;1,784686718;3,480447888;0
12014;15;13,73123461;16,33333333;9,866603628;10,24623108;1,194690547;1,192640543;0
12015;10;6,04775845;5,833333333;12,53128278;10,24831772;1,01765442;0,103172183;0
12016;10;6,113870751;5,666666667;12,66800498;10,24853611;1,003538665;0,101169467;0
12017;15;5,637839508;7,166666667;10,04588936;10,24895191;1,046454385;0,188031673;0
12018;15;10,34865238;49,66666667;10,3465954;10,25017929;1,990367876;5,329665303;0
12019;15;9,049872357;11,16666667;10,41356062;10,25186634;1,078701809;0,589553237;0
12020;15;18,67379869;23,33333333;11,05423338;10,25243568;1,364676759;1,506985426;0
12021;15;14,72299771;15;13,3269495;10,25267506;1,321543474;1,414249659;0
12022;15;15,67042865;30,33333333;11,06049611;10,25315952;1,34637583;2,145017505;0
12023;15;28,21953132;39,33333333;10,5041562;10,25388241;1,252076756;2,906018019;0
12024;15;9,83459875;30;8,470995437;10,2542057;1,015455522;0,035819888;0
12025;15;11,27833995;11;11,37307256;10,25485134;1,197889863;1,083022356;0
12026;15;25,39293005;41,16666667;9,91161968;10,25555897;1,676908264;3,628248692;0
12027;15;3,956903374;28,5;11,06021099;10,25709724;1,118050303;2,089569449;0
12028;15;16,13177719;25;10,00960026;10,25832272;1,318626034;1,851992011;0
12029;10;5,448351554;6;13,53797705;10,25876713;1,024839508;0,170240641;0
12030;10;6,617622793;9,5;10,15895662;10,25900078;1,001181011;0,263334394;0
12031;15;24,65168092;42;10,09458574;10,25905895;1,725080581;3,726953268;0
12032;15;9,379761082;11,66666667;9,66153476;10,26054192;1,136598079;0,659300923;0
12033;15;6,213332876;15;11,44450617;10,26075268;1,069123753;0,430891037;0
12034;15;12,5814976;14,83333333;10,13640627;10,26109314;1,190922797;1,011635184;0
12035;15;25,39422871;32,5;11,36381382;10,26388741;1,562056994;3,233292818;0
12036;15;11,07992861;17,16666667;9,574248579;10,26527023;1,094524714;0,930623412;0
12037;15;10,61527422;19;10,11334256;10,26536751;1,066081916;0,517597437;0
12038;15;17,90731527;34,66666667;9,964255435;10,26595402;1,35162011;2,42907691;0
12039;15;11,22132631;15,33333333;11,47994031;10,26783848;1,158362928;1,18776381;0
12040;10;6,975976104;9,166666667;10,23177193;10,26855373;1,310484586;0,325743437;0
12041;15;15,83014156;19;11,12212995;10,26910973;1,374591175;1,606284261;0
12042;15;21,93542744;27,33333333;10,876503;10,27127266;1,386876865;2,195040107;0
12043;15;16,5477383;23,33333333;10,36591009;10,2718277;1,348692753;2,047714472;0
12044;10;30,68335787;46,33333333;10,79443471;10,27592468;1,924765513;4,775197625;0
12045;10;4,883771901;5,166666667;13,44094355;10,27604389;1,029324454;0,031432271;0
12046;15;11,04388299;25,33333333;11,36757232;10,27796745;1,122483971;1,972393632;0
12047;10;11,03743482;10,33333333;10,36089571;10,27889442;1,051567968;0,461759448;0
12048;15;25,22130792;60,33333333;8,768333251;10,27968884;1,376098075;3,929481506;0
12049;15;7,065619817;10,66666667;12,70139616;10,27977276;1,097029497;0,486773849;0
12050;10;7,355986546;8,333333333;7,993999022;10,27994633;1,070766853;0,273370624;0
12051;15;24,65093715;45,66666667;11,03716919;10,28053761;1,329489247;3,196575403;0
12052;15;24,51205889;44,33333333;10,41685742;10,28110218;2,200777821;5,368058324;0
12053;15;37,15603709;74,33333333;10,95814539;10,28133106;2,14850773;8,307438016;0
12054;15;19,44652824;42,16666667;10,58454215;10,28134155;1,409424508;2,828229189;0
12055;10;12,57747295;11,83333333;10,97892806;10,28240108;1,140126596;0,696352959;0
12056;10;5,467152721;6,666666667;8,030548732;10,28247261;1;0,088198781;0
12057;15;16,77350763;19,83333333;7,553477008;10,28529644;1,275338117;1,25757575;0
12058;15;32,12025803;57,33333333;9,348094387;10,28547764;1,533676126;4,595974326;0
12059;15;8,829257371;7;11,08960829;10,28582001;1,055768765;0,491808772;0
12060;15;18,66900439;27;10,53774319;10,28630161;1,419681402;2,221914411;0
12061;15;13,87528703;29,33333333;10,38301556;10,28680706;1,50532709;2,502586007;0
12062;10;27,61980406;53,83333333;9,970697017;10,28856468;1,335132163;3,305410862;0
12063;15;8,07138738;12,83333333;9,969987209;10,28958797;1,038557043;0,603831649;0
12064;10;10,65981205;10;9,713120857;10,29115486;1,06508871;0,486516237;0
12065;15;14,44173871;33,5;10,61214526;10,29144192;1,241533614;1,905479074;0
12066;15;18,08747775;22,83333333;8,116835168;10,292696;1,209594039;1,530215979;0
12067;15;17,20419316;23,83333333;10,70423144;10,29275131;1,365304026;2,000749588;0
12068;15;4,008143636;6,833333333;14,52364441;10,29277611;0,998938898;0,2119627;0
12069;15;6,965351675;30,83333333;11,97624314;10,29300499;1,614460205;3,307418823;0
12070;15;8,600860804;17,16666667;13,20151044;10,29303741;1,091341769;1,479935288;0
12071;15;23,95707103;31,5;11,06950448;10,2948513;1,661630842;3,657177329;0
12072;15;13,93583288;13,83333333;9,419479966;10,29614067;1,267355856;1,053449154;0
12073;10;19,48622294;22,83333333;9,733377522;10,29691029;1,223691701;1,448536992;0
12074;10;29,72715939;44,66666667;8,761019568;10,29703522;1,215310636;2,649987102;0
12075;10;9,080444707;9,5;10,7870046;10,29765511;1,045020325;0,414683819;0
12076;10;7,063961975;6,166666667;11,84442841;10,29959202;1,020610481;0,195167303;0
12077;10;10,90638743;15,5;7,375260282;10,29974556;1,100741625;0,788359642;0
12078;10;11,31047722;11,83333333;9,779745007;10,29990292;1,106840852;0,499340892;0
12079;10;5,903973721;7,833333333;14,91617327;10,30004501;1,084699717;0,579966664;0
12080;15;12,55078278;20,16666667;11,78036697;10,30012035;1,476835463;1,573621035;0
12081;15;12,00409175;15,16666667;9,377157386;10,30138683;1,217750014;0,994189858;0
12082;10;9,255382626;9,833333333;11,28467582;10,30193424;0,980800833;0,307852983;0
12083;15;24,25942356;46,33333333;11,23057897;10,30357456;1,653508805;4,278191447;0
12084;10;7,41384775;11,5;7,879784655;10,30564976;0,921803264;0,290807247;0
12085;15;12,56090823;16,66666667;9,703294183;10,30584717;1,136725681;0,887011409;0
12086;15;16,5609299;29,5;9,688191005;10,30748081;1,438344432;2,300946355;0
12087;15;17,08651065;36,5;10,1419648;10,31058121;1,68949979;2,972890139;0
12088;15;13,20366954;15,66666667;10,84545178;10,31063747;1,224136174;1,151418567;0
12089;15;22,9450265;46,33333333;9,59003052;10,31079102;1,494912428;3,012307525;0
12090;10;19,00876219;22,33333333;9,334213407;10,31080151;1,129587602;1,218041658;0
12091;10;19,29893581;23,66666667;11,63971527;10,31141949;1,319400976;1,711111784;0
12092;10;18,93746198;25,33333333;11,37720635;10,31243992;1,24385394;1,546456337;0
12093;10;16,30695529;20,66666667;8,488875748;10,31285191;1,009455471;0,898655415;0
12094;15;18,39345577;20,33333333;10,63748498;10,31305122;1,394965246;1,897102356;0
12095;10;7,229048707;15,33333333;11,01771532;10,31437206;1,175464992;0,877073646;0
12096;15;6,903156641;8,333333333;8,220352668;10,31490707;1,024204197;0,286124468;0
12097;15;11,90741228;22,33333333;11,77707103;10,31513309;1,264930723;2,110178471;0
12098;15;13,54778856;17;9,975124977;10,31643009;1,150556669;1,127819657;0
12099;10;26,52356742;46,83333333;10,02248555;10,31677055;1,150112007;1,344454527;0
12100;10;24,2620058;25,83333333;10,09308501;10,31753063;1,261124086;1,819797873;0
12101;15;16,08311492;14,5;9,850944345;10,31767654;1,226301943;1,316900373;0
12102;15;5,481339871;8,5;10,65668246;10,31851196;1,007518797;0,035602927;0
12103;10;13,48568307;17;8,799974254;10,31903076;1,056997289;0,837324739;0
12104;10;7,28141036;9,666666667;8,63429812;10,31973934;0,998815804;0,296760798;0
12105;15;26,33525287;48,33333333;10,20377478;10,32114029;1,932683597;5,124014616;0
12106;10;17,49082042;22,66666667;10,59865858;10,32162952;1,246133346;1,361224294;0
12107;10;17,06476659;15,66666667;10,24451199;10,32247925;1,13222425;0,980095625;0
12108;15;7,46182518;9,5;9,889955449;10,32276249;1,147652594;0,459884644;0
12109;15;28,05791119;45,66666667;9,401161382;10,32570839;1,778198777;4,323923945;0
12110;10;6,390263351;6,166666667;12,72768382;10,32587719;1,024982798;0,025633812;0
12111;15;9,377326492;13;10,09920221;10,32649803;1,094622498;0,710670829;0
12112;15;5,297332017;8,5;12,5574268;10,32653522;1,007776207;0,064963579;0
12113;15;22,10085414;44,83333333;9,238807971;10,32678127;1,35857077;3,040941477;0
12114;10;26,31710077;31,66666667;11,6590338;10,32721806;1,617621416;2,93515861;0
12115;10;21,93092187;26,5;10,58644183;10,32754803;1,244285736;1,790383577;0
12116;15;26,06987555;42,5;11,55062366;10,32787609;1,931437967;4,963571191;0
12117;15;11,31138893;19,83333333;10,94822778;10,32856178;1,149057377;1,205002666;0
12118;15;7,820560846;12,16666667;13,1864837;10,32859135;1,18843791;1,021605611;0
12119;10;28,47021949;32,83333333;9,552584259;10,33001328;1,205220292;2,095603108;0
12120;10;17,81743309;26;10,69893069;10,33063889;1,141940688;1,302360535;0
12121;15;7,322192931;6,5;12,41432945;10,33094883;1,003824041;0,608745337;0
12122;15;4,536485888;14,83333333;13,34702073;10,3313942;1,014638146;1,028767467;0
12123;15;6,730690131;11;11,33840887;10,33257103;1,075691739;0,442749619;0
12124;10;13,42938357;17,83333333;10,43401436;10,33279896;1,17334694;1,069282174;0
12125;15;15,37899938;24,16666667;10,09486118;10,33298683;1,385001986;1,940989971;0
12126;10;5,71428631;6,666666667;12,21519095;10,33317566;1,01626053;0,138344646;0
12127;15;23,77558083;33,5;11,39799651;10,33452511;1,554349387;3,123427629;0
12128;10;6,223194114;6,666666667;9,966202662;10,33553791;1,002534033;0,125762105;0
12129;10;16,49741598;29,66666667;9,405658231;10,33606339;1,025973072;1,377316117;0
12130;15;5,229583312;9,333333333;12,48855128;10,3362093;1,032825747;0,214198351;0
12131;15;6,861233908;10,83333333;12,34339397;10,33797169;0,942747215;0,38954246;0
12132;15;26,97389664;54,16666667;10,1210567;10,33856869;1,967901382;4,825816631;0
12133;15;4,58085781;5,5;12,1026798;10,34019089;1,009861351;0,059075832;0
12134;15;25,50700382;49,16666667;10,01582264;10,34022808;1,853696748;4,723986864;0
12135;15;12,96986079;15,16666667;11,81460454;10,3406086;1,150468297;1,329909563;0
12136;15;18,03264371;29;10,59501581;10,3413105;1,399277485;2,222759604;0
12137;10;5,909300512;9,5;10,16936965;10,34349251;1,101039053;0,444766283;0
12138;10;16,53983454;21,5;11,99763644;10,34356213;1,127857663;1,212324858;0
12139;10;20,08370779;29,83333333;9,444214027;10,34401512;1,308151732;1,792281508;0
12140;15;26,27424496;49,5;10,67326122;10,34479713;1,93313764;5,011689782;0
12141;15;10,4579477;10,33333333;10,38534921;10,34544182;1,104501235;0,587803721;0
12142;15;11,1964333;19,66666667;12,01353559;10,34545517;1,324532185;1,769901633;0
12143;15;17,67724411;32;9,722873516;10,34557247;1,3021716;2,120588779;0
12144;15;19,00094378;37;10,50489723;10,34737873;1,524336124;3,167113066;0
12145;10;8,755618965;10;9,455169251;10,34742069;1,118333385;0,441831708;0
12146;15;29,86590643;43,83333333;11,71969987;10,34982872;2,100073233;5,802474618;0
12147;10;11,44082236;14,5;11,2457073;10,3514452;1,06217507;0,712980032;0
12148;15;9,729865038;9;13,48503952;10,35201073;1,233208604;0,799991488;0
12149;15;16,40555252;46,80327869;9,406696155;10,35230732;1,30055373;1,993317723;0
12150;10;3,65527663;6,666666667;13,77433116;10,35388565;1,008041463;0,307281256;0
12151;15;31,87355048;71,16666667;10,19820292;10,35428238;1,595539707;5,356639385;0
12152;10;7,489563564;8,833333333;10,25679138;10,35439873;1,010128572;0,279194236;0
12153;10;4,562234592;13,16666667;9,664029885;10,35517883;1,161923923;0,691542029;0
12154;15;8,062538213;10,33333333;7,732135729;10,35585499;1,07286159;0,536063075;0
12155;15;19,53719208;45,83333333;11,39980137;10,35710812;1,360362567;2,214888811;0
12156;10;6,561530098;7;11,810402;10,35714245;1,032766668;0,403239965;0
12157;15;7,711764121;9,833333333;10,1467121;10,35720634;1,099306827;0,472092867;0
12158;10;19,9900551;32,11111111;11,05936404;10,35725021;1,268664543;1,541403413;0
12159;10;16,99484306;16;10,39661712;10,35761642;1,16444627;0,934707165;0
12160;15;6,771684422;7,166666667;11,02746256;10,35816097;1,055270633;0,304124832;0
12161;15;18,19639606;27,33333333;8,311194644;10,35817719;1,325477122;2,005457282;0
12162;10;11,29788813;15,16666667;9,880108467;10,35894012;1,10998666;0,851807952;0
12163;10;15,31855656;18,33333333;10,95511278;10,35946083;1,193887892;1,133316755;0
12164;15;8,149920039;16,5;8,743930982;10,35988617;0,919499052;0,643151879;0
12165;15;6,070587877;24,16666667;10,61107815;10,36057472;1,122991313;0,646299601;0
12166;15;24,67673889;24,33333333;10,59833411;10,36070061;1,421612103;2,443790913;0
12167;15;6,322787799;9;11,5819271;10,36153793;1,036629178;0,409517884;0
12168;20;26,22178403;45,83333333;10,85296442;10,36233139;2,112436858;6,209324121;0
12169;15;29,23182228;46,66666667;10,89905394;10,36249065;1,860287997;4,938730001;0
12170;10;6,61721053;8;9,129100403;10,36315918;1,015752829;0,148324013;0
12171;15;26,04930092;41,83333333;9,889856905;10,363307;1,832789167;4,349549413;0
12172;15;5,449949623;14,66666667;11,17456026;10,36409187;1,285403553;1,515002251;0
12173;15;11,44370063;13,83333333;12,32242188;10,36418056;1,159713829;1,132163882;0
12174;15;3,236121053;5,166666667;13,09072117;10,36501884;1,001097858;0,06647563;0
12175;15;4,582792811;7,666666667;10,59475628;10,36512756;1,333921498;0,320397377;0
12176;15;27,59983997;38,5;11,11918132;10,36585999;1,856964728;4,595206976;0
12177;15;15,50471432;10,33333333;10,35499989;10,36631775;1,151358133;0,810855985;0
12178;10;5,364579789;5,333333333;11,46054473;10,36643887;0,919127669;0,045869589;0
12179;10;8,9111934;10,16666667;9,134474098;10,36690521;1,062957257;0,427158952;0
12180;15;21,23552993;30,66666667;10,29076434;10,36849976;1,558534433;1,880647898;0
12181;10;24,29371381;64,83333333;11,18392596;10,36881351;2,276240316;7,073183775;0
12182;15;9,843050632;9,666666667;11,8384125;10,36898327;1,104425522;0,979064941;0
12183;10;6,405213563;8,833333333;9,114928423;10,36933231;1,06915462;0,196650743;0
12184;15;5,579963399;7,333333333;12,8800747;10,36936378;1,024396844;0,528741121;0
12185;10;5,496167928;5,833333333;11,67656243;10,37164879;1,031181297;0,047553062;0
12186;10;19,9800028;29,16666667;10,51741993;10,37274742;1,384930395;1,990535259;0
12187;15;13,12008862;18,83333333;9,954471508;10,37289906;1,207396403;1,229054928;0
12188;15;26,20001761;45,5;11,06473451;10,37340927;1,844173695;4,439848423;0
12189;10;15,4245414;22;8,095620164;10,37396145;1,088977087;0,732918978;0
12190;15;17,40708245;25,5;8,980594399;10,37474537;1,404365622;1,814523816;0
12191;10;7,951657063;8,666666667;11,66342531;10,37477016;1,028836792;0,365931511;0
12192;10;6,609670113;9,833333333;8,908129751;10,37500477;0,96659834;0,22920692;0
12193;15;17,94213303;28,33333333;9,683532029;10,37522602;1,398134089;2,161566496;0
12194;10;7,256111179;8,666666667;11,11753409;10,37642193;1,010050222;0,215687275;0
12195;10;21,58971839;31,5;9,670690947;10,37680435;1,355626363;2,040420771;0
12196;15;8,555158044;13,5;9,569532446;10,38117313;1,07812664;0,61013186;0
12197;15;18,62211873;42,33333333;9,960181761;10,382164;1,654144882;3,372581244;0
12198;10;15,31246233;24,5;11,33134293;10,38347721;1,204546789;1,320939302;0
12199;10;12,88330764;21,16666667;9,713423435;10,38430214;1,209100994;1,130697727;0
12200;15;5,937017516;27;10,99188884;10,38471889;1,183475832;0,927384257;0
12201;15;15,61890854;34,33333333;10,56175149;10,3848877;1,2456801;2,114753604;0
12202;10;22,82623636;29;8,331589606;10,38584137;1,283190104;1,797277689;0
12203;15;4,846082989;5,333333333;11,66857064;10,38608551;1,019265998;0,142598987;0
12204;15;32,41818423;48,33333333;9,809127224;10,38652611;1,904095085;4,923038363;0
12205;15;5,720512906;13,16666667;12,95886719;10,38659191;1,138259635;0,957926512;0
12206;15;12,48214103;18,5;9,56181572;10,38667965;1,187681107;1,150492787;0
12207;15;5,767638558;6,833333333;10,06811527;10,38737965;1,002016483;0,148290515;0
12208;10;6,755025876;7,833333333;11,56715984;10,38761616;1,014554034;0,151234865;0
12209;15;30,87467159;40,33333333;11,35125146;10,38824177;1,984137477;5,237326503;0
12210;10;7,285439178;6;10,38931715;10,38834953;1,01177042;0,072288513;0
12211;10;17,2364565;40,5;10,13695788;10,38869953;1,279601886;2,539408326;0
12212;10;11,46325983;10,83333333;11,68634772;10,3889904;1,166035456;0,73858285;0
12213;15;30,27978369;70;9,90687377;10,38907242;2,125533656;7,147625685;0
12214;15;36,66007824;49,33333333;10,30816943;10,38943291;1,859993998;5,526510119;0
12215;15;6,787804631;31;12,19043658;10,38991642;1,18458042;1,111670256;0
12216;15;21,38374858;25,5;10,85381106;10,39209366;1,55893638;2,73059237;0
12217;15;19,70003295;56,16666667;11,96441048;10,39432526;2,349761911;7,282382011;0
12218;15;9,317319287;10;10,54914332;10,39477158;1,040337729;0,667072177;0
12219;15;12,98227451;17,66666667;10,45382141;10,39483738;1,19042847;1,246773362;0
12220;15;16,05565661;27;10,14495097;10,39524746;1,372431449;2,027461648;0
12221;10;6,989896745;17;10,44110081;10,39702702;1,080122846;0,470777154;0
12222;15;15,03611547;20,16666667;10,64910861;10,39739037;1,272487307;1,591771245;0
12223;10;11,72887751;13,5;7,910345243;10,39831543;0,979340368;0,559104443;0
12224;15;24,11918831;39,16666667;10,37617109;10,39941311;1,862935986;4,255420923;0
12225;15;3,352913757;5,666666667;11,2269433;10,40079975;1,015916029;0,073442578;0
12226;15;20,89955193;30;11,77840899;10,40115547;1,591192381;3,668334842;0
12227;15;7,807665426;37,66666667;10,01902597;10,40246296;1,730231543;4,262839317;0
12228;15;16,87977257;33,83333333;9,7233196;10,40336704;1,526857238;2,575625181;0
12229;10;33,35404198;93,66666667;8,180576052;10,40522385;1,59047186;6,850355864;0
12230;10;11,69689263;17,33333333;9,392428939;10,40526009;1,072312949;0,729437947;0
12231;15;8,160470129;8,5;10,90401082;10,40544987;1,04029162;0,435946584;0
12232;10;15,94933332;23,33333333;10,72903858;10,40592194;1,224182514;1,329590201;0
12233;15;17,13310007;19,33333333;10,19980223;10,40711403;1,289513673;1,633926272;0
12234;15;14,50305692;16;10,05660148;10,40817356;1,143109653;0,961286664;0
12235;15;12,23075634;12,83333333;10,23228659;10,40824699;1,250837547;1,040932894;0
12236;10;11,76112307;16,83333333;10,82494064;10,40894985;1,092276459;0,8752352;0
12237;10;13,33965553;19,16666667;10,30392996;10,40986633;1,068480469;0,978256702;0
12238;10;6,641565282;6,833333333;11,93524475;10,41043472;0,940941367;0,170042157;0
12239;15;17,48482155;31;9,182231248;10,41149807;1,442001394;2,305112123;0
12240;10;7,82465707;5,666666667;14,20860385;10,41162205;1,121794528;0,207406878;0
12241;15;17,59298519;25,16666667;10,53826432;10,41372013;1,428436982;2,108430505;0
12242;10;7,352095275;6,5;11,23007191;10,41373253;1,13389624;0,247231245;0
12243;15;4,189077624;5,333333333;10,58848699;10,41587067;1,096741214;0,021311998;0
12244;10;6,604308204;6,666666667;11,15334442;10,41604614;1,059206271;0,192531586;0
12245;10;5,428223144;6,166666667;11,42947529;10,41895771;1,000853159;0,05099678;0
12246;15;8,204014036;5,833333333;13,76586966;10,41928482;1,056266849;0,283229232;0
12247;10;6,175190158;9;11,85792085;10,41974926;0,95703989;0,311043739;0
12248;15;3,201019707;5,166666667;12,58932342;10,41995621;1,002035742;0,091100931;0
12249;15;12,02554438;14,66666667;11,65231341;10,42083931;1,160801999;1,190153003;0
12250;10;21,2090946;44,5;10,06530446;10,42193699;1,266268933;1,778091192;0
12251;15;32,24864765;63,33333333;11,28290628;10,42263985;2,902491188;10,14573264;0
12252;15;9,703976545;12;11,83500595;10,42306328;1,14962549;0,904336452;0
12253;15;21,79260922;41,66666667;9,990084502;10,42312336;1,609494735;3,589173794;0
12254;15;16,1655542;27,33333333;10,26409838;10,42330265;1,371278771;2,03471911;0
12255;10;17,41454845;22,83333333;10,33675725;10,42426205;1,388378991;1,60082221;0
12256;15;27,60404641;34,83333333;10,31422721;10,42536736;1,565760165;3,384384871;0
12257;10;10,94932997;12,83333333;11,31422705;10,42576027;1,114819332;0,419227362;0
12258;15;25,71413948;30,5;11,79437344;10,42667675;1,640305971;3,601475716;0
12259;10;10,10548554;19,16666667;11,43280911;10,42713833;1,019403555;0,935023308;0
12260;15;18,99622547;23,83333333;10,44930144;10,42836952;1,379638656;2,241473317;0
12261;15;18,17113678;24,5;11,77878762;10,43013;1,346591307;2,077799201;0
12262;10;27,83121779;59,83333333;8,774462164;10,4304409;1,337984461;3,694212317;0
12263;15;29,08328315;42,16666667;10,73986848;10,43328667;1,855701273;4,701537848;0
12264;10;9,231375875;11,33333333;9,933064088;10,43344307;1,078166545;0,449867964;0
12265;10;6,933675648;8;10,9089877;10,43447876;0,934979532;0,212226987;0
12266;15;21,36015518;60,33333333;8,811914873;10,43460369;1,816948871;5,488942623;0
12267;10;19,39802264;21,66666667;11,37901435;10,43513966;1,373933102;1,752340794;0
12268;15;18,73993857;24,16666667;11,01956766;10,43552589;1,386740776;2,146249771;0
12269;10;13,62735964;16,16666667;9,183337646;10,43565845;1,094932795;0,339000583;0
12270;15;4,508206171;8,333333333;11,60023007;10,43573093;1,027298703;0,447273254;0
12271;15;4,99398247;7,5;7,185541367;10,43616962;0,999792268;0,173642397;0
12272;15;28,84408064;34,33333333;10,42574409;10,43722057;1,620374237;3,519461036;0
12273;10;8,339552223;8,5;10,52942776;10,43777084;1,00668539;0,318892598;0
12274;15;26,94037251;51,66666667;9,530684703;10,43863869;1,673014469;4,482872605;0
12275;15;18,84941525;31;10,69238279;10,43989754;1,417608593;2,573080301;0
12276;15;18,97156188;27;10,61693488;10,43989849;1,545955654;2,476809502;0
12277;15;9,41640682;12;12,99052294;10,44044685;1,202318893;0,858003616;0
12278;10;7,476896414;8,666666667;11,79593843;10,44193268;1,033633559;0,26933527;0
12279;10;16,22837718;25,83333333;10,08459177;10,4420929;1,176770322;1,462688327;0
12280;10;9,226004261;9,333333333;10,34118617;10,44271278;1,025007583;0,32813859;0
12281;10;16,47279571;20,5;9,97562224;10,44301128;1,228577445;1,271043181;0
12282;10;4,880384244;5,166666667;12,31820643;10,44443321;1,000149596;0,024972439;0
12283;15;9,085398477;15;10,68811524;10,44535828;1,117878493;0,627277493;0
12284;15;19,38635979;28,5;11,36160601;10,44553566;1,504439251;2,545253634;0
12285;10;4,68882643;5,333333333;10,24233017;10,44569206;0,927504039;0,017077088;0
12286;15;8,292213344;13,66666667;11,79238373;10,44875145;1,099003239;0,72430706;0
12287;15;14,71088333;22,16666667;8,582291506;10,44890785;1,242908549;1,376317143;0
12288;15;17,18978699;25;9,44789599;10,44951439;1,390106758;1,880081177;0
12289;15;10,1416201;16,33333333;9,59562728;10,44963169;1,147083834;0,94099164;0
12290;10;10,76568794;13,66666667;10,57971899;10,45027733;1,101150279;0,473089933;0
12291;15;10,68428421;25,5;9,83395053;10,45108891;1,460110849;2,05493784;0
12292;15;30,83146615;41,5;11,87176169;10,45116138;2,040400967;5,697784781;0
12293;15;15,26400086;21,33333333;10,55575097;10,45116806;1,368028427;1,65483892;0
12294;15;17,47045982;30,83333333;9,471416281;10,45236778;1,276539316;2,070910335;0
12295;15;3,363765762;6,666666667;9,834898508;10,45246601;0,979584028;0,07975471;0
12296;15;13,8401085;22,5;11,88038524;10,45263958;1,224796092;1,302499175;0
12297;15;8,852986047;15,16666667;13,26583106;10,45383167;1,253286418;1,429284692;0
12298;10;10,55394451;11,72131148;8,320501872;10,45432091;1,05816138;0,512426496;0
12299;10;14,07043164;21;10,56161917;10,45586967;1,139974593;1,067060828;0
12300;10;8,531433017;12,66666667;10,72622557;10,45724392;1,033548017;0,48452127;0
12301;10;5,042003688;5,666666667;9,070907917;10,45850182;0,882558043;0,039762616;0
12302;10;5,100071558;5,666666667;10,8653224;10,46036053;0,914392962;0,048601985;0
12303;10;14,15190103;25,16666667;11,14966634;10,46238708;1,143679682;1,325639725;0
12304;10;8,722644582;8,166666667;14,06690753;10,46262932;1,059547188;0,368775964;0
12305;10;5,757746198;22,5;10,13977608;10,46302223;1,319370798;1,457150936;0
12306;10;10,186175;10,16666667;11,09618113;10,46351337;1,125181576;0,480177045;0
12307;10;8,54394336;7,333333333;11,57548202;10,46391201;1,09013855;0,502319932;0
12308;10;12,81563931;13,16666667;10,83875747;10,46403694;1,083860972;0,694622993;0
12309;15;22,51828657;36,33333333;8,987370835;10,46406937;1,533886629;2,926075935;0
12310;15;21,3567169;28;10,29534824;10,46472931;1,543386469;2,816167831;0
12311;10;14,28334794;20,83333333;8,694307719;10,46507263;1,159751361;1,151693344;0
12312;15;27,77317239;35,83333333;12,09236995;10,46570015;1,84728749;4,573767185;0
12313;15;15,95813796;26,16666667;10,02809359;10,46636486;1,474799962;2,190214992;0
12314;15;11,03292191;9,666666667;11,22654486;10,46728897;1,156474806;1,012646675;0
12315;15;12,85077427;21;12,71701032;10,46859264;1,363274467;2,552255869;0
12316;15;6,596993906;9,833333333;10,25971488;10,46988106;1,017830148;0,356310844;0
12317;15;15,43730796;30,16666667;11,32171151;10,47005844;1,37574776;2,286865473;0
12318;15;15,18589438;26,5;11,04022716;10,47110462;1,304922523;2,042063236;0
12319;15;29,13444038;55,5;8,841696454;10,47200775;1,05002334;2,780026555;0
12320;15;11,24336265;16;11,02934808;10,47330952;1,158152227;0,854167104;0
12321;10;9,667256637;16,66666667;10,05037276;10,47358418;0,966259492;0,612927437;0
12322;10;10,00332302;11,83333333;10,81616314;10,47363091;1,039879449;0,519117594;0
12323;10;9,931136351;8,833333333;9,75350964;10,47385502;1,093601444;0,498352289;0
12324;10;12,30779033;17,83333333;11,3779385;10,47553349;1,196576104;1,000714302;0
12325;15;18,58809538;27,16666667;10,0109306;10,47595119;1,484086384;2,320498586;0
12326;10;7,277097453;13;10,25488671;10,47759533;1,145928371;0,78313601;0
12327;10;6,083403497;6,333333333;11,39802974;10,47907352;1,044963422;0,126651049;0
12328;10;16,07649897;25,83333333;10,53028085;10,47992134;1,375733244;1,772341251;0
12329;15;24,78263798;44,66666667;9,047394425;10,48022366;1,604055627;3,761818886;0
12330;15;13,24418418;13,83333333;9,012619028;10,48059082;1,041420764;0,703076959;0
12331;15;17,61072264;36,5;10,92296477;10,48074341;1,756115099;4,592183232;0
12332;10;7,257867443;7,5;8,966181586;10,48082161;1,036912152;0,217465043;0
12333;10;13,0768531;13,16666667;11,4892584;10,48090553;1,166026619;0,871395111;0
12334;10;19,13175429;40,33333333;10,72274972;10,48146439;1,05052403;1,905065417;0
12335;10;14,14699374;18,66666667;12,07811705;10,48165703;1,176006791;1,1828233;0
12336;10;11,0670487;12,33333333;10,5814816;10,48174572;1,161474412;0,698588729;0
12337;15;12,87833109;26,83333333;10,32019986;10,48343849;1,350590617;2,402406693;0
12338;15;13,5588332;25,5;10,59028725;10,48547268;1,405708649;2,073423266;0
12339;10;40,73795826;84,66666667;11,38717932;10,4859333;2,131171753;8,679470658;0
12340;15;16,1506365;23,5;8,576255294;10,48681545;1,325402423;1,696145773;0
12341;10;5,683649427;5,833333333;10,29429803;10,48728371;1,000102825;0,133755684;0
12342;10;31,71084862;49,66666667;9,044862232;10,48801994;1,491152872;3,698391795;0
12343;10;19,84116004;41,66666667;9,66694273;10,48816967;1,103853832;2,1340729;0
12344;15;18,43412549;19,16666667;10,95966025;10,49121666;1,287427192;1,831645131;0
12345;10;27,91642499;37;11,11988511;10,49352169;1,578737519;3,153164864;0
12346;15;16,72699098;17,96296296;9,576862175;10,49423313;1,227951978;0,642083406;0
12347;15;6,62504389;12,16666667;9,002212477;10,49464798;1,003225604;0,479765058;0
12348;15;21,48021512;24,33333333;10,87149835;10,49599934;1,353903674;2,458049297;0
12349;15;5,190738196;19,83333333;10,36240336;10,49618053;1,263187557;1,200316668;0
12350;10;10,94744739;35,16666667;9,322480543;10,49751377;1,10528678;1,759667754;0
12351;15;15,97976285;25,66666667;9,004617249;10,49790382;1,21605147;1,597570539;0
12352;15;4,483325227;5,833333333;12,29914349;10,49827099;1,009989521;0,036188126;0
12353;10;20,59958413;28;9,962944021;10,49833202;1,17611353;1,68626678;0
12354;15;12,6406803;12,5;12,20420745;10,4992342;1,191886594;1,092747331;0
12355;10;4,892092896;5,333333333;8,931700931;10,50158787;1;0,024052501;0
12356;15;11,23130574;15,83333333;10,58579093;10,50183296;1,189964821;1,029896259;0
12357;15;31,9980873;38,66666667;11,78585528;10,50195217;2,031565305;5,180899143;0
12358;15;12,5203875;17,5;8,092281386;10,50280571;1,069516495;1,034575343;0
12359;10;9,287771907;10,5;10,63889816;10,50436497;1,095807528;0,470818877;0
12360;15;7,180458292;9,166666667;11,61898948;10,50594234;1,050070024;0,446986198;0
12361;15;10,53679836;12,5;10,45694436;10,50596237;1,293112792;0,989098191;0
12362;10;11,01248459;13,66666667;9,727213951;10,50769806;1,166098007;0,741047144;0
12363;15;18,43419127;30,66666667;10,32963769;10,50803757;1,495280896;2,71369195;0
12364;10;10,71647744;15,66666667;8,900466666;10,50808907;1,031370676;0,705928802;0
12365;10;9,544911157;10,16666667;11,47175359;10,50812721;1,070886954;0,506500602;0
12366;10;21,23135877;25,5;11,59551947;10,50820637;1,357442142;1,921212673;0
12367;15;9,054762353;12,16666667;10,42059305;10,50919342;1,096552302;0,770094633;0
12368;15;18,57399722;24,5;9,754193244;10,5093689;1,358868476;1,93434298;0
12369;15;6,192421669;6,166666667;10,21301528;10,51051712;1,019087131;0,168044567;0
12370;15;23,79898986;49,88888889;10,03434463;10,51054382;1,53200789;3,032479286;0
12371;15;23,62490816;53,16666667;9,819927414;10,51084328;1,545343203;4,175283909;0
12372;10;19,09431341;35,66666667;9,92316465;10,51167774;1,084050913;1,782935977;0
12373;15;13,52488374;26,16666667;11,02804088;10,51228809;1,177743524;1,547318459;0
12374;15;7,756096602;7,166666667;9,771470777;10,51245117;1,121657161;0,348483562;0
12375;15;11,74616151;18,66666667;11,3037615;10,51245308;1,213326538;1,256071925;0
12376;15;26,48617232;60,66666667;10,14768395;10,51272964;2,246439265;6,842030287;0
12377;10;20,66192884;31;11,80879388;10,51307678;1,441976414;2,313602924;0
12378;15;31,19428577;82,83333333;8,655755277;10,51311111;1,545490124;6,003314495;0
12379;10;22,36512114;21,66666667;11,37883425;10,51351929;1,306686241;1,687785149;0
12380;15;12,8624176;12,33333333;12,01105506;10,51375771;1,138081738;1,239252567;0
12381;15;14,33498321;30;10,88517025;10,51393795;1,599570105;3,03689909;0
12382;10;5,329580399;18,83333333;9,107176257;10,51437378;1,198105237;1,244164586;0
12383;15;3,370329731;7,666666667;9,839376855;10,51453114;1,014518711;0,173944712;0
12384;15;7,893362707;30,33333333;8,941242796;10,51498032;1,413900201;2,530782938;0
12385;10;13,61387202;18,83333333;10,26219591;10,51517105;1,158629369;1,013251543;0
12386;15;4,369112264;5,333333333;13,25743439;10,51800728;1,099286362;0,048671722;0
12387;10;27,11189324;45,16666667;11,56800793;10,51876736;1,573435765;3,797585249;0
12388;15;20,21065117;35;11,08006288;10,51954651;1,540093577;3,053299069;0
12389;15;19,42982841;27,5;11,10268218;10,52038956;1,45742872;2,652037024;0
12390;15;24,86359747;33,83333333;9,902507306;10,52104378;1,515499639;3,028638244;0
12391;15;9,973736025;22,16666667;13,95470757;10,52108383;1,398000038;2,425330281;0
12392;10;11,3571298;16,5;11,38141532;10,52112007;1,15022836;0,898959994;0
12393;15;26,65250578;45,49180328;10,40666344;10,52132797;1,501745705;3,727275133;0
12394;10;10,71727618;11,83333333;12,32131661;10,52172184;1,097186244;0,647069097;0
12395;15;4,069497371;5,166666667;14,54129244;10,52245522;1,009120045;0,117697954;0
12396;10;9,631430289;11;11,04357786;10,5245676;1,112174628;0,570586443;0
12397;15;6,825293092;37,16666667;10,59164213;10,5256834;1,86789754;4,081724167;0
12398;15;13,87293079;23,83333333;10,68577062;10,52599812;1,163483553;1,363400102;0
12399;15;25,14392325;38;10,63031411;10,52799416;1,721299762;3,966754317;0
12400;10;8,248422577;11,83333333;10,5434499;10,52834129;1,132136264;0,450267315;0
12401;10;5,220961022;5,833333333;11,18490421;10,52907753;0,999723805;0,07269156;0
12402;15;10,58224224;18,16666667;11,31513841;10,53142357;1,179483371;1,126598597;0
12403;15;23,18887953;36,66666667;10,20106672;10,53161716;1,61678679;3,407149196;0
12404;15;10,19968593;14;8,33160843;10,53171253;1,157371697;0,785907865;0
12405;15;14,30844128;30,83333333;10,32564142;10,53255558;1,32692402;2,071660519;0
12406;15;10,40798666;13;9,917278205;10,53326797;1,176494449;0,834007859;0
12407;15;19,30817531;48;14,00144814;10,53344822;2,688335276;10,59610593;0
12408;10;18,28096514;23,5;10,71225701;10,5336628;1,319950342;1,663545132;0
12409;15;4,6348169;20,33333333;9,397226535;10,5340395;1,298038828;1,548589945;0
12410;15;16,19898276;18;11,880105;10,53574848;1,300570143;1,557704449;0
12411;10;3,866468875;10,66666667;9,747964939;10,53647804;1,051242795;0,473481655;0
12412;10;5,302872701;6,333333333;10,5937204;10,53779888;0,977056113;0,074209929;0
12413;15;13,53461279;23,16666667;8,702266696;10,53803539;1,098437653;1,238624334;0
12414;15;19,0402618;24,33333333;10,38760093;10,53872108;1,27509625;1,858218312;0
12415;15;10,69910712;13;10,50725438;10,53932571;1,123477532;0,821666121;0
12416;15;8,666820375;10,66666667;10,27678925;10,54160976;1,116853232;0,643455267;0
12417;15;16,49177531;30;9,990428926;10,54173088;1,327686271;2,137437463;0
12418;10;5,599243976;5,5;10,8598278;10,54253387;1,002582356;0,072213888;0
12419;15;20,13192604;30,66666667;10,87750146;10,54294777;1,469194474;2,598165751;0
12420;15;8,335959372;11,83333333;8,102337517;10,543643;1,107303518;0,63609457;0
12421;10;5,191749771;5,333333333;10,06288733;10,54371166;1,000431335;0,037898302;0
12422;15;13,64988024;13,66666667;11,12241644;10,54394817;1,244095855;1,36003685;0
12423;15;28,17262551;32,66666667;10,67559929;10,54602051;1,694069237;3,736361027;0
12424;15;13,65142533;20,83333333;11,07787638;10,54714775;1,167168705;1,400647163;0
12425;10;13,89694172;19,66666667;10,73195646;10,5477829;1,094865218;0,860948801;0
12426;15;12,72175743;14,66666667;9,811594867;10,54965687;1,152600123;1,062287807;0
12427;15;14,36519808;25,66666667;7,988920004;10,5519495;1,230858228;1,505514979;0
12428;10;8,785516105;11,66666667;9,223919461;10,55392838;1,030725918;0,470288873;0
12429;10;17,25400225;17,66666667;10,78724185;10,55500507;1,158266145;1,130103946;0
12430;10;5,73860254;11;9,988474443;10,55554867;1,024976297;0,329197764;0
12431;10;12,0780307;14,83333333;9,162676515;10,55750942;1,025437987;0,810192943;0
12432;10;6,753322892;7,333333333;10,36858614;10,55842209;0,987824536;0,217511892;0
12433;15;23,24940935;27,16666667;9,501971815;10,559412;1,468895283;2,581988096;0
12434;10;9,074233132;10,66666667;11,07806366;10,55965614;1,139831946;0,566915989;0
12435;10;13,89823712;22;9,71944342;10,55995655;1,224947397;1,230455399;0
12436;10;7,322672576;7,166666667;11,43731575;10,56005287;1,050682244;0,306797147;0
12437;15;9,343152506;12,66666667;10,47604606;10,5609684;1,087539845;0,762838721;0
12438;10;14,54889965;18,66666667;10,14014902;10,5624361;1,240720663;0,926510811;0
12439;15;29,53731318;38,33333333;11,659176;10,56276417;1,916322191;5,055740833;0
12440;#N/A;9,656061841;9;11,66800487;10,56361961;1,038410085;0,443769574;0
12441;15;6,712883974;19,5;14,81980346;10,56496334;1,39916655;2,638653994;0
12442;15;12,96077716;9,833333333;11,43539299;10,56496429;1,102839007;0,7566396;0
12443;15;16,77518506;11,66666667;11,03890185;10,56645298;1,31699451;1,357955337;0
12444;15;11,35859402;11,66666667;11,1956576;10,56663322;1,236293755;0,848845482;0
12445;15;12,47591028;30,33333333;13,51046264;10,5674715;1,423575206;2,488314271;0
12446;15;7,047099054;6,833333333;11,59676619;10,56804371;1,070001723;0,461504579;0
12447;10;16,5117448;14,66666667;10,31076642;10,56906128;1,167688;0,937269688;0
12448;15;9,883395969;18,5;8,915988432;10,56926823;1,075636013;0,458613515;0
12449;15;12,64134284;25,5;11,39444971;10,57015038;1,064504967;1,252049923;0
12450;15;34,71663312;45,66666667;9,915320027;10,57034588;1,86060369;5,519900203;0
12451;15;9,552356451;12;8,248003156;10,57145405;1,118819897;0,653062582;0
12452;15;5,760592505;25,66666667;10,21338074;10,57221794;1,145129892;0,743594766;0
12453;10;6,419527902;6,166666667;10,2804225;10,57382679;1,008498753;0,127438903;0
12454;15;16,75321459;20,66666667;10,6508463;10,57410431;1,315440808;1,856982231;0
12455;15;17,54548177;23,83333333;11,93448706;10,5755167;1,348485543;2,151792645;0
12456;15;6,581811937;8,166666667;10,10776508;10,57631207;1,041250029;0,342665076;0
12457;15;22,45778438;58,83333333;12,43242245;10,57769871;2,50398582;9,728177786;0
12458;10;16,87434269;23,5;10,82647341;10,57813263;1,089735392;1,167591572;0
12459;15;10,58548683;12,16666667;10,073898;10,5788126;1,17178832;0,824705482;0
12460;15;15,73679555;64,66666667;9,578359518;10,57906914;1,412920931;4,006789207;0
12461;15;12,11378084;16,16666667;8,700686466;10,57941437;1,130442022;0,762019515;0
12462;15;15,9062258;33,66666667;10,38524326;10,57976818;1,352617041;2,283837199;0
12463;10;5,698266568;5,333333333;8,981509616;10,58006096;1,041391348;0,042140603;0
12464;15;12,60996768;18,66666667;10,05684271;10,5820694;1,250836803;1,384529591;0
12465;15;4,360995205;12;12,37432835;10,58297825;1,080062746;0,487307787;0
12466;15;6,288397995;10,16666667;11,59053119;10,58350372;1,013016087;0,356240034;0
12467;10;16,16972184;21;7,982057061;10,5837841;1,194700247;1,196027279;0
12468;10;25,04676281;38,66666667;9,266473506;10,58611679;1,357201527;2,623266697;0
12469;15;4,498679115;5,166666667;12,77423218;10,58624458;1,007544291;0,055633187;0
12470;10;8,590366702;9,5;9,265564832;10,58640003;1,064379326;0,34365952;0
12471;15;14,66174255;19;10,75413769;10,58692932;1,263998555;1,54515183;0
12472;10;18,3515697;27,33333333;8,225708004;10,58699894;1,077430941;1,425033212;0
12473;15;25,7065002;32;10,37382586;10,5875206;1,662116542;3,459982753;0
12474;15;8,989996105;11,5;8,960092999;10,58799648;1,071422234;0,655413628;0
12475;10;23,39061669;28,66666667;9,705430153;10,58990097;1,486291678;2,231666088;0
12476;15;10,70071491;16,66666667;12,15974707;10,59041691;1,1903576;1,209887624;0
12477;15;20,89705149;44,16666667;9,112647845;10,59105206;1,49975113;3,206958532;0
12478;10;14,7651696;23,83333333;12,00805947;10,59185028;1,16982462;0,970231771;0
12479;10;4,749576306;7,5;10,98852781;10,59213352;1,025124115;0,262290359;0
12480;10;4,95582928;5,333333333;11,28477173;10,59346867;0,583039571;0,014670491;0
12481;10;12,98276878;17,33333333;9,586681089;10,59496975;1,090436486;0,878749132;0
12482;10;11,08993676;16,5;8,06929793;10,59560108;1,028429785;0,645897031;0
12483;15;30,30781264;67,83333333;11,2600917;10,59572315;2,364362921;8,189050198;0
12484;15;7,30836055;7,5;9,744289692;10,60000801;1,043143038;0,423643589;0
12485;15;15,26549366;20;9,9346146;10,60055447;1,350964401;1,680461645;0
12486;15;20,00436342;42,33333333;10,8365964;10,60116673;1,765750461;3,937987447;0
12487;10;12,51528795;22,33333333;10,36715165;10,6016922;1,028970282;0,729124427;0
12488;10;16,39031272;23;9,025631193;10,60172272;1,274049862;1,398064733;0
12489;15;15,83856922;27,16666667;9,696149578;10,60218143;1,352795334;1,999181628;0
12490;15;16,43685417;22;11,13867168;10,60274696;1,354704266;1,799477339;0
12491;15;24,74886284;31,66666667;10,12626569;10,60320187;1,432408361;0,703368068;0
12492;10;17,59525239;24,33333333;9,549602913;10,60340214;1,355977462;1,627159119;0
12493;10;8,531533127;9;9,860083585;10,60399437;1,06856421;0,433042169;0
12494;15;15,86138025;22;9,714503341;10,60400009;1,47063874;1,894594431;0
12495;15;34,00122406;49;10,52622163;10,60475826;2,261123523;6,83762157;0
12496;15;18,00522749;31,83333333;10,38376402;10,60604286;1,551345458;2,673410416;0
12497;15;27,30945111;45,66666667;9,788095302;10,6081295;1,549706194;3,880706906;0
12498;10;6,184079236;7,166666667;9,71294114;10,6094799;0,984162016;0,175964475;0
12499;15;34,92194258;71,83333333;9,115387944;10,60948277;1,789975891;6,409681678;0
12500;15;10,4814078;19,66666667;10,68089682;10,60967255;1,077790375;1,318922758;0
12501;10;10,30758238;17;10,92232648;10,60987663;1,007093702;0,066079259;0
12502;10;14,34917068;20,16666667;10,09774702;10,61243629;1,149540427;0,866577744;0
12503;10;14,20872515;23,83333333;11,19256801;10,61389351;1,256679447;1,484720111;0
12504;15;16,55240522;25,83333333;10,65387366;10,61464977;1,396089057;2,186123967;0
12505;15;10,69106753;12,5;9,987645809;10,61590862;1,150928636;0,681546688;0
12506;15;16,24314103;26;10,35583753;10,61782742;1,450642342;2,235355258;0
12507;10;9,06245347;9,5;8,267488797;10,61882687;1,034265937;0,340987325;0
12508;15;11,93786076;16,5;9,656048686;10,61892509;1,133325033;0,956427693;0
12509;10;4,793451729;5,166666667;12,05517024;10,61935139;0,922080979;0,014875889;0
12510;10;18,00568178;23,33333333;9,831854191;10,61986446;1,256739312;1,480161071;0
12511;15;15,54062523;42,83333333;9,846657987;10,62352562;1,104007332;2,158616662;0
12512;15;15,86806892;37,66666667;11,21807301;10,62384319;1,470157426;2,86488378;0
12513;10;15,03767746;24;7,573450375;10,62389755;1,017384597;1,002202392;0
12514;10;6,465066021;6,833333333;11,71079247;10,62477112;1,037334686;0,101034403;0
12515;15;9,99428244;14,66666667;10,81099245;10,62493992;1,195509068;0,946782231;0
12516;10;18,49440283;20,83333333;10,77447929;10,62532806;1,243183409;1,356400609;0
12517;15;19,15231725;35,83333333;10,20602883;10,62544155;1,504340907;2,859371662;0
12518;15;22,58071201;58,33333333;11,31557919;10,62564278;2,50689803;8,290919304;0
12519;15;20,88768254;29;10,28096717;10,62615681;1,497621063;2,626811385;0
12520;15;10,41083183;37;9,826770382;10,62635708;1,320292391;2,584098935;0
12521;15;22,19644628;33,16666667;10,11971668;10,62658787;1,533368009;2,935361743;0
12522;15;7,798230818;8,666666667;12,18476731;10,62723541;1,048215354;0,383990645;0
12523;15;22,81956843;38,16666667;10,48654849;10,62838459;1,700718325;4,125291944;0
12524;10;30,81294611;39,16666667;10,40792232;10,62862206;1,560452954;3,382349133;0
12525;10;6,081494157;6;9,60142462;10,63087463;1,047338218;0,117032528;0
12526;15;14,83147948;20;10,80813263;10,63159466;1,261347541;1,141654134;0
12527;10;12,78385091;13,33333333;10,99672777;10,63173294;1,100061553;0,822048545;0
12528;10;10,60862584;13,5;12,87144945;10,63176155;1,100284767;0,714963317;0
12529;15;17,51933862;24,83333333;11,07086766;10,63400745;1,376221144;2,091020703;0
12530;#N/A;5,940526648;5,5;12,73552728;10,63552475;0,962122574;0,05429709;0
12531;15;10,13219285;15,33333333;10,03980941;10,63604164;1,106231441;0,877135992;0
12532;15;13,98241914;17,16666667;10,40868336;10,63682079;1,255290531;1,397578001;0
12533;15;13,15847466;22,66666667;11,41949773;10,63718987;1,271173221;1,605825305;0
12534;15;11,5164079;21,16666667;11,79433679;10,63844204;1,312324438;1,798786044;0
12535;10;12,79394395;18,16666667;10,73424491;10,640131;1,286032537;1,159102917;0
12536;15;15,78175015;28,16666667;10,19527365;10,64215279;1,324908676;2,242669821;0
12537;15;11,67859254;11,5;9,400894256;10,64226341;1,190851639;0,864189863;0
12538;15;13,85081188;18,5;9,427872892;10,6450386;1,221498264;1,265388608;0
12539;10;9,339132105;8,833333333;9,117424765;10,64583397;1,062907659;0,319519401;0
12540;10;6,882198611;8,166666667;10,64257532;10,64612961;0,998936448;0,189530015;0
12541;10;13,97394846;22,16666667;12,25570874;10,64658833;1,135786965;1,23735404;0
12542;10;9,952191206;13,16666667;7,32714539;10,64709187;0,961195873;0,503754497;0
12543;15;21,63482845;38,83333333;10,55170033;10,64810848;1,820636335;4,052055478;0
12544;15;29,43916764;49,16666667;9,713879288;10,64836502;1,917487604;5,112048268;0
12545;10;13,0327445;13,83333333;10,39354248;10,64862728;1,079379302;0,721759081;0
12546;10;7,377751382;7,666666667;11,36998844;10,64921379;1,021007574;0,229830146;0
12547;15;23,02170234;43,16666667;9,528486931;10,64921761;1,654424344;3,954239488;0
12548;20;12,99536778;27,16666667;10,56377604;10,64939308;1,358930518;1,592184663;0
12549;10;28,47635297;49,33333333;10,73949667;10,65057755;1,822333764;4,439960718;0
12550;10;9,653201984;16,33333333;9,66071396;10,6511116;1,200710086;0,96904397;0
12551;15;4,495162305;6;11,14653649;10,65112114;1,002079963;0,104604006;0
12552;10;27,17355234;47,5;12,20537382;10,65284538;1,989389387;5,303386211;0
12553;10;7,931132689;6,666666667;12,607633;10,65395546;1,010855691;0,221271992;0
12554;15;36,45498264;87;10,48579728;10,65421104;1,600676026;7,041205645;0
12555;15;7,038023701;16,33333333;11,18187795;10,65503502;1,200922658;1,231673717;0
12556;10;17,65292859;22,83333333;10,8257849;10,65526772;1,287176284;1,313865185;0
12557;10;14,71647882;22,16666667;9,150395921;10,65650463;1,17264986;1,118033767;0
12558;15;7,258788213;8,5;10,09323947;10,65729523;1,071386199;0,569044113;0
12559;10;6,24978437;7;9,375678298;10,65770149;1,008400943;0,160280824;0
12560;15;10,72009135;9,333333333;10,4658641;10,65784168;1,076916301;0,574715614;0
12561;10;12,84046896;19,66666667;10,88861194;10,65839005;1,147316965;0,788770437;0
12562;15;15,72065135;28,83333333;10,4354809;10,65990925;1,337986408;1,623984456;0
12563;15;20,35084933;38,83333333;11,12573408;10,66087627;1,47419547;3,332971334;0
12564;10;22,76561411;31,33333333;10,64288095;10,66088963;1,218860076;1,957360387;0
12565;10;20,699816;29,16666667;11,44218783;10,66097069;1,332969835;2,205929041;0
12566;15;12,96708007;13,83333333;11,17455526;10,66097546;1,186385976;1,363673568;0
12567;15;25,10052885;42,83333333;10,64252396;10,66220856;1,694355555;4,058788657;0
12568;15;5,340053757;5,5;12,85345033;10,66263103;1,011016572;0,149264216;0
12569;10;6,18955376;6,166666667;11,28499709;10,66399479;1,014287448;0,127520084;0
12570;10;13,49346594;16,33333333;11,41645376;10,66418076;1,150494086;1,431545973;0
12571;15;15,2818873;26;9,382549967;10,66519642;1,373777159;2,017678976;0
12572;15;11,94080955;14,66666667;10,20324003;10,66567612;1,162693546;0,984823942;0
12573;15;16,4907546;31,5;9,861483521;10,66598129;1,467720793;2,407453418;0
12574;15;15,28721041;20,16666667;8,285869645;10,66632938;1,232191571;1,340487957;0
12575;15;16,04882175;29;10,04796899;10,66697598;1,295209219;1,670890927;0
12576;15;30,03237444;45;10,47215208;10,66720963;2,034689969;5,559166789;0
12577;15;18,51255829;31;10,63351823;10,66805744;1,406047669;2,454357982;0
12578;10;6,256913383;7;9,94760445;10,66868687;1,009169092;0,178191543;0
12579;15;19,44526761;33,33333333;10,90377139;10,66966915;1,474581322;2,59318912;0
12580;15;5,981656733;28,16666667;9,930079324;10,67014885;1,444143325;2,175103903;0
12581;15;8,588471656;12,16666667;11,91000512;10,67068577;1,150368885;1,127583861;0
12582;15;12,26649625;13,83333333;10,6875615;10,67073631;1,204228158;1,03413415;0
12583;15;3,883614892;5;11,4317654;10,67153931;0,989952554;0,004503489;0
12584;15;12,24710148;14,33333333;12,73687323;10,67312908;1,206727245;1,235822678;0
12585;10;14,4147453;17,83333333;8,259228705;10,67343807;0,982232885;0,889187694;0
12586;10;11,16042544;13,66666667;10,71806745;10,67411995;1,209416053;0,834179759;0
12587;15;10,10540551;14,66666667;9,835600567;10,67422771;1,249046408;1,007115722;0
12588;15;13,17576757;33,5;12,16687392;10,674366;1,261011405;1,30196321;0
12589;10;7,917340646;6,666666667;13,58339825;10,67455673;1,013769716;0,213791251;0
12590;15;5,362366667;6,666666667;8,767848103;10,67493629;1,012591794;0,063345075;0
12591;15;30,50038974;53,16666667;9,92019948;10,67547512;1,553417076;4,349813461;0
12592;15;28,32968461;33,66666667;11,57182301;10,67566395;1,665104305;4,313123822;0
12593;10;7,888397331;10,33333333;9,694085371;10,67589569;1,026252825;0,117907405;0
12594;10;7,88427061;6,666666667;12,14848344;10,67701244;0,999482895;0,250932336;0
12595;15;24,59764286;28,33333333;10,97593232;10,67737675;1,478683741;3,024024367;0
12596;15;14,36562033;27,16666667;10,71444814;10,67838573;1,274696727;1,817008018;0
12597;10;19,29055526;38,83333333;9,809654276;10,67877674;1,184028554;2,136368155;0
12598;15;15,37590642;23,5;10,10723033;10,67885113;1,357995787;1,907981873;0
12599;10;8,047738802;8,333333333;10,14494699;10,67916965;1,062521158;0,263709784;0
12600;10;10,84247628;15;9,516856548;10,68000603;1,066255809;0,535871625;0
12601;15;26,09277001;50,66666667;10,11975154;10,68115425;2,142352873;6,090314746;0
12602;10;22,44321318;32,55555556;10,50986435;10,68391991;1,304775798;1,811311483;0
12603;15;11,33091178;22,83333333;8,817995534;10,68547249;1,095717881;1,257135987;0
12604;15;5,333582969;12,66666667;11,10110508;10,6856041;1,025383823;0,564475656;0
12605;10;14,6936854;19;12,24497134;10,6860075;1,279522332;1,572799325;0
12606;15;11,07973656;18,33333333;10,16413787;10,68604755;1,211613405;1,156088471;0
12607;10;4,853736296;22;12,78382338;10,6861887;1,289731734;2,211661577;0
12608;15;18,67752774;14,33333333;11,27619128;10,68733215;1,159509557;1,251215219;0
12609;10;6,063902794;11;11,88965303;10,6883173;1,153537797;0,588110447;0
12610;20;12,22080151;18,66666667;9,940220025;10,68911743;1,183790011;1,446740031;0
12611;10;9,947216771;13,16666667;9,309810314;10,6902504;1,056826525;0,594351649;0
12612;15;8,792856937;16,16666667;11,59709951;10,6902523;1,114641761;0,877250791;0
12613;10;11,52485381;14,83333333;10,95018059;10,69027901;1,032208213;0,686052561;0
12614;15;21,72598658;36,80327869;9,69837886;10,6939373;1,635757289;3,282155633;0
12615;15;11,34586426;17,33333333;11,42528702;10,69457912;1,158072698;1,120002627;0
12616;10;14,28179757;23,16666667;11,46097783;10,69501114;1,082147939;1,214819551;0
12617;15;16,61017374;31,5;9,967094549;10,695961;1,368614587;2,171622515;0
12618;15;13,18722388;21;10,27512145;10,69639397;1,157366274;1,652024269;0
12619;15;14,1974443;19,33333333;9,366741321;10,69697189;1,234711546;1,345753193;0
12620;15;14,51143121;20;9,295922852;10,69705582;1,214114191;1,308173776;0
12621;15;29,08315787;42,5;8,986035403;10,69776535;1,584261875;3,987784982;0
12622;15;18,47591603;23,5;10,00985796;10,69825077;1,400286881;1,937217355;0
12623;10;26,36975699;32,5;9,584613376;10,70032215;1,390455977;2,480220795;0
12624;15;11,00263442;11;11,48641422;10,70036507;1,116665081;0,853515506;0
12625;10;10,78974409;14,5;9,868396678;10,70186996;1,053486668;0,667668939;0
12626;15;30,38629893;46,83333333;10,05967462;10,70287323;1,612657889;4,359440923;0
12627;10;12,74697195;21,16666667;9,304078092;10,70316601;1,04678603;0,91291213;0
12628;15;7,760419734;14;10,27817453;10,70354462;1,17057215;1,151393652;0
12629;15;6,588065418;63,66666667;11,06201431;10,70394611;1,718691291;5,586877704;0
12630;10;6,625989961;9;8,104277565;10,70536041;0,944176801;0,206092596;0
12631;10;21,14996192;33,5;11,00283818;10,70700073;1,320928058;2,31141758;0
12632;10;8,543714813;10,33333333;10,82737878;10,70828629;1,090148756;0,501987934;0
12633;10;41,25059551;52,66666667;9,24348087;10,7087698;1,493349977;4,515283823;0
12634;15;10,09795483;13,83333333;10,9311463;10,70931435;1,122059688;0,935396194;0
12635;15;6,776431053;8,166666667;8,972367227;10,7096262;0,946000606;0,314710975;0
12636;15;23,22622314;28;11,02372535;10,70987415;1,482973361;2,75694406;0
12637;15;4,567229846;15,83333333;11,43346762;10,70991802;1,220895271;1,20117557;0
12638;10;33,33209279;54,83333333;11,80834088;10,70998383;1,939641316;6,045519829;0
12639;10;16,65035082;22,16666667;11,70971209;10,71029377;1,335111495;1,775410175;0
12640;15;17,83945854;25,66666667;10,64236332;10,7104044;1,466970623;2,369929194;0
12641;15;6,836700821;8,666666667;11,46041283;10,71063709;1,909819104;0,702304125;0
12642;15;8,565919978;10,83333333;8,434515159;10,71116638;1,095241142;0,568225265;0
12643;10;9,544047686;16,66666667;9,541706093;10,71338177;1,018311722;0,070808172;0
12644;15;7,893370525;9,666666667;11,93251797;10,71436119;1,070000031;0,874544263;0
12645;15;10,81163059;18,5;9,353869409;10,71438408;1,113656603;1,022232413;0
12646;15;13,51275392;40,16666667;10,82261136;10,71587944;1,903224316;5,000217557;0
12647;10;9,113164932;10;9,274987394;10,71718216;1,029530468;0,265285969;0
12648;10;15,24582766;23,33333333;8,474019197;10,71781921;1,06722534;1,152662158;0
12649;10;12,22723709;20,16666667;7,572169547;10,71856976;1,04026644;0,893586397;0
12650;15;5,870597107;5,333333333;10,29296945;10,72070885;1,008072097;0,172689557;0
12651;15;26,09118983;33,66666667;10,31954629;10,72176933;1,652072206;3,64225018;0
12652;15;15,23347769;25;9,411510273;10,72214603;1,380331034;1,87136209;0
12653;10;10,7115267;14;11,95909504;10,72264671;1,131643146;0,77201426;0
12654;15;24,20201365;39,16666667;9,968929307;10,72267532;1,19368886;2,857779503;0
12655;10;10,08058087;16,5;8,567060916;10,72282314;0,994293369;0,656570673;0
12656;15;16,44367827;23,83333333;9,664905085;10,72405148;1,264001204;1,804409504;0
12657;15;9,055021531;15,16666667;11,0264514;10,72419834;1,116727808;0,835546017;0
12658;15;21,67725498;62,70491803;10,24926586;10,72581863;1,55224583;4,651738405;0
12659;15;16,56741711;21,66666667;10,33751677;10,72711468;1,327127048;1,793814898;0
12660;15;11,62906687;15,66666667;9,984863087;10,72783375;1,209683956;1,038216114;0
12661;15;13,89413015;34,5;11,59174613;10,72811794;1,282307406;2,249871612;0
12662;15;11,61734599;16,83333333;10,63667961;10,72866821;1,179008186;1,1277318;0
12663;15;22,19940675;30,66666667;10,04380688;10,72915745;1,416315395;2,64594233;0
12664;15;16,02750721;47;9,763944202;10,72917175;1,620875302;4,032841444;0
12665;15;13,99245588;26;10,48602217;10,72965145;1,330561179;2,420489192;0
12666;10;14,54099669;20,33333333;9,14601752;10,73223114;1,23361291;1,174949527;0
12667;10;10,90935664;13,83333333;10,37196863;10,73345184;1,111246283;0,610101581;0
12668;10;4,846368125;5,333333333;11,16552222;10,73428726;1,000065612;0,01950407;0
12669;10;18,62815402;38,16666667;8,631315918;10,73465538;1,121064858;1,760595202;0
12670;10;11,67084436;13,66666667;10,47862472;10,73479366;1,101832158;0,6456815;0
12671;10;6,742723115;6,333333333;11,14021584;10,73648167;1,009972279;0,143623948;0
12672;10;11,88074981;18,33333333;11,57987449;10,73936939;1,07925311;0,930589557;0
12673;10;29,74599211;26,16666667;10,63717557;10,74213028;1,368040709;2,371357083;0
12674;15;21,95693419;21,88888889;10,1286108;10,74348068;1,374685953;1,450590134;0
12675;15;21,27498396;28,33333333;10,34868698;10,74367905;1,54717832;3,001127958;0
12676;10;10,76245683;10,16666667;9,734323243;10,74386406;1,118520999;0,547493935;0
12677;15;7,992555486;11,83333333;7,518503626;10,74538517;1,017409122;0,520278215;0
12678;15;17,78192197;18,77777778;10,40808348;10,74606514;1,264457668;1,603628993;0
12679;15;31,06845767;61,83333333;11,27512553;10,74795151;1,714433858;5,787047505;0
12680;10;15,36645214;20,11111111;11,97851359;10,74808788;1,145822835;1,233414054;0
12681;15;26,95831712;46,16666667;11,81464982;10,74912453;1,64263354;4,838482738;0
12682;10;4,91078547;5,333333333;9,325634452;10,74950027;0,979148323;0,031275153;0
12683;15;13,31561267;15,33333333;11,91289268;10,74999523;1,220814327;1,588665724;0
12684;15;21,75966364;41,16666667;10,71194336;10,75089836;1,523396672;3,423604012;0
12685;15;3,213050771;5,5;9,263984065;10,7524929;0,9496498;0,033703446;0
12686;15;8,172090048;13,33333333;10,28021714;10,75260735;1,047069605;0,300224423;0
12687;15;9,059996022;10,83333333;9,680155815;10,75503445;1,056121043;0,511089921;0
12688;10;14,46819722;14,16666667;9,541310909;10,75509548;1,074031016;0,774641514;0
12689;15;5,380533333;6;9,684893368;10,75511742;1,01524725;0,152762651;0
12690;15;15,95413301;20,83333333;11,16029731;10,75526905;1,302779369;1,760734797;0
12691;10;5,847213892;12,66666667;8,251705195;10,75532913;1,037716853;0,60656786;0
12692;15;23,98970627;40;10,97408172;10,75619984;1,757429425;4,247449756;0
12693;10;8,063872596;11,16666667;9,207784078;10,75669384;1,011513376;0,224525213;0
12694;10;8,991497815;9,5;11,71328874;10,75728703;1,071978094;0,400609374;0
12695;15;19,96024843;32,16666667;11,68455966;10,75776768;1,696774542;3,502134562;0
12696;10;17,10242491;22,16666667;11,89130288;10,75943565;1,193610598;1,503542662;0
12697;15;10,92507747;12,5;10,38690272;10,75974178;1,176132675;0,868981123;0
12698;15;8,481753755;12,5;9,608366616;10,76230717;1,08676294;0,665137529;0
12699;10;15,66223496;15,66666667;11,38542279;10,76231289;1,106140853;1,104883671;0
12700;15;5,791054955;8;10,94492806;10,76436615;1,143382233;0,450263858;0
12701;15;11,1331036;17;10,88861734;10,76452255;1,1420314;1,018455625;0
12702;10;7,823063371;7,666666667;11,18533056;10,76494598;1,071265529;0,397496462;0
12703;15;4,67535258;6;11,28008705;10,76563644;1,016910634;0,097625494;0
12704;10;10,33248164;12,83333333;8,708987668;10,76566792;1,034873916;0,181125522;0
12705;15;18,64776321;25,66666667;10,58029455;10,76597595;1,469911559;2,427293062;0
12706;10;12,90629525;17,83333333;11,14984918;10,76609802;1,060979095;0,714680791;0
12707;10;9,108713491;8,666666667;11,1281562;10,76654053;1,115568593;0,356796145;0
12708;15;8,70706083;14,83333333;11,84613273;10,76674557;1,115040523;0,989409924;0
12709;15;22,75556624;38,16666667;10,03441174;10,76711082;1,664938391;3,709914804;0
12710;10;7,088162334;7,666666667;10,56787081;10,76774693;1,030847353;0,202209234;0
12711;15;7,650080433;7,166666667;11,16350276;10,76806068;1,04176469;0,292173505;0
12712;15;25,74804656;58,93442623;10,67470492;10,76985264;1,488356087;4,542078376;0
12713;10;27,90184896;43,83333333;10,21963193;10,77028656;1,715500222;3,94834137;0
12714;15;4,347176461;6;13,92343709;10,77034283;1,003628666;0,055397511;0
12715;15;21,62171168;28,83333333;11,05459218;10,77210903;1,521103006;2,853682995;0
12716;15;19,61375942;32;10,62441655;10,77253819;1,497327582;2,71509409;0
12717;10;10,07422152;14;10,48271449;10,77377224;1,070642079;0,624034643;0
12718;15;36,42250278;57,83333333;10,84464523;10,77607441;2,574432281;8,694264293;0
12719;15;12,34104146;15;9,648421835;10,77614307;1,231917643;1,139097571;0
12720;15;3,522748485;5,833333333;12,3091109;10,77666187;1,041936133;0,232847929;0
12721;15;12,28467047;26,16666667;11,03890361;10,77756691;1,318641502;2,247660041;0
12722;15;18,35851036;28,33333333;10,17180062;10,77777576;1,405263368;2,439224005;0
12723;15;11,10281918;22,5;11,05833603;10,78011227;1,195532004;2,042804003;0
12724;10;14,15693256;14,66666667;9,294984636;10,78130531;1,119760713;0,846097589;0
12725;10;10,59718007;14,83333333;13,96702608;10,78184223;1,215310079;1,162938118;0
12726;15;5,826928451;8,833333333;11,28229605;10,78186131;1,028619303;0,28562665;0
12727;15;16,11344419;32,16666667;10,91941966;10,78205395;1,594966131;2,362742782;0
12728;10;13,70849483;18,83333333;8,837369058;10,78257942;1,159639772;0,995079756;0
12729;15;21,11704965;46,83333333;9,721552534;10,78404999;1,638203225;3,916654468;0
12730;15;15,82569704;31,66666667;10,50399513;10,78419304;1,350576031;2,293347955;0
12731;10;17,78132745;20,66666667;9,641708131;10,78475094;1,267210355;1,420556545;0
12732;10;10,12730325;12,33333333;10,58415519;10,78479862;1,132295748;0,600391269;0
12733;10;9,106177158;12,83333333;8,376279652;10,78482342;0,944659818;0,479632735;0
12734;15;10,83974738;23,5;11,3711644;10,78520489;1,123046775;0,675663114;0
12735;15;16,80695492;25;8,975268646;10,78618526;1,393665283;1,946981311;0
12736;15;13,04734617;17,83333333;11,76505096;10,78731155;1,328263536;1,624029875;0
12737;15;14,11510692;42,5;10,22193402;10,78747272;1,753245204;3,988577127;0
12738;15;10,61558133;15,33333333;10,23329816;10,78780651;1,198711036;1,092151523;0
12739;10;10,36456334;8,833333333;12,01890951;10,78789997;1,042812492;0,553502083;0
12740;10;15,31471854;18,16666667;9,97909821;10,78920841;1,219071523;1,171296716;0
12741;15;14,91647252;14,33333333;12,21602998;10,7901926;1,165814338;1,254443884;0
12742;10;10,99565037;15,33333333;10,65024322;10,79060841;1,064486272;0,76042676;0
12743;15;16,31333742;21,66666667;11,74904771;10,79145718;1,263050727;2,124221802;0
12744;15;22,85123557;35,66666667;10,04282708;10,7923069;1,551581646;3,250572443;0
12745;10;14,82841554;13,16666667;11,02058875;10,79237366;1,102698546;0,678861618;0
12746;15;11,38625947;25,5;9,66305145;10,79269791;1,399223008;2,227020144;0
12747;10;15,21368986;22;9,262491679;10,79335117;1,21279817;1,214169145;0
12748;15;15,71668649;17;10,85007978;10,7936039;1,258365048;1,549880266;0
12749;10;18,02474986;28,5;9,461261757;10,79418564;1,167860876;1,140464902;0
12750;15;18,80989492;29,83333333;10,42931156;10,79429817;1,364803053;2,33593142;0
12751;15;22,60490706;31,66666667;10,79292891;10,79438782;1,756939021;3,425899267;0
12752;15;17,8228109;41,83333333;12,3729468;10,79468632;2,01400914;6,228001475;0
12753;15;22,25271834;40,16666667;10,84396439;10,79514217;1,531575828;3,468573451;0
12754;15;10,21255697;15,5;10,8030464;10,79951763;1,058656094;0,896829247;0
12755;15;23,84846706;38,16666667;10,11150593;10,79957771;1,610888879;3,950556517;0
12756;15;7,456165364;17,33333333;13,96120255;10,80020618;1,159436194;1,063717484;0
12757;10;25,4993186;55,5;10,88355409;10,80030823;1,741345325;4,937391758;0
12758;10;24,10474096;27,5;10,92936053;10,80035591;1,449059765;2,349856019;0
12759;15;25,81972821;43,16666667;11,66425631;10,80067062;1,874171208;5,183655262;0
12760;15;26,59841731;44;10,79603507;10,80106544;1,851115508;4,859429479;0
12761;10;5,618960579;5,666666667;10,36334538;10,80209351;1,001501897;0,08329165;0
12762;10;8,27259704;7,666666667;10,49012867;10,80213165;1,099620242;0,41686666;0
12763;10;14,19199632;16,16666667;9,957525832;10,80388737;1,193276397;1,017616868;0
12764;15;8,52256423;16;8,908214543;10,80441856;1,056713012;0,799273252;0
12765;15;6,631854172;8,166666667;11,50736432;10,80505085;1,082764722;0,54860127;0
12766;15;5,190623245;6;11,38881427;10,80535984;1,021660352;0,191381931;0
12767;15;5,917000778;8,666666667;10,75695901;10,80642319;1,064662524;0,32004559;0
12768;15;17,86036439;26,5;9,178044935;10,8082962;1,227450909;1,826400042;0
12769;15;10,73769061;20,16666667;8,888496327;10,80943108;1,117951098;1,02761662;0
12770;10;5,665827478;24,5;13,91835511;10,81123352;1,387907501;2,974779844;0
12771;15;20,92572842;50,5;10,1425162;10,81142712;1,586565844;3,759597063;0
12772;15;3,917443376;7,5;11,35056559;10,81469631;1,02234452;0,054572582;0
12773;15;11,67759983;16,83333333;11,03713946;10,81486702;1,261038112;1,224176645;0
12774;15;14,99004465;25,16666667;10,14230374;10,81500435;1,345704812;1,901998162;0
12775;15;16,23243918;20,33333333;11,04704861;10,81601524;1,191805855;1,498865128;0
12776;15;4,284220303;16,66666667;9,963054472;10,8162632;0,862301611;0,569545627;0
12777;10;28,72422307;45,33333333;9,61126184;10,81783104;1,589358076;3,486448407;0
12778;15;7,916544905;8,166666667;11,22918023;10,81804466;1,064162735;0,437441349;0
12779;10;11,01586294;16;10,95182549;10,81805134;1,109910026;1,11200428;0
12780;15;26,47956766;48,5;11,22442173;10,81826305;1,961249906;5,318569303;0
12781;10;5,468767014;5,166666667;12,47210289;10,81852531;0,967818832;0,029321909;0
12782;10;40,78227134;54,66666667;11,13541013;10,81964684;1,750108707;5,435228467;0
12783;15;16,46004832;31,66666667;9,737961178;10,819664;1,575619961;2,617002964;0
12784;15;21,34672032;33,16666667;10,64132827;10,8198576;1,419854678;2,781030655;0
12785;15;12,41576163;18,5;10,61557968;10,82015991;1,212531036;1,288164854;0
12786;10;10,84552211;17,16666667;10,65297143;10,82243633;0,900377257;0,676167488;0
12787;10;10,76418518;15,33333333;10,69658946;10,82301807;1,096640853;0,578820467;0
12788;15;16,26190787;21,83333333;11,18494269;10,82306194;1,325113451;2,285699129;0
12789;15;8,312269384;9,666666667;11,01982268;10,82366562;1,096900347;0,581575036;0
12790;15;10,28520016;25,16666667;12,52835742;10,82423592;1,251563891;1,643465161;0
12791;15;19,1327919;28;11,85416962;10,8245945;1,541668721;3,025639296;0
12792;15;18,55406681;35,83333333;9,023105232;10,82501316;1,567333314;2,958675504;0
12793;15;30,65617303;46,5;10,21994828;10,82517624;1,864875117;5,037115216;0
12794;10;7,108344197;15,66666667;12,07359487;10,82756233;1,095489857;0,920825958;0
12795;15;19,22802985;29,66666667;11,00242195;10,8291893;1,487530821;2,730504632;0
12796;15;4,127295844;5,5;9,617180033;10,82938194;1,032433109;0,120942593;0
12797;15;14,06878753;21,33333333;9,690675115;10,83030701;1,283048509;1,515235782;0
12798;15;12,7696395;20,66666667;8,869218818;10,83036232;1,195318446;1,326162338;0
12799;15;19,22923236;33,66666667;9,980574729;10,83051777;1,362020583;2,588047981;0
12800;15;15,7001745;27,16666667;11,59552697;10,83157158;1,291207324;2,141928792;0
12801;15;29,9827424;41,33333333;10,50255573;10,83296013;1,713053251;4,33841145;0
12802;10;15,90799252;25,33333333;10,63953639;10,83299446;1,116953512;1,388560653;0
12803;15;12,72865162;16,83333333;11,68920917;10,83379841;1,246122432;1,410001636;0
12804;15;25,84831944;41,83333333;12,09707327;10,83638573;1,946028715;4,962981343;0
12805;15;5,285567694;6,333333333;11,28156889;10,83656788;1,031385185;0,178637981;0
12806;15;19,09574409;31;9,468753778;10,83947849;1,520447813;3,055463552;0
12807;15;8,613992192;9;11,47181361;10,84098434;1,089876974;0,660251856;0
12808;15;13,93939609;18,16666667;10,13873711;10,84114361;1,050701879;1,299214602;0
12809;15;11,9752551;12,66666667;10,40597274;10,841259;1,26549275;1,023851514;0
12810;15;21,90881642;25;9,750056318;10,84141922;1,400497991;2,257816434;0
12811;15;20,38177516;30,16666667;10,15680396;10,84228611;1,600559709;3,127619147;0
12812;15;17,72932265;30;10,50387493;10,84269142;1,585872716;2,684516907;0
12813;15;25,26434283;46,5;9,915236378;10,84404469;1,60493463;4,178501606;0
12814;10;10,11226315;12,16666667;9,692753334;10,84447575;1,015065696;0,510847926;0
12815;15;10,85192993;27,83333333;11,50945533;10,84473515;1,366533153;2,246790528;0
12816;15;15,62026306;22,83333333;11,00272763;10,84474659;1,332070121;1,826775551;0
12817;15;26,84828341;36;9,365864416;10,8497715;1,609407461;3,446825266;0
12818;15;21,9820226;29,42622951;9,132865394;10,84988594;1,413525353;2,343495965;0
12819;10;15,80460328;19;11,11086434;10,85024452;1,218418787;1,196972847;0
12820;10;5,081864375;5,833333333;12,00214393;10,85105133;1,004014297;0,094470263;0
12821;10;10,02094846;17,66666667;10,52742937;10,85135746;1,103683733;0,826106429;0
12822;15;20,24112573;30,33333333;10,66506767;10,85198975;1,457059008;2,544100046;0
12823;15;22,81041693;28,83333333;10,83576801;10,85202312;1,563186737;2,921879053;0
12824;10;10,79456143;10,66666667;9,81837575;10,8526659;1,134734703;0,517226338;0
12825;15;18,95153252;28,33333333;8,895139574;10,85307884;1,498200615;2,31443119;0
12826;15;17,27617446;36,16666667;11,81247063;10,85313129;1,51750565;2,920730948;0
12827;15;7,299532593;14,5;11,38422949;10,85316753;1,08987165;1,002707958;0
12828;15;13,81512531;17,1875;10,51456553;10,85376072;1,294969771;1,404276252;0
12829;15;12,1513459;22,16666667;9,769083817;10,85516167;1,213670256;1,353735209;0
12830;10;10,18461845;12,33333333;10,01004996;10,85553074;1,066767155;0,502800584;0
12831;15;15,10315096;18,16666667;11,30132649;10,8562603;1,320764156;1,472641826;0
12832;15;24,5384138;61,5;8,299574992;10,85701847;1,489716093;4,473855734;0
12833;15;10,54570377;12,33333333;11,11424456;10,85735798;1,143517392;0,857913733;0
12834;15;15,23871792;18;10,86240121;10,85797501;1,316716818;1,645359755;0
12835;15;5,127435838;6;12,04672894;10,85820198;1,031472393;0,212748647;0
12836;15;11,37771234;14,5;9,447626422;10,85828114;1,118040673;0,79481566;0
12837;15;28,75168442;30,66666667;10,12426909;10,85884285;1,448637553;3,194612741;0
12838;10;3,974615802;5,833333333;9,532183194;10,85951328;0,941235986;0,074667335;0
12839;15;4,335054949;14,16666667;12,99466041;10,85965157;1,055555792;0,321307421;0
12840;15;19,63642087;39,33333333;9,407198795;10,8598671;1,506748112;3,034008622;0
12841;15;6,179762305;7,333333333;13,18061457;10,85997105;1,069657722;0,398592114;0
12842;15;22,64066313;29,83333333;10,42978796;10,86114979;1,570950709;3,132124305;0
12843;10;11,18605737;7;11,44979292;10,86127853;1,052538943;0,351521015;0
12844;10;8,488726123;14,66666667;11,32143065;10,86161423;1,052251308;0,327738523;0
12845;15;27,65600486;33,5;11,80917541;10,8627882;1,888782533;5,064465046;0
12846;10;7,549298687;10;10,63342537;10,86317158;1,054438705;0,460725427;0
12847;10;43,53441513;95;7,007274953;10,86369896;1,004795693;4,580766201;0
12848;10;35,19092312;63,66666667;10,75272004;10,86589146;1,782244399;5,818512917;0
12849;10;15,94210972;8,833333333;11,84239219;10,86610317;1,098417021;0,596730947;0
12850;10;5,644607869;5,666666667;11,69435114;10,86630344;0,973200538;0,090881467;0
12851;15;19,76581064;36,16666667;11,36295597;10,86687374;1,403918689;3,393532515;0
12852;10;16,77153605;26;11,32892033;10,86714172;1,240690089;1,721745849;0
12853;15;19,88765539;31,83333333;9,562795181;10,86721325;1,407416356;2,565681219;0
12854;10;17,56423749;21,16666667;11,29836424;10,86732769;1,318792875;1,629269838;0
12855;15;18,54191644;29,16666667;11,32065458;10,8682127;1,450331539;2,528040528;0
12856;10;5,522758566;5,333333333;11,08607653;10,86872005;1,00111321;0,076902151;0
12857;10;8,089120118;11,5;9,379743378;10,86884022;1,017840963;0,267807841;0
12858;10;12,22119958;14,33333333;11,12114372;10,86888885;1,172094629;0,726036549;0
12859;10;4,659787928;14,5;10,71025455;10,86897755;1,163859024;0,924890995;0
12860;15;15,17048165;26,16666667;7,771354082;10,87028599;1,26722317;0,838550448;0
12861;15;8,25328135;46,5;10,61351542;10,8705101;1,535672806;4,124251127;0
12862;15;17,77386811;23,16666667;10,32086503;10,87141895;1,30710757;1,917137146;0
12863;10;5,337955556;5,5;11,7976327;10,87172318;0,988235;0,051274061;0
12864;10;5,659084249;5,666666667;11,38680899;10,87217331;0,762928535;0,11084199;0
12865;15;9,604521465;13,33333333;10,04702199;10,87230015;1,123740387;0,848270893;0
12866;15;27,20627281;33,16666667;9,910610037;10,87241554;1,761215128;3,786814213;0
12867;15;8,620268019;18,33333333;13,17913426;10,87361431;1,273795883;1,67295301;0
12868;10;8,615284805;10;10,50048941;10,87555218;1,07660504;0,435160398;0
12869;15;5,34391767;5,666666667;13,18564772;10,87578869;1,050774706;0,209789753;0
12870;15;19,66239651;23;9,910752502;10,87595177;1,312999894;1,897215605;0
12871;15;11,33925784;8,666666667;10,62091944;10,8760004;1,302023488;0,697852015;0
12872;15;11,52755964;16,83333333;11,61626627;10,87841892;1,251045406;1,282258391;0
12873;15;8,2556337;29,33333333;9,559134478;10,87877846;1,438658303;2,414700985;0
12874;15;31,24182749;40;11,30994188;10,88063335;1,785842872;4,786593437;0
12875;15;11,75831621;17,83333333;11,17354253;10,88076687;1,185990289;1,436796546;0
12876;10;13,10210805;20,16666667;12,22350066;10,88152313;1,228223459;1,475759864;0
12877;10;5,6593625;5,5;10,85016618;10,88182735;0,993417664;0,045028925;0
12878;15;22,47298074;44,33333333;9,34215198;10,88202286;1,556444661;3,558011651;0
12879;10;9,304211657;24,33333333;9,407723644;10,88234901;1,206208747;1,554013371;0
12880;15;5,021685337;19,33333333;11,88192103;10,88613319;1,118821257;0,66081357;0
12881;15;4,925163374;5,666666667;14,5656759;10,88674068;1,050876779;0,346876144;0
12882;10;11,91222273;22,5;11,56588023;10,88689613;1,086519426;0,446601629;0
12883;15;21,19377015;30,33333333;9,972781799;10,88740063;1,442294162;2,812256455;0
12884;15;13,78407858;21,83333333;10,17739791;10,88781166;1,027990525;1,216683149;0
12885;15;10,46567585;21,66666667;9,117060668;10,88830376;1,065500426;1,134162784;0
12886;15;16,63835935;25,33333333;10,41947471;10,89012909;1,275000582;2,133087754;0
12887;10;9,677678793;11;10,36401056;10,89138317;1,104312837;0,52273941;0
12888;15;12,42387289;19;9,227524845;10,89199543;1,225445252;1,282475829;0
12889;10;18,49956054;34,5;10,28399291;10,89223671;1,13186531;1,79018724;0
12890;15;8,747994407;11,66666667;10,23055762;10,89365292;1,114528563;0,761674523;0
12891;10;7,615085205;18;9,618092654;10,89427185;1,10402839;0,950281024;0
12892;15;14,6134841;21,83333333;9,617202952;10,8948164;1,215132157;1,453356385;0
12893;10;14,65347952;38,83333333;10,25235366;10,89534664;1,364846478;2,620043516;0
12894;10;18,2655704;26;9,587326152;10,8954916;1,251165132;1,530390024;0
12895;15;10,32155505;11,5;11,58898868;10,89554405;1,122316137;0,73745203;0
12896;15;22,74761899;34,83333333;9,454561763;10,89600468;1,565687778;3,161737323;0
12897;15;6,823535066;27,16666667;10,99592238;10,89638424;1,471103951;2,672405601;0
12898;15;21,56171942;22,83333333;10,15237356;10,89817429;1,342029053;1,549268484;0
12899;15;23,86883657;40,66666667;10,69278252;10,89897442;1,70361487;4,158288836;0
12900;15;4,665832278;6,333333333;12,1163495;10,90122128;1,008023498;0,164201379;0
12901;10;14,22995953;27,16666667;10,07752195;10,90197277;1,129660429;1,414121747;0
12902;15;15,95638306;25,33333333;10,93034791;10,9029665;1,321334118;2,034469843;0
12903;15;14,40369038;30,33333333;11,99389636;10,90557384;1,285382801;2,125197649;0
12904;15;11,23499612;20,83333333;12,14250262;10,90581512;1,256834959;1,356437922;0
12905;10;28,95779993;36,33333333;10,75121574;10,90726566;1,509300151;3,450081706;0
12906;10;12,6261721;10,33333333;10,81323854;10,90760708;1,011964705;0,689117551;0
12907;15;5,582532491;6;10,45963953;10,90792847;1,03156497;0,189912677;0
12908;15;25,51531144;50,5;11,32310479;10,90846729;2,176526197;6,532852888;0
12909;10;7,220175678;9,666666667;11,10784038;10,90882969;1,0099254;0,102813601;0
12910;10;14,01398621;18,83333333;9,72624661;10,91091251;1,230004766;0,990200162;0
12911;10;7,517047805;7,166666667;9,48561815;10,91113186;1,039779914;0,193121791;0
12912;10;6,343899935;9,166666667;12,10745922;10,91299915;0,921143969;0,204351306;0
12913;10;16,00137477;33,16666667;10,1388941;10,91300011;1,140715317;2,428187728;0
12914;15;4,823132685;19,33333333;11,64010386;10,91312027;1,170372864;1,185155988;0
12915;10;10,15085615;10;9,056903533;10,91398048;1,074034416;0,426735878;0
12916;10;22,54547458;29,83333333;11,03162894;10,91424751;1,218965067;2,259304166;0
12917;15;12,91464056;17,33333333;8,849404568;10,91493797;1,223947671;1,206332684;0
12918;15;23,35452907;41,16666667;9,885634982;10,91536617;1,49679456;3,986207604;0
12919;15;14,21315305;15,33333333;10,4926003;10,91797829;1,228732024;1,322437286;0
12920;15;12,2804856;15;9,995357075;10,91918659;1,18473829;1,060923576;0
12921;10;15,39919044;28,5;7,878416171;10,91968441;1,092695424;0,865538359;0
12922;10;13,2923141;15;10,05338422;10,91988087;1,128255545;0,635656834;0
12923;15;4,94490184;5,5;11,74992905;10,92073822;0,990281767;0,083043933;0
12924;10;7,765592026;18,16666667;9,332304079;10,92312717;1,167611269;1,081890702;0
12925;10;11,03015885;13,66666667;9,894246801;10,92457867;1,043741432;0,591952562;0
12926;15;14,63679191;15,83333333;9,724682449;10,92554569;1,305950423;1,334675908;0
12927;10;6,751129192;8,166666667;8,846980412;10,92597294;1,008065321;0,0657686;0
12928;10;6,800561846;17,66666667;8,851971755;10,9260416;1,020922014;0,353312254;0
12929;15;9,330596721;44,33333333;11,38562384;10,92644787;1,86200173;5,283891082;0
12930;10;12,59950413;12,77777778;9,68626145;10,92916965;1,100009196;0,551180482;0
12931;15;27,77886646;50,66666667;10,66292471;10,92950726;1,830821705;5,065399408;0
12932;10;10,85025048;13,83333333;12,02388922;10,93088245;1,05693259;0,726113439;0
12933;15;9,49266773;22,5;10,15313359;10,93139839;1,31641596;1,74107039;0
12934;10;8,822460346;10,66666667;11,69884897;10,93165112;1,067932786;0,454690099;0
12935;15;4,332824376;11;10,08113628;10,93304062;1,311871384;0,724350095;0
12936;15;24,79644637;41;11,00274602;10,93600845;1,742770814;3,746165395;0
12937;15;17,19875746;27,83333333;10,14216683;10,93623352;1,378583007;2,494614124;0
12938;15;11,98478906;19,66666667;9,555947818;10,93624306;1,1298389;1,155245304;0
12939;15;9,73396699;10,5;7,577382065;10,93699551;1,079010638;0,602102637;0
12940;15;7,061229405;11,16666667;11,5657693;10,93760586;1,076832323;0,559334278;0
12941;15;23,40720586;51,66666667;10,69577162;10,9378376;1,766558495;4,837999463;0
12942;10;6,14705402;6,5;10,83196928;10,93785191;1,029278522;0,135680556;0
12943;10;4,379526479;15;9,745365445;10,93894196;1,155074682;1,06289649;0
12944;15;24,85891471;31,66666667;10,69994353;10,939291;1,612481577;3,221828341;0
12945;15;21,45670436;18;9,50600865;10,93935299;1,383285186;1,913271308;0
12946;15;22,24617108;35,33333333;10,82294577;10,9398241;1,640741259;3,256229281;0
12947;15;7,95875873;7,166666667;10,0817418;10,93994427;1,065316458;0,364324093;0
12948;15;26,19020125;43,16666667;9,440965568;10,94001675;1,661409278;4,056873918;0
12949;15;21,07084542;21,66666667;10,41944754;10,94022369;1,350290176;2,255164742;0
12950;10;8,878804437;7;11,25266032;10,94246483;1,115882832;0,303624868;0
12951;15;9,300526457;15,16666667;10,53715528;10,94327259;1,12847424;0,907099962;0
12952;#N/A;6,710633531;7,666666667;10,65945064;10,94512367;1,036270869;0,157489538;0
12953;15;21,91793692;41,5;9,935011113;10,94724751;1,608939227;3,830405593;0
12954;15;6,682143442;7;11,3316888;10,9473877;1,01959017;0,351358533;0
12955;15;8,284175542;13,16666667;11,16299925;10,94915295;1,076059295;0,699808717;0
12956;15;25,10115242;41,83333333;9,713838848;10,94953823;1,68670997;3,971159935;0
12957;10;17,98853792;32,5;10,26106312;10,94999313;1,320568837;2,169511795;0
12958;15;10,21859424;10,83333333;10,68020745;10,95034599;1,138039744;0,729929686;0
12959;15;6,108155898;9,333333333;7,470729877;10,95075035;1,001394815;0,347709417;0
12960;15;12,55901891;24;10,59299828;10,95086288;1,242692913;1,762948036;0
12961;15;24,85219255;40,16666667;10,60220008;10,95111942;1,694139975;4,03210628;0
12962;15;8,711682389;10,33333333;10,06780106;10,95112228;1,119113545;0,850556493;0
12963;15;18,85402789;32,83333333;10,48825169;10,95133209;1,443536746;2,368219733;0
12964;10;6,176292749;6,777777778;10,06396228;10,95157528;1,000914205;0,131242037;0
12965;15;24,32314389;24,83333333;11,91062237;10,95178032;1,396426168;2,803660035;0
12966;10;5,933418056;6,166666667;10,81531032;10,95242691;1,020676382;0,096935272;0
12967;10;40,35351932;87,16666667;8,055247436;10,95254898;1,31276964;5,657029271;0
12968;10;6,619704068;7,166666667;11,43086123;10,95300102;1,005089922;0,073482156;0
12969;15;18,75333237;30,16666667;10,59297303;10,95550442;1,37902297;2,48154366;0
12970;10;12,41680054;23,33333333;9,944502172;10,95596027;1,147736621;1,198936343;0
12971;15;8,97775974;12,66666667;9,580614828;10,95690918;1,176490151;0,683861136;0
12972;15;9,947507506;16,66666667;10,93282628;10,95710659;1,370481472;1,278838634;0
12973;15;23,44060809;30,16666667;10,41921138;10,9574976;1,526354497;3,236935139;0
12974;20;23,87160372;49,5;10,81801838;10,95919609;2,502203245;7,204147339;0
12975;15;25,46543899;52,83333333;10,63699416;10,95948792;1,830566429;5,235249281;0
12976;15;5,568916827;6,666666667;10,18248317;10,96342754;1,133555258;0,225637078;0
12977;15;7,308893577;9,5;12,04611259;10,96343136;1,099552296;0,362760782;0
12978;15;6,427373689;6,5;9,124487069;10,96573257;1,04866118;0,225874066;0
12979;10;9,026356405;10,66666667;12,08761507;10,96615124;1,023875896;0,492149472;0
12980;10;10,66370268;15,5;10,23341511;10,96634483;1,060929226;0,465747714;0
12981;10;12,93313767;12,66666667;10,41159325;10,96652412;1,086879429;0,747656703;0
12982;10;6,561696769;6,5;12,38019691;10,96688461;1,143471553;0,191867352;0
12983;15;17,46830187;24,83333333;11,33196331;10,9676857;1,360442349;2,087572813;0
12984;15;14,12290094;22,16666667;9,96918836;10,96866989;1,230096079;1,647955894;0
12985;10;19,50605603;28,33333333;10,06527212;10,96918869;1,269856512;1,826015234;0
12986;15;17,93549597;33,83333333;9,935745039;10,97011185;1,274527963;1,765488505;0
12987;15;22,46059747;30,5;11,84650763;10,97030258;1,712275217;4,052721739;0
12988;15;7,571873588;9,5;9,342772637;10,97204685;1,050774397;0,418314934;0
12989;10;34,27685044;62;9,553547659;10,97457027;1,348702641;3,942162514;0
12990;10;15,11870879;20,16666667;10,04861117;10,974967;1,165423105;1,044442058;0
12991;15;14,70819078;27,5;10,42096211;10,97507763;1,28251758;2,024922609;0
12992;15;13,71737936;27,66666667;10,37824712;10,97519779;1,24214017;1,834327936;0
12993;10;5,200983584;8,833333333;9,422655678;10,9757967;1,016078629;0,342892885;0
12994;10;6,758980595;7;8,152580864;10,97586823;1,006320708;0,139779091;0
12995;10;6,945464076;6,666666667;11,01680196;10,97699738;1,016929955;0,223227262;0
12996;10;34,1612508;34,5;8,878323913;10,97767544;1,595733703;3,229940891;0
12997;10;19,90254006;32,83333333;12,66468695;10,98002148;1,611144824;3,318787813;0
12998;10;15,88070641;21,66666667;10,50859727;10,98060894;1,230265105;1,414895773;0
12999;15;15,01350333;16,16666667;9,813592469;10,98100376;1,20547661;1,262616515;0
13000;15;11,18771426;18,16666667;7,639336403;10,98225975;1,196760393;1,075214624;0
13001;15;19,18987606;31;10,41285984;10,98313141;1,415515662;2,248211503;0
13002;15;6,890909202;8,333333333;12,10975594;10,98330498;1,129115745;0,495243311;0
13003;10;11,98937856;15,16666667;9,834483985;10,9841795;1,103025266;0,764586449;0
13004;10;12,45454345;20,33333333;7,381305201;10,98614693;1,003259166;0,838946581;0
13005;10;23,0849961;35,16666667;9,266202423;10,98760891;1,229671934;2,150722265;0
13006;15;11,02780715;20,66666667;10,30796603;10,98791027;1,179713858;1,273723245;0
13007;15;27,22407609;43,16666667;10,54222142;10,98917675;1,625576508;4,130626082;0
13008;15;10,60818694;17,66666667;8,199145215;10,98979759;1,14681876;0,959386468;0
13009;15;17,85492431;30;11,71919024;10,9899807;1,454342949;2,867989659;0
13010;15;11,88037011;16,66666667;11,11439914;10,99375916;1,219850857;1,262931228;0
13011;10;20,03845259;15,16666667;10,39697191;10,99528694;1,187478997;1,081279635;0
13012;15;9,581029901;12,66666667;9,740229425;10,99542522;1,037866552;0,742912054;0
13013;15;5,935319151;8,666666667;11,15304548;10,99572563;1,011743731;0,115298629;0
13014;10;21,52351322;28,33333333;9,598359456;10,99573898;1,305077789;1,971416116;0
13015;15;13,85788672;20,83333333;9,816380117;10,99652004;1,214412336;1,437765479;0
13016;15;8,982953351;8,833333333;10,31611178;10,99706459;1,107144074;0,553802609;0
13017;10;7,353052617;7,333333333;11,74049478;10,99734688;1,014496435;0,246062875;0
13018;15;10,82321722;36,33333333;14,40170878;10,99891567;1,272069157;3,250758886;0
13019;15;11,06353836;14,66666667;11,26742291;10,99953747;1,168134167;1,133519292;0
13020;15;23,82776468;35,83333333;10,60381463;11,00073338;1,628656807;3,676600099;0
13021;15;7,625470361;10,16666667;11,91538645;11,00078011;1,037781243;0,664094448;0
13022;15;21,11190512;31;9,706177177;11,00291443;1,522604983;2,9499861;0
13023;15;5,515948834;5,666666667;9,201351185;11,00330353;1,012899343;0,225155234;0
13024;15;17,84428742;28,33333333;9,763898882;11,00354576;1,293290655;2,102503419;0
13025;15;4,087307562;11,66666667;11,84027947;11,0038681;1,138662103;0,766378045;0
13026;10;11,53270857;19;12,57367593;11,0039463;1,178414599;1,422879815;0
13027;15;10,40351807;18,83333333;11,62758974;11,00556183;1,106611862;1,265925765;0
13028;15;27,11958409;43,5;10,45321595;11,0063839;1,879075282;4,705385327;0
13029;15;15,9182788;18,16666667;11,18256247;11,0083971;1,307357846;1,737743974;0
13030;10;3,795363192;7;9,580361702;11,00918388;0,997002669;0,159338117;0
13031;15;14,73205486;46;10,47768514;11,00999355;2,074414119;6,237572551;0
13032;10;16,20259977;27,5;9,229656117;11,01054764;1,184891976;1,442744493;0
13033;10;11,73397405;17,66666667;7,374337267;11,01066113;1,061911409;0,899725556;0
13034;15;23,2059318;29,33333333;10,77646529;11,01174164;1,541798446;3,105600595;0
13035;15;11,14192616;17,5;11,62195108;11,01187515;1,195215051;1,208045602;0
13036;15;9,003579213;16,31147541;10,65291859;11,01360989;1,20878014;1,425960898;0
13037;10;24,82850975;43,33333333;9,283345731;11,01365852;1,148008502;2,467693329;0
13038;15;13,67914525;11,5;10,49945044;11,01379108;1,220770594;1,105125189;0
13039;15;6,969127095;6,166666667;10,23105178;11,01440334;1,084133176;0,244858384;0
13040;10;8,646075965;8,5;10,1262934;11,01539421;1,032370155;0,338637114;0
13041;15;23,74969027;43,5;11,08883722;11,01620579;1,724283615;4,314014554;0
13042;10;13,9640054;21,33333333;8,365428133;11,01772118;1,051994486;1,082441568;0
13043;15;12,69604586;16,33333333;10,21825083;11,01986217;1,172241793;1,211759329;0
13044;15;22,71056724;28,83333333;11,03727246;11,02029228;1,731435916;2,757101536;0
13045;15;7,064735001;12,66666667;8,096782407;11,02169895;1,077260509;0,480767727;0
13046;10;18,05240297;30,66666667;7,824836493;11,02229786;1,198767908;1,805387974;0
13047;10;14,56428156;22,83333333;10,70429732;11,02425766;1,265078624;1,445940495;0
13048;15;15,46733098;27,33333333;9,582216064;11,0247097;1,488122375;2,350841045;0
13049;15;10,84369382;12,33333333;10,65987964;11,0247879;1,152763638;0,95244348;0
13050;15;26,94816059;42;11,06913534;11,02482128;1,674950601;3,942841411;0
13051;10;4,339147239;12,33333333;9,588790443;11,02553558;1,10701407;0,66212821;0
13052;10;16,55745238;20,83333333;8,545694846;11,02818489;1,158967541;1,312236547;0
13053;10;21,63837118;31,83333333;10,24681432;11,02825737;1,283485103;2,08256197;0
13054;10;4,271489136;5,833333333;11,62129127;11,02870369;1,036829642;0,153119326;0
13055;15;22,30349805;42,16666667;9,317916708;11,0291481;1,468337777;3,399877667;0
13056;10;6,613214864;6,5;8,612050185;11,02988815;1,006038463;0,138666987;0
13057;10;10,30211671;9;9,913177508;11,03059483;1,22178713;0,526800275;0
13058;15;15,89113341;15,5;10,88992387;11,0314436;1,260413075;1,556853175;0
13059;10;6,8758375;5,833333333;9,729102197;11,03198624;1,04173265;0,188596725;0
13060;15;5,584507308;7,333333333;11,82771795;11,03225994;1,053864329;0,24405992;0
13061;10;24,95968056;30,16666667;11,52457603;11,03258038;1,160232015;2,15035677;0
13062;10;9,058718135;11,16666667;10,17509092;11,03305721;1,066893318;0,464746356;0
13063;10;21,29702372;31,66666667;11,25464091;11,03405476;1,498759482;2,959060431;0
13064;15;8,420330926;7,333333333;12,01946411;11,03510761;1,077473991;0,70178616;0
13065;10;8,367089939;7,666666667;12,26387594;11,03533745;1,337370854;0,269147754;0
13066;15;7,122620335;15,66666667;13,12287624;11,03553295;1,071030123;0,564523697;0
13067;15;10,71573056;17,66666667;11,74354917;11,03865337;1,148947915;0,934018493;0
13068;5;18,77394347;55,33333333;13,10583499;11,0401125;1,865077351;5,580772281;0
13069;15;10,38260298;17,66666667;10,30570185;11,04052639;1,076509323;1,076029778;0
13070;15;10,72944538;20;11,52058621;11,04096985;1,119872101;1,36034286;0
13071;15;14,99894927;28,66666667;10,84337386;11,04258156;1,265583264;1,523074746;0
13072;15;10,85854574;12,33333333;9,482261818;11,0429697;1,257242214;0,929032445;0
13073;10;10,46862039;14,66666667;10,46381607;11,0439558;1,025383988;0,593878984;0
13074;15;22,04301131;37,5;10,616325;11,04480171;1,621923185;3,966551542;0
13075;10;13,64435145;10;11,10729127;11,04510689;1,137588888;0,749655366;0
13076;15;18,76243379;32,16666667;9,872088261;11,04515362;1,46657477;2,674230456;0
13077;15;7,603881644;14,5;9,231607407;11,04628086;1,010148557;0,614068389;0
13078;10;6,804985123;8,5;12,53435859;11,0463295;1,072698365;0,426457763;0
13079;10;6,207954262;7,166666667;9,149304263;11,04723263;1,002146573;0,108823419;0
13080;15;22,17299307;22,66666667;10,41615989;11,04757023;1,300818271;1,992699981;0
13081;10;9,697324297;11,66666667;9,923845449;11,04866505;1,088270518;0,554148912;0
13082;15;14,59152462;18,65079365;10,17936709;11,04875278;1,244451723;1,281098843;0
13083;15;21,22260193;38,66666667;9,880792947;11,04911518;1,605851464;3,575278163;0
13084;10;7,462522268;8,166666667;8,841044726;11,05135441;1,003321874;0,239142776;0
13085;15;13,01674845;27,16666667;10,94552578;11,05136585;1,566845815;3,081057787;0
13086;15;20,2754024;45;11,57653269;11,05352974;1,513300369;3,627872348;0
13087;15;20,63155504;27,5;10,73820894;11,05368328;1,353064196;2,412685513;0
13088;15;4,380528804;5,833333333;11,36896074;11,05494213;1,005328504;0,076083541;0
13089;15;12,84997229;14,83333333;10,21194786;11,05546761;1,178397482;1,170227647;0
13090;15;15,50181953;20;12,01760314;11,05608463;1,319375444;2,332532883;0
13091;15;13,64524694;18,83333333;8,453645667;11,05735493;1,244275391;1,335184336;0
13092;10;11,01442405;14,33333333;9,905574937;11,05766582;1,226623623;0,818400383;0
13093;10;16,7623911;32;10,40900146;11,05778599;1,241517422;2,033209205;0
13094;10;7,98419871;8;10,81036224;11,06008244;1,01851157;0,386505246;0
13095;10;16,03662202;21,5;9,932891546;11,06029606;1,23787638;1,326010704;0
13096;10;20,25605332;26,33333333;11,79139045;11,06109047;1,158214391;1,706634998;0
13097;15;10,10271353;41,5;9,702984773;11,06172371;1,039999949;2,135077;0
13098;15;13,80908316;18,66666667;11,52480391;11,0631485;1,300401259;1,842124701;0
13099;15;7,789548611;6,166666667;10,48596787;11,06721306;1,006624659;0,311813951;0
13100;15;16,28440148;27;12,23805668;11,06721973;1,53590393;3,153212667;0
13101;15;7,972040553;8,666666667;10,1717921;11,06777668;1,078685693;0,408624411;0
13102;10;13,93362117;20,5;10,05615329;11,06824875;1,186765084;1,085309029;0
13103;10;12,77913777;14,5;8,90237867;11,06886292;1,123206296;0,824823856;0
13104;15;4,845209451;5,5;10,68224896;11,06973076;1,000492322;0,155539036;0
13105;10;4,554633709;21,83333333;10,28674058;11,0698204;1,189517985;1,282309055;0
13106;10;11,76973923;10;8,718820216;11,07007122;1,072373808;0,425191641;0
13107;15;11,34251829;38;12,02597662;11,07029343;1,476650864;3,311426163;0
13108;15;22,86564752;27,33333333;10,97281793;11,07099533;1,55098713;3,135739088;0
13109;15;10,39664782;13,83333333;11,30963953;11,07179832;1,090191263;0,715978503;0
13110;15;10,1899735;23,33333333;13,29319627;11,07231236;1,295193765;1,921217084;0
13111;15;29,88228755;44,5;12,28894167;11,07364082;2,117062443;7,076949716;0
13112;15;7,493774829;9;9,936198213;11,07399464;1,03064612;0,52214694;0
13113;15;19,30328179;21,16666667;11,13209705;11,07538223;1,434666555;2,087032795;0
13114;10;8,242433536;10,83333333;12,27375789;11,07630444;1,088725653;0,673412442;0
13115;15;27,74098082;40,66666667;11,32946474;11,07679272;1,806006122;4,94331789;0
13116;10;9,414882151;13;8,984073319;11,07822132;1,018706797;0,50018084;0
13117;15;11,39908366;23,33333333;9,537776222;11,08207035;1,099687568;1,299651146;0
13118;15;20,58212875;30,66666667;11,64269123;11,08303165;1,504407145;2,942550898;0
13119;10;34,81692107;46,5;9,323004533;11,083251;1,648800887;3,723528028;0
13120;10;9,135591565;10,83333333;11,41133245;11,08392715;1,04836828;0,515300512;0
13121;15;19,71638845;25,5;10,95743327;11,08631992;1,376644187;2,327612281;0
13122;10;15,65553202;20,83333333;11,03343417;11,08673477;1,12556843;1,314403176;0
13123;15;6,211762784;9;9,078094262;11,08685684;1,214655051;0,431555152;0
13124;15;12,45018889;13,83333333;9,771016322;11,08692169;1,228812033;1,145183563;0
13125;15;16,21518312;31;9,445122987;11,08782768;1,30757552;2,127611518;0
13126;10;26,28270394;29,16666667;10,50907104;11,08816814;1,440848045;2,502258778;0
13127;15;16,10860541;28,83333333;9,182914458;11,08929062;1,304273661;2,046829104;0
13128;10;5,215353168;5,666666667;10,97153202;11,09274673;1,000238072;0,066669345;0
13129;15;9,67735627;10,66666667;9,955420386;11,09328842;1,126169222;0,606772661;0
13130;15;14,72994089;9,166666667;13,70073905;11,09413719;1,21565509;0,965414882;0
13131;15;8,576669673;10,83333333;10,32079199;11,09475899;1,093471459;0,641066074;0
13132;15;10,79553132;15,66666667;9,74472927;11,09508419;1,066563223;0,812773705;0
13133;15;19,61754354;31,33333333;10,67292329;11,09608459;1,206529865;2,256610394;0
13134;15;26,09673849;26;10,98695247;11,09649277;1,42130183;2,848688364;0
13135;15;13,14650255;29;10,75998265;11,09805107;1,26220307;1,855019689;0
13136;15;5,544293266;16,33333333;7,709223893;11,09973145;0,942282102;0,691478491;0
13137;15;22,54798103;35;11,1013875;11,10001945;1,449296487;3,023493409;0
13138;10;18,65221586;17,33333333;10,44784498;11,10265636;1,2060102;1,314260483;0
13139;15;7,332419414;27,33333333;11,11080998;11,10291767;1,380862545;2,151684165;0
13140;10;6,498003546;8,5;9,745836023;11,10328579;1,010320443;0,186458945;0
13141;15;11,25708945;17;12,61103477;11,10372925;1,201811298;1,731059551;0
13142;10;12,46939108;17,16666667;9,931048592;11,10395527;1,097850605;0,91355443;0
13143;15;33,3110133;51,33333333;11,18369746;11,1050539;2,049872601;6,64154315;0
13144;15;5,956858866;8,5;11,73647608;11,10512543;1,043392156;0,242022038;0
13145;15;12,71153111;16;10,79000584;11,10523891;1,205816566;1,268202305;0
13146;15;10,20767868;25,33333333;8,973184071;11,10693169;1,123943936;1,299064636;0
13147;10;13,61613322;14,66666667;10,57534578;11,10835075;1,171027529;0,914409995;0
13148;15;14,3983518;26,33333333;10,87547421;11,10894394;1,09273947;1,635685325;0
13149;15;18,55624575;37;9,874044111;11,10902786;1,437860894;2,516426921;0
13150;15;4,252767057;5,666666667;11,45254691;11,11096382;1,004545291;0,036884189;0
13151;10;8,170653656;9,666666667;10,59928649;11,11331463;1,036629716;0,235640049;0
13152;15;4,413063841;16,16666667;9,779255417;11,11472034;1,213733331;1,188445568;0
13153;10;18,28281766;30,16666667;7,239673452;11,11479187;1,018032877;1,521978855;0
13154;15;12,26752652;16,83333333;11,55560557;11,11514091;1,244755559;1,540461779;0
13155;15;16,06711784;28,66666667;7,594668137;11,11694717;1,226342227;1,92188251;0
13156;15;27,31303507;38;11,05576146;11,11740685;1,809009578;4,564786792;0
13157;15;9,255958499;10,16666667;12,8382156;11,11753082;1,164178884;1,14766407;0
13158;15;13,90419804;23,16666667;9,402080025;11,11923027;1,215418457;1,557071209;0
13159;15;10,05500273;11,33333333;9,66286309;11,11975479;1,164476304;0,76357007;0
13160;15;4,431703343;5,5;9,816704343;11,11978436;0,982590069;0,057157755;0
13161;10;17,45512327;28,33333333;9,322761721;11,120121;1,425955525;1,482964396;0
13162;15;22,21280388;27,33333333;10,76333516;11,12069416;1,385687955;2,561410785;0
13163;10;3,82631221;6,666666667;10,04836345;11,12098694;1,021936605;0,212084174;0
13164;15;21,33899481;26,83333333;11,89116482;11,1211319;1,364906124;3,17314136;0
13165;15;14,10193113;22,5;8,95547178;11,12199497;1,322049336;1,678167224;0
13166;15;23,92020578;47,66666667;11,64335529;11,12225819;2,199465776;6,493789315;0
13167;10;27,20911236;52,5;9,180449655;11,12266445;1,089627401;2,889495015;0
13168;15;17,24732205;30,16666667;11,25188502;11,12414551;1,481239335;2,684447169;0
13169;10;12,51211846;13,66666667;10,43394254;11,12475872;1,149225586;0,840548038;0
13170;10;6,017515611;6,333333333;8,527049967;11,12520313;1,040236598;0,111021161;0
13171;15;23,35856063;37,5;9,90360562;11,12572765;1,724615658;3,918045282;0
13172;15;20,77456809;34,66666667;9,63499785;11,12698936;1,489016029;3,11764586;0
13173;10;36,95308919;84,5;9,028597083;11,12718868;1,027115484;4,146110773;0
13174;15;7,611876253;11;8,097957946;11,12850189;1,07481223;0,535356522;0
13175;15;17,38163128;27,66666667;8,254493702;11,12904835;1,288307221;1,477007627;0
13176;15;13,17859152;33;11,45578507;11,13045692;1,094472079;0,696295738;0
13177;10;8,671449945;8,666666667;10,46593086;11,13242149;1,055226607;0,381013632;0
13178;15;7,337165406;5,666666667;13,79235787;11,13392353;1,181687316;0,357367992;0
13179;15;19,01742063;33,83333333;9,318781599;11,13484955;1,46691976;2,803490281;0
13180;10;11,49076378;16,66666667;9,109637591;11,13589764;1,139410188;0,873363853;0
13181;10;8,525900042;10;10,61042514;11,13737488;1,042410589;0,469980955;0
13182;10;12,36196896;17,16666667;12,1490937;11,13772202;1,156117433;1,322548509;0
13183;15;20,56401405;33,5;10,26038108;11,13777065;1,530226396;2,980963349;0
13184;15;17,05902342;27,66666667;8,823956328;11,1387558;1,394437433;2,331266403;0
13185;15;20,45891691;37,5;10,59159068;11,14229584;1,629016168;3,485598803;0
13186;15;17,73425937;31,16666667;9,825800913;11,14264488;1,403097139;2,52692306;0
13187;10;5,613268241;5,5;10,64089976;11,14528179;0,639457623;0,028258443;0
13188;15;25,47925276;39,66666667;10,11199965;11,14704227;1,764842121;4,320655584;0
13189;15;13,02829866;25,66666667;12,18491512;11,14716721;1,307498426;2,096979856;0
13190;15;23,60261978;36;10,88515533;11,14800453;1,440226401;3,195937753;0
13191;15;18,29810196;37,16666667;9,211588108;11,14918232;1,403996903;2,75229001;0
13192;15;11,94733899;18,83333333;10,63506864;11,14991379;1,140489195;1,072115183;0
13193;15;13,82226699;51,33333333;11,47032253;11,15124416;1,798772803;4,889119387;0
13194;10;4,594294307;5;10,91668411;11,15196037;1;0,000271201;0
13195;10;5,822453411;6,666666667;13,00399258;11,15203571;1,010609142;0,186285853;0
13196;15;13,17976596;23;10,33313818;11,15285015;1,369064089;1,769595504;0
13197;10;11,62290475;9,666666667;11,91194935;11,15288067;1,114805695;0,512831807;0
13198;10;9,434024819;10;10,86725022;11,15300179;1,104994963;0,576041102;0
13199;15;25,46936829;36,83333333;9,762162316;11,15335464;1,609820319;3,608424544;0
13200;15;4,402329156;5,333333333;11,33672342;11,1544323;1,013353181;0,061555028;0
13201;15;22,09622936;46,5;9,438450212;11,15477467;1,904531781;4,959998965;0
13202;15;19,32825118;23,88888889;12,05362392;11,16170025;1,520691307;3,040480733;0
13203;10;19,13754583;19,33333333;9,203700648;11,16186714;1,185401908;1,24479866;0
13204;15;19,91322062;48,66666667;10,60744155;11,16388226;1,481252226;3,770060539;0
13205;15;28,23980517;46;11,82138031;11,16564751;1,939653726;6,078474522;0
13206;10;6,311651874;6,666666667;10,24573847;11,16719818;1,028080403;0,198612094;0
13207;15;5,866109382;7,5;9,290194785;11,16825771;1,005141124;0,195480943;0
13208;15;14,24744474;18,33333333;10,31455825;11,17026234;1,43329195;1,56960237;0
13209;15;10,01211974;11;10,98463364;11,17063999;1,157814835;0,913013816;0
13210;15;20,06736801;33,5;10,60158033;11,17189884;1,600800917;3,205956101;0
13211;15;8,793210254;9,333333333;9,584495258;11,17439175;1,039405875;0,53115809;0
13212;15;18,99144777;25,33333333;10,98852715;11,17542171;1,499717822;2,669322729;0
13213;15;16,47430541;29,5;11,7522277;11,17657566;1,373297199;2,768801332;0
13214;15;8,645215137;10,5;11,32410979;11,17720318;1,143641484;0,663327217;0
13215;15;16,64058422;32,5;10,48865126;11,17786026;1,305894873;2,372535467;0
13216;10;15,11565593;11,83333333;9,749291763;11,17913437;1,104874184;0,697906971;0
13217;10;8,586357711;11,66666667;9,804753222;11,1792593;0,945220865;0,392531753;0
13218;15;20,02587815;42,5;9,941870659;11,18191147;1,585531279;3,485075116;0
13219;15;22,61648292;39;10,41787261;11,18419552;1,67836955;3,769887447;0
13220;15;30,06185173;51,5;11,59874141;11,18720055;2,305807923;7,371523976;0
13221;10;14,53833923;21;9,84737635;11,18743515;1,193243095;1,143574953;0
13222;15;11,75190796;20,33333333;9,784222456;11,18785477;1,085046635;1,135266185;0
13223;15;12,82723518;33;11,84949691;11,19059086;1,460252674;2,953381419;0
13224;15;20,44701904;46;11,54223209;11,1911726;1,657978487;4,167330503;0
13225;15;15,23671263;31,33333333;10,11344328;11,19325829;1,11537143;1,788564563;0
13226;15;11,36201287;16,33333333;12,07319159;11,19473648;1,21037383;1,614574194;0
13227;15;10,60872074;15,5;10,84144946;11,19504166;1,13961507;1,028616071;0
13228;10;15,7611514;20,16666667;10,43092605;11,19535923;1,268826279;1,452686071;0
13229;15;16,18986541;31,16666667;11,82530077;11,19595337;1,631631489;3,221941233;0
13230;15;15,6876394;21;9,733229622;11,19655418;1,293684439;1,655320168;0
13231;10;23,07278045;29,5;8,768819429;11,19754505;1,276072497;2,029831171;0
13232;15;8,960522997;10,33333333;10,49966819;11,19768524;1,104483117;0,607610583;0
13233;15;33,08606837;90,16666667;9,226134964;11,19893837;1,253375436;5,727200985;0
13234;15;26,90755386;41,33333333;11,51244143;11,19914722;1,699851607;4,731649041;0
13235;15;11,52173092;19;10,81169665;11,19953632;1,18891906;1,274326205;0
13236;10;13,93367296;17,5;11,3650976;11,20006657;1,211582544;1,205315113;0
13237;15;18,89730156;28,5;11,2603523;11,20025444;1,401021757;2,465323448;0
13238;15;13,99865049;18,83333333;9,192600915;11,20038319;1,210544625;1,50541842;0
13239;10;8,665964008;8,333333333;12,02697351;11,20195198;1,016380183;0,394327402;0
13240;15;4,889893194;5,833333333;10,17165121;11,20355129;1,007506909;0,094463348;0
13241;15;13,27753712;22,5;13,43219538;11,20403385;1,349995523;2,496973515;0
13242;15;19,30936501;28,33333333;10,60524229;11,20415401;1,437606956;2,699614167;0
13243;15;23,83318944;38,33333333;10,69302274;11,20564079;1,78550066;4,438825846;0
13244;15;15,57579862;18,83333333;10,81117086;11,20782852;1,311993353;1,742685676;0
13245;15;4,557972267;6,166666667;12,79559042;11,20792103;1,068728298;0,328160644;0
13246;15;12,58153358;15,66666667;8,86465584;11,20820141;1,213541659;1,160109043;0
13247;15;25,77138703;34;10,50674998;11,21011829;1,586000458;3,727541804;0
13248;15;15,95195604;33,5;10,39467193;11,21193027;1,351361775;2,575696826;0
13249;10;5,959095981;6,833333333;12,42549257;11,21411991;1,142848717;0,181325912;0
13250;15;17,88771869;23,33333333;10,24354021;11,21437931;1,348998696;1,143770456;0
13251;15;9,443861013;14,33333333;11,8734766;11,21468449;1,175406803;0,9139359;0
13252;15;5,807200122;13,66666667;11,35269973;11,21594334;1,250044288;1,368030667;0
13253;10;10,35793752;16,66666667;10,40790509;11,21613598;1,000006358;0,841166615;0
13254;15;13,29199289;22,33333333;10,77656012;11,21700382;1,267556627;1,576809525;0
13255;15;3,888516038;12,33333333;11,41065525;11,2172699;1,177896567;1,049856663;0
13256;10;9,048798601;8,5;10,94397937;11,21762562;1,062593938;0,467028856;0
13257;10;15,64359713;14,83333333;11,0692458;11,22001743;1,208363527;1,095089555;0
13258;15;14,48278506;21,16666667;10,74395249;11,22151279;1,248926473;1,598680735;0
13259;15;14,24499954;19,5;11,07878074;11,22194195;1,285897214;1,735677719;0
13260;10;8,173461128;8,833333333;9,796354158;11,22396564;1,04096797;0,354833841;0
13261;10;9,823410698;12;8,821893255;11,22430515;1,00896793;0,462762952;0
13262;10;17,04825981;39;11,48195273;11,22454262;1,345222547;2,72753346;0
13263;15;21,06804237;42,83333333;9,179712198;11,22632885;1,469150676;3,435241938;0
13264;15;5,163996598;8,666666667;12,6219635;11,22678757;1,00649667;0,082936764;0
13265;15;7,394374638;15;13,10435471;11,22930145;1,120746094;0,778675795;0
13266;10;14,02751828;19,83333333;11,34996027;11,2293272;1,291316572;1,48352778;0
13267;10;9,805318061;10,83333333;10,85119607;11,2295084;1,119547349;0,541535497;0
13268;15;10,92059436;13,83333333;9,834673556;11,23027515;1,084466395;0,852195382;0
13269;10;16,7683251;35,16666667;11,18003563;11,23047829;1,251417855;1,583965063;0
13270;10;15,10593178;22,66666667;9,781745924;11,23058605;1,067541547;1,506678939;0
13271;15;13,11280962;11,66666667;10,36092961;11,23160934;1,159958303;1,099538803;0
13272;10;6,742927792;7,666666667;12,42334882;11,23202705;1,032743572;0,315594673;0
13273;10;7,101050251;5,166666667;10,42388913;11,23295212;0,855458995;0,022935629;0
13274;15;19,12960204;32,16666667;10,26205305;11,23315716;1,367474333;2,944039822;0
13275;15;12,9346977;12,83333333;14,16487899;11,23338413;1,407325364;1,381632924;0
13276;15;18,19666425;24,16666667;9,989743856;11,23404503;1,469636899;2,256228089;0
13277;15;8,003920717;9,166666667;11,93742794;11,2340765;1,095499943;0,795875549;0
13278;15;11,40431418;32,33333333;11,14552497;11,23451138;1,443845254;2,976515889;0
13279;15;13,31227895;22;10,7286734;11,23643494;1,226425162;1,625650167;0
13280;15;20,36772114;38,33333333;10,05727;11,23648548;1,49895589;3,244129777;0
13281;10;22,92985481;30,5;11,83664763;11,2379446;1,407673445;2,563162804;0
13282;10;7,479218752;8,666666667;9,863748093;11,23838139;1,021639237;0,284757376;0
13283;10;12,26293067;19,33333333;11,2927853;11,23845196;1,119455269;1,146551132;0
13284;15;20,73238228;49,66666667;10,48601959;11,2387104;1,787009895;4,752677441;0
13285;10;13,45243744;14,33333333;11,94242127;11,23873901;1,195835644;1,083882928;0
13286;15;20,55781001;28;10,45665267;11,23952103;1,407239509;2,528404713;0
13287;10;16,13635909;26,33333333;9,81814723;11,23966408;1,245699212;1,63122499;0
13288;15;18,11044033;28,33333333;11,46186475;11,2410183;1,377631687;2,925913215;0
13289;15;14,06948069;13;10,62901238;11,24114323;1,163080019;1,157211065;0
13290;10;10,48164255;15,5;9,983029964;11,24182415;0,964356664;0,707143664;0
13291;10;14,06346098;25,16666667;8,161064211;11,24263;1,106024109;0,552612662;0
13292;15;5,429273091;7,166666667;12,07606253;11,24280548;1,024938418;0,327906132;0
13293;10;10,73477849;12,33333333;11,77132959;11,24362469;1,120102469;0,694482088;0
13294;15;6,567804473;6,333333333;11,12899554;11,24369431;1,024320188;0,36423552;0
13295;15;19,08032645;28,5;10,17367193;11,2450037;1,434416206;2,753327608;0
13296;15;15,61051125;43;10,31461363;11,24529743;1,550637726;3,754673004;0
13297;15;15,16938426;23,83333333;12,31703992;11,2459259;1,455783902;2,772984266;0
13298;10;26,40733402;58;11,21963496;11,24617386;1,821695744;5,768360734;0
13299;10;6,693775992;7;10,54972525;11,24621773;1,016242504;0,215153456;0
13300;10;8,855620496;11,5;10,99818351;11,24667454;1,047767736;0,638387561;0
13301;15;4,334996576;18,66666667;9,829067206;11,24760914;1,191848652;1,223808885;0
13302;10;8,296777467;13;8,858273427;11,25056744;1,046895434;0,542190313;0
13303;15;19,73721866;28,66666667;9,620752096;11,2505846;1,452256649;2,48207891;0
13304;10;26,55425971;42,55555556;10,093524;11,25083351;1,17786519;1,816890001;0
13305;15;21,88368981;32,16666667;10,53504728;11,25144482;1,436878861;2,468255043;0
13306;10;6,606841704;7,833333333;10,80527785;11,25164413;1,032057347;0,220918894;0
13307;15;5,569425073;28;10,91328353;11,25223255;1,447551802;2,672164679;0
13308;15;5,210199426;9,166666667;11,50458048;11,25330925;1,091740762;0,541426301;0
13309;15;18,78790413;35;10,68810403;11,25632763;1,340549121;1,502557158;0
13310;15;13,33788608;16,83333333;11,03288415;11,25700092;1,202109494;1,291447282;0
13311;10;8,84509915;9,333333333;9,797870556;11,25700855;1,094843176;0,476905346;0
13312;10;6,973812064;7,5;9,545323354;11,25891018;1,029104468;0,211518764;0
13313;15;14,60961991;27;11,89359505;11,25921249;1,425401712;2,290672898;0
13314;10;8,469552186;8,333333333;9,489715633;11,25994968;1,02845876;0,374582291;0
13315;15;4,196538595;5,166666667;12,27353147;11,26224136;0,996946298;0,03068161;0
13316;15;15,22002136;23,16666667;10,33032268;11,26331329;1,230306391;1,772743583;0
13317;15;14,42119447;16,33333333;10,60512409;11,26512623;1,223932777;1,25009799;0
13318;15;5,417549225;7,833333333;11,86935151;11,26609421;1,018506559;0,271113396;0
13319;10;11,78768201;14,16666667;9,295377714;11,26850605;1,018829695;0,668032408;0
13320;10;6,96849218;9,666666667;9,201490797;11,27070713;1,085842157;0,204061866;0
13321;10;12,50489882;12,66666667;10,5060831;11,27233982;1,072335985;0,682158232;0
13322;15;20,214029;23,5;10,06788923;11,27293968;1,404652405;2,368254423;0
13323;10;13,6144723;23,33333333;9,049809721;11,27308559;1,010114818;1,004919767;0
13324;10;11,38987181;13,83333333;9,782404892;11,27342987;1,19392423;0,922814131;0
13325;10;9,427524026;9,5;10,64071962;11,27377796;1,423405956;0,595926762;0
13326;10;10,83685889;9,666666667;10,34071549;11,27472973;1,027872665;0,386788249;0
13327;15;16,21728459;26,33333333;9,709986641;11,27511978;1,238681629;2,382400632;0
13328;10;17,89343515;21,33333333;9,67754072;11,2751503;1,208607718;1,367879868;0
13329;10;6,781227629;7,833333333;10,96985824;11,27564049;1,0132504;0,248745084;0
13330;15;29,6134863;38,5;9,955019397;11,27573109;1,733689993;4,397317171;0
13331;10;8,642064226;10,5;8,685427194;11,27871227;1,02543893;0,460409164;0
13332;15;24,15481067;37,66666667;9,958689474;11,27900219;1,566522091;3,295448542;0
13333;10;9,567965521;17,5;11,45718964;11,28035927;1,116334583;0,962173939;0
13334;10;10,95609514;14,5;10,9051128;11,28056812;1,110967026;0,872119188;0
13335;10;9,931713002;13,83333333;10,30720417;11,28221321;1,036409119;0,658076048;0
13336;15;14,9617075;35,83333333;8,520757529;11,28329086;1,099877509;1,956601143;0
13337;15;9,668903625;5,833333333;14,25870737;11,28342819;1,107873366;0,377460361;0
13338;15;4,478291813;17,33333333;11,92387976;11,28376579;1,295740241;1,66312778;0
13339;15;12,24419054;19,16666667;9,944426282;11,28453445;1,26278327;1,580617547;0
13340;15;4,45035393;5,333333333;11,56923724;11,28589058;1,041765248;0,069902062;0
13341;10;11,03964572;16,16666667;9,960566558;11,28628254;1,084122013;0,671651959;0
13342;10;5,519558506;21,33333333;10,48586569;11,28662682;1,238273823;1,530882001;0
13343;15;28,72055795;48;11,04010156;11,28679562;2,29330064;6,82566452;0
13344;15;9,679928859;9,666666667;11,25203752;11,28720188;1,135338729;0,688890576;0
13345;10;12,52487849;16,16666667;10,8729125;11,28773212;1,204083674;1,101629972;0
13346;15;16,82740339;29,33333333;10,1032834;11,28827;1,4635271;2,53998208;0
13347;15;12,38557639;23,33333333;11,42163031;11,28981495;1,301523487;1,777656317;0
13348;15;20,86697176;37,83333333;10,71967077;11,29142189;1,566975272;3,468593836;0
13349;15;9,299365813;34;9,477702109;11,29344559;1,411321988;2,843920588;0
13350;15;15,40950448;18;10,19838169;11,29760361;1,2756694;1,515288353;0
13351;15;6,358645213;14,33333333;12,65838685;11,29978752;1,01327767;0,110508442;0
13352;10;12,63076682;16,5;10,60276804;11,29978848;1,069462753;0,96937561;0
13353;15;21,62217917;30,5;11,74550567;11,30208874;1,44390494;2,88351059;0
13354;15;24,2333093;39;10,91297462;11,30213737;1,818515297;4,823069215;0
13355;15;9,801584281;10;11,08522461;11,30242062;1,145136582;0,777540207;0
13356;15;5,328037927;6,166666667;14,62645345;11,30290031;1,084994576;0,743913531;0
13357;15;19,09224833;32,16666667;10,43448482;11,30341721;1,487207069;2,941668272;0
13358;15;11,42024865;14,83333333;14,86465401;11,30346203;1,232516337;2,05576849;0
13359;15;24,28234576;35,83333333;11,4313631;11,30648422;1,677439675;4,15994668;0
13360;15;21,72309801;34;10,48508134;11,30825233;1,593803097;3,36231792;0
13361;15;18,46576387;30,66666667;11,2831207;11,3088913;1,383531213;2,723738074;0
13362;10;3,913506751;10,66666667;10,2603846;11,30943966;1,020951267;0,463689804;0
13363;10;5,626021047;6,666666667;9,286191208;11,31100559;1,014213351;0,126619339;0
13364;15;11,78694786;32,5;8,398627492;11,31118107;1,037809168;0,451949239;0
13365;15;23,4247189;30;11,0362199;11,3119278;1,515404647;3,15307641;0
13366;10;16,74128688;20,33333333;9,900316862;11,31219769;1,236153755;1,370873451;0
13367;15;11,39782316;17,83333333;10,09648712;11,31248665;1,158929315;0,915290236;0
13368;15;15,01707275;19,5;11,41060174;11,31442928;1,339034576;2,035978913;0
13369;10;6,806475565;6,333333333;12,02083924;11,31460476;1,19481104;0,179016232;0
13370;15;18,70910879;20,16666667;11,16911085;11,3148632;1,394431038;2,265017986;0
13371;15;12,77323418;41,83333333;8,673653171;11,31522179;1,025716157;0,280951381;0
13372;10;8,442889525;10,66666667;11,06416869;11,31544113;1,012506051;0,617905378;0
13373;15;20,22756794;29,33333333;10,316852;11,31577587;1,379069469;2,642344356;0
13374;15;20,02982091;61,83333333;8,131651102;11,31590557;1,155314927;3,566346765;0
13375;10;21,7783735;26,11111111;9,528770813;11,31609726;1,442807197;1,663906336;0
13376;15;24,61358769;40,5;10,23512996;11,31630421;1,72607672;4,409877896;0
13377;15;6,284497165;10,33333333;11,12448675;11,31853867;1,012180841;0,296219826;0
13378;10;16,48543251;24;9,992797569;11,3191309;1,289597474;1,690543771;0
13379;15;12,85176857;21,33333333;8,772740091;11,32038975;1,170036975;1,015923262;0
13380;15;16,7699127;20,5;10,29557081;11,32066917;1,31372229;1,748643994;0
13381;15;7,818109038;13;12,17938011;11,32133865;1,05573239;0,409584641;0
13382;10;7,317296415;7;9,879515045;11,32172489;1,14416007;0,252446175;0
13383;10;10,3963138;27,16666667;10,93082901;11,32350254;1,009838147;0,055838585;0
13384;10;11,67156725;15,66666667;12,13011993;11,32441807;1,062647496;0,832243204;0
13385;15;12,29496884;11,83333333;13,44675177;11,32483864;1,20890484;1,185472608;0
13386;15;14,46537772;14,83333333;10,28199801;11,32564831;1,056432181;0,975506663;0
13387;15;5,101363552;6,166666667;10,0275882;11,32781601;1,039614178;0,137395859;0
13388;15;25,19844877;51,66666667;10,66921184;11,32785511;2,149856456;6,215037584;0
13389;10;11,94346078;14;10,72806059;11,3307724;1,078152791;0,680400848;0
13390;15;16,46730137;20,83333333;9,5422063;11,33150101;1,122159002;1,897663236;0
13391;10;18,14825975;20,66666667;11,34518212;11,33159161;1,144138697;1,451836705;0
13392;15;22,94233516;31,83333333;10,26789775;11,33162403;1,435878464;2,852195978;0
13393;15;21,7984589;33,16666667;9,066814499;11,33196163;1,522128026;3,117895484;0
13394;15;13,89730658;17,66666667;12,18438743;11,33215904;1,245214396;1,662261844;0
13395;10;16,83427975;29,66666667;8,518648;11,3325386;0,998379786;1,360231638;0
13396;15;21,44392578;29,66666667;10,99970297;11,33266354;1,560332084;3,276896477;0
13397;15;19,38509521;32,5;10,98853371;11,33331585;1,26564654;2,431157827;0
13398;15;14,92511106;25,83333333;10,11037285;11,33406162;1,316052599;2,336778283;0
13399;15;4,638662906;13,83333333;11,38239249;11,33418941;1,247303217;1,226880312;0
13400;10;8,648928652;12,33333333;12,47287626;11,33629227;1,042190052;0,254407525;0
13401;15;12,84837237;32,33333333;11,44082494;11,33665276;1,531471201;3,10141325;0
13402;15;15,62873938;25,5;11,03271066;11,3377142;1,383958783;2,257098556;0
13403;15;5,40510632;11,5;9,598257482;11,33902645;1,015240846;0,472271085;0
13404;15;11,55388062;19,33333333;9,513189078;11,34022427;1,073065598;0,49168098;0
13405;15;25,21269661;40,66666667;9,729820499;11,34139252;1,703509223;4,14532876;0
13406;15;18,64545575;19,33333333;11,34237326;11,34183311;1,337584181;2,07891655;0
13407;15;19,19220786;31,5;10,022206;11,34628487;1,27866324;2,243808746;0
13408;10;8,188328229;9,166666667;10,58585123;11,34641933;1,114267724;0,404514909;0
13409;15;4,855608941;8,166666667;8,916173947;11,34733677;1,052957697;0,420436502;0
13410;15;6,216789601;7,833333333;12,35347471;11,34775829;1,032420853;0,379428387;0
13411;10;13,07759073;28,5;10,15398322;11,34809208;1,090496455;1,576951146;0
13412;10;6,383836766;37,16666667;9,803418783;11,34834003;1,451300241;2,865066886;0
13413;15;7,125374452;9,333333333;10,22471193;11,35087967;1,072584796;0,437094927;0
13414;15;15,44732107;23,33333333;10,29770588;11,35189724;1,297705567;1,821460485;0
13415;15;18,64585353;47;11,34150846;11,35258102;1,24298749;3,094899654;0
13416;15;25,47998543;74,33333333;10,53981542;11,35296059;2,244952274;9,01523602;0
13417;10;15,25963963;26,16666667;9,706537321;11,35374641;1,187627863;1,549431801;0
13418;10;5,401055139;5,166666667;12,55216604;11,35456944;1,034679357;0,029723048;0
13419;15;8,485813786;10;12,00296653;11,35509109;1,095245211;0,644902945;0
13420;15;23,96730747;35;10,62089858;11,35516739;1,806013379;4,237149477;0
13421;15;35,45158358;86,66666667;10,21252291;11,35640812;2,091602018;9,391702652;0
13422;15;10,58361084;32,83333333;7,276410507;11,35799217;1,177009369;2,285913229;0
13423;10;13,62345349;19,16666667;10,97702974;11,35846043;1,139553871;1,11879766;0
13424;15;4,916249195;6,5;8,38783673;11,35871506;0,998044877;0,149303198;0
13425;15;17,82778679;24,66666667;12,42228265;11,35874844;1,551017123;3,327364326;0
13426;10;10,84192938;16,33333333;11,44997894;11,3589344;0,93941899;0,757090926;0
13427;10;24,27426443;36,33333333;8,780480872;11,36039543;1,366241171;2,515443683;0
13428;10;9,648508748;10,33333333;8,89278443;11,36138153;1,040557507;0,454614639;0
13429;15;5,127188773;6;11,00002783;11,36289215;1,0560746;0,160770297;0
13430;15;13,46796121;19,33333333;10,89397987;11,36344051;1,257834804;1,637120366;0
13431;15;22,90488729;85,16666667;10,81091624;11,36355114;1,922019075;8,422450066;0
13432;15;6,829327373;8;10,10914045;11,36444759;1,059639255;0,412423134;0
13433;15;24,92850674;34,5;10,43945098;11,36513042;1,45288432;3,402398586;0
13434;15;9,370135406;11,66666667;10,97382317;11,36578465;1,114840547;0,7235502;0
13435;10;7,848819799;10,16666667;11,35859007;11,36590958;1,043810857;0,363845348;0
13436;10;8,046497102;10,5;13,00824629;11,36754417;1,095980725;0,556637287;0
13437;15;28,24861118;41,16666667;11,4230162;11,36787415;2,053918961;5,734432936;0
13438;15;17,24183521;25,5;10,15280548;11,36805439;1,359873161;2,05036211;0
13439;15;6,513257605;8,666666667;11,02418103;11,36851501;1,037489819;0,371145368;0
13440;15;24,32660432;37,33333333;10,4157664;11,36856556;1,332679527;3,05893898;0
13441;15;25,61994004;49,83333333;10,22029383;11,36913967;1,869096669;5,21678853;0
13442;15;41,25991939;81,33333333;8,876972504;11,36939621;1,472165329;6,904965758;0
13443;15;26,30241763;30,16666667;10,71322362;11,37050152;1,517283227;3,540183783;0
13444;15;5,972578945;7,166666667;13,10702286;11,371418;1,069177816;0,402555346;0
13445;10;10,91978491;10,83333333;9,059900313;11,37174129;1,15742353;0,592003465;0
13446;10;8,064880568;9;9,276981344;11,37180042;1,023812709;0,37354362;0
13447;15;14,39022031;25,16666667;11,50341989;11,37194061;1,303831459;2,042492747;0
13448;15;21,4903725;34,5;11,6237563;11,37198353;1,512383362;3,355183482;0
13449;15;21,11936278;33,83333333;9,352602124;11,37228107;1,533677083;3,142003536;0
13450;15;9,281120327;14,5;11,97195722;11,37281799;1,208726121;1,309496999;0
13451;10;6,008063598;6,333333333;10,6213527;11,37423134;1,000138117;0,08836627;0
13452;15;4,866953085;6;8,392448751;11,37568188;1,00379011;0,069316387;0
13453;15;14,56559383;17,5;10,1515957;11,37586403;1,261792129;1,422271848;0
13454;10;8,017143148;8,333333333;11,05600012;11,37637329;0,972836938;0,252422452;0
13455;15;22,70982462;30,66666667;10,92241747;11,37708855;1,575341691;3,73799634;0
13456;15;39,50598776;92,66666667;10,152181;11,37841606;2,036058196;9,646410823;0
13457;10;6,438606653;6,5;8,678191785;11,37888622;0,979127099;0,141959906;0
13458;10;28,10393387;24,33333333;8,427558132;11,37985706;1,251802398;1,938997626;0
13459;15;13,02909114;17,5;10,0591603;11,38185692;1,218108841;1,34156692;0
13460;15;14,89883574;30,83333333;10,80539056;11,38265896;1,219105697;2,036899686;0
13461;10;6,387085748;6,333333333;11,15296947;11,38353157;1,02270891;0,192387819;0
13462;10;6,386402666;6,833333333;10,51457448;11,38438511;1,020679564;0,202027082;0
13463;10;16,42402869;25;8,467226084;11,38635826;1,166955082;0,931809783;0
13464;15;21,77401765;35,16666667;9,313386074;11,38676643;1,413887221;2,81967926;0
13465;10;12,57429512;16;9,977294812;11,38704109;1,129652457;0,972806096;0
13466;15;25,90795278;23,33333333;11,23404214;11,3870554;1,616002424;3,004682064;0
13467;10;16,27161115;27,5;10,9473988;11,38720131;1,148894557;1,496737003;0
13468;15;9,584881391;14,66666667;9,17973812;11,38797188;1,131537181;0,834303975;0
13469;10;6,057702751;6,666666667;9,729744653;11,38828945;1,009698064;0,139647126;0
13470;10;8,895306362;11,16666667;10,04024346;11,39008236;1,040263969;0,523960114;0
13471;15;7,201924768;7,333333333;11,80827747;11,39071369;1,049303648;0,384877205;0
13472;15;5,4506816;48;11,24101727;11,39321518;1,790545331;4,919226527;0
13473;15;25,40952845;30,5;11,16446251;11,39358902;1,721233438;4,033946991;0
13474;15;14,36787195;20,83333333;10,25251784;11,39384937;1,238364119;1,593091846;0
13475;15;4,314346466;5,333333333;14,48520389;11,39466;1,021793697;0,151508927;0
13476;10;9,47041713;10,83333333;11,09562437;11,39703751;1,283502947;0,574196219;0
13477;15;25,81574392;67;11,09029239;11,39755917;1,859452217;6,648520947;0
13478;10;5,030550866;9,333333333;12,00055688;11,39853287;1,066347725;0,510638475;0
13479;10;10,65236106;14,5;10,25157459;11,3996067;1,113212195;0,890484214;0
13480;10;6,485780744;8,666666667;9,877976686;11,40030861;1,029302744;0,239261389;0
13481;15;16,43857885;21,5;11,77632678;11,40060139;1,343783688;2,121033549;0
13482;15;14,05004345;19;12,0494001;11,40116978;1,315500173;2,2720294;0
13483;15;7,770026231;13,66666667;12,39832612;11,40363979;1,087417983;0,607398272;0
13484;15;19,52194033;24;11,35149693;11,40381145;1,233509694;2,337448716;0
13485;10;8,659853317;13,83333333;8,788361615;11,40433502;0,995633089;0,535920024;0
13486;10;10,82912673;17,33333333;9,407797518;11,40442467;1,059655518;0,769819021;0
13487;10;17,37706277;29,5;12,87710973;11,40513229;1,435031307;3,276185989;0
13488;15;9,869229927;8,666666667;14,19024442;11,40573502;1,173689774;0,874175072;0
13489;15;25,88218125;43,16666667;10,67609588;11,40603447;1,807458817;4,898011804;0
13490;15;17,17508517;26,5;11,42842934;11,4065361;1,408733943;2,446494818;0
13491;10;9,737021242;11,5;9,856928312;11,41023922;1,051576191;0,552246571;0
13492;15;15,25606068;19;10,87990164;11,41035748;1,292087545;1,601960421;0
13493;10;5,544337886;5,166666667;11,40148249;11,41111183;0,900273117;0,031387806;0
13494;10;13,0329651;18,5;11,4812338;11,41113377;1,210683917;1,272680402;0
13495;15;14,14736589;26,83333333;11,14753872;11,41122723;1,360177636;1,925322771;0
13496;10;12,21916389;15;9,645046205;11,41306686;1,142307448;0,882526159;0
13497;10;17,72156763;25;11,11629549;11,41398525;1,276973375;2,00568974;0
13498;15;8,955253079;14,16666667;10,63643249;11,41539288;1,176428662;0,860257864;0
13499;15;19,70390866;37,83333333;11,88129578;11,4186306;1,623048542;4,02511692;0
13500;15;27,57291117;46;11,51171424;11,41923714;1,599063681;5,147613049;0
13501;15;23,36959885;27,33333333;10,05084303;11,41961861;1,464000342;2,704222322;0
13502;15;16,83245876;32,5;10,22055211;11,41976738;1,319536469;2,369538903;0
13503;10;13,37919026;19,5;9,567503077;11,42051125;1,126956142;1,145228982;0
13504;10;4,863847126;5,333333333;9,397670383;11,42065525;0,953733197;0,023982525;0
13505;15;5,078683649;14,66666667;11,17780481;11,42101765;1,012075818;0,162259817;0
13506;15;21,45116826;28,83333333;11,22500837;11,42110634;1,586883955;3,336545706;0
13507;15;6,926689993;13;10,24464385;11,42211533;1,119940135;0,91295135;0
13508;15;12,4136765;15,5;9,65235531;11,42282295;1,224387975;1,11813271;0
13509;15;14,62816355;16,5;11,49257311;11,42316723;1,298322479;1,562870979;0
13510;10;7,58197459;10,83333333;9,82801914;11,42386055;1,012245516;0,364284158;0
13511;15;14,83778916;22;10,8509669;11,42405891;1,300450276;1,880855083;0
13512;15;3,32420983;5,333333333;13,34393881;11,42464256;1,016948343;0,231837511;0
13513;15;35,36458905;76;10,00721935;11,42516136;2,728830595;11,19334018;0
13514;15;15,91975289;30,66666667;10,19845359;11,42602825;1,538988608;2,675098658;0
13515;10;13,21071279;18;11,32323021;11,42782307;1,173520023;1,211998463;0
13516;15;5,722459543;33,16666667;10,88097142;11,42884541;1,503281797;3,002143264;0
13517;10;5,115187602;5,666666667;11,20303872;11,42928982;1;0,016252995;0
13518;15;9,065609341;17,5;7,163174592;11,43096733;1,008269984;0,810248017;0
13519;15;11,53029041;17,33333333;10,90665294;11,43124485;1,211494561;1,292345643;0
13520;10;10,60262133;17;11,83937604;11,43151855;1,128443722;0,866130948;0
13521;15;7,860950449;10,66666667;11,41003313;11,43280792;1,090254581;0,616843581;0
13522;10;17,84828044;24,66666667;9,992179207;11,43405914;1,284998722;1,767615914;0
13523;10;10,99708562;14,33333333;9,603551585;11,43563843;1,166832897;0,842076659;0
13524;15;24,58588737;34,83333333;10,20944846;11,43717384;1,506718863;3,45083797;0
13525;15;15,93242687;23,16666667;10,52698046;11,43729401;1,310067503;1,910470486;0
13526;15;9,529184358;13,33333333;10,94305948;11,43752575;1,146270861;1,07118547;0
13527;15;14,78378755;23;10,51403725;11,43856716;1,360453831;1,804440975;0
13528;10;12,1909205;7,333333333;11,87234943;11,43929863;1,073889908;0,621705651;0
13529;15;11,08278359;15;9,219108736;11,43982315;1,16467384;1,053781152;0
13530;10;6,174355664;6,833333333;8,371664484;11,44072437;1,040941486;0,092827082;0
13531;15;13,13905605;17,83333333;10,7059123;11,44147873;1,195181341;1,417267084;0
13532;10;10,56457711;16,83333333;11,16362723;11,4423008;1,099985605;0,979744911;0
13533;15;14,75640508;32,16666667;11,02241132;11,44238758;1,270917611;2,31068325;0
13534;15;16,63738825;17,66666667;11,50691724;11,44320774;1,230724838;1,614560723;0
13535;10;17,10083924;21,5;11,97058498;11,44365311;1,270881336;1,741894364;0
13536;15;23,37429043;69;10,60155725;11,44393158;2,614492516;10,05658901;0
13537;10;9,894264923;15,83333333;11,48791087;11,44398499;1,025710996;0,68661797;0
13538;15;5,722080796;6,5;11,01605849;11,44461918;1,083473311;0,253444195;0
13539;15;12,86076508;23,16666667;11,61945253;11,44488239;1,278690817;1,771770716;0
13540;15;14,84142383;22,83333333;10,55182743;11,44519806;1,375456838;2,134044528;0
13541;15;5,714641779;24,83333333;11,64096362;11,4469738;1,38636939;2,29403758;0
13542;10;19,2505105;28,33333333;10,95885363;11,44849682;1,366483253;2,294555783;0
13543;15;24,859514;45,33333333;11,7651936;11,44972515;1,843734436;5,755124092;0
13544;10;7,853623095;8,5;11,27065576;11,45108795;1,07745647;0,281062961;0
13545;15;20,74380281;35,5;10,87373948;11,45130539;1,490053636;3,176873565;0
13546;15;18,54425846;26;11,66781643;11,45258713;1,631875422;2,970290661;0
13547;10;13,39521419;10,66666667;12,09536044;11,45352364;1,089739914;0,633060336;0
13548;15;26,74276945;26;12,20614969;11,45410919;1,543309543;3,498840094;0
13549;15;12,01110858;17;8,555046766;11,45440865;1,156166289;1,159835935;0
13550;10;7,756019455;9,222222222;13,38333098;11,45486832;1,09933953;0,436967254;0
13551;15;5,822244384;14,66666667;7,559559305;11,45517921;1,106300525;0,865428805;0
13552;10;17,49089131;28;10,07878707;11,45538616;1,395014502;1,917282104;0
13553;15;7,826520873;7,833333333;10,29828549;11,45563984;1,081038345;0,46400857;0
13554;15;8,494823955;13;8,51980156;11,45595264;1,08290052;0,681667209;0
13555;15;27,26789566;42,5;10,79463474;11,45637226;2,005620914;5,534301043;0
13556;15;12,7869958;20,5;9,44614439;11,45647144;1,372709515;1,573031068;0
13557;15;13,81010349;18,83333333;11,64758454;11,45701981;1,318222383;1,743062973;0
13558;15;27,00832774;44,83333333;10,72203908;11,45742226;1,961220592;6,075234771;0
13559;15;4,643605774;20,33333333;12,16214512;11,45940781;1,145438375;0,867387533;0
13560;15;7,578893836;6,5;11,95353581;11,46135902;1,065346549;0,392237544;0
13561;10;16,49815354;25;11,1043887;11,4614706;1,254719239;1,719339252;0
13562;15;10,26004621;15,16666667;10,65039463;11,46261024;1,214321134;1,157785892;0
13563;15;12,37622363;19,16666667;10,125353;11,46315861;1,203355895;1,282047987;0
13564;15;13,51879857;19;10,68527303;11,46346092;1,355810693;1,95587337;0
13565;15;4,216640226;11,5;14,7049253;11,46425438;1,204470411;1,498571992;0
13566;15;13,39964074;18,83333333;9,665792962;11,46446037;1,304558149;1,458778262;0
13567;10;12,90333197;67,5;10,05253556;11,46648407;1,515552234;5,28022182;0
13568;10;5,597157332;6;10,44241081;11,46683407;0,970988646;0,097495198;0
13569;15;23,09590772;25,66666667;10,96402199;11,467206;1,488470303;2,943913937;0
13570;15;7,060698611;9,333333333;11,21142911;11,46723938;1,050854846;0,477833986;0
13571;15;5,355563265;8,833333333;13,10390436;11,46773911;1,03021129;0,246091485;0
13572;15;5,678189931;8,166666667;13,84195978;11,46819019;1,098974907;0,631254315;0
13573;15;11,20355786;16,5;10,43528592;11,46961498;1,09706973;1,073557734;0
13574;15;4,552435124;25,16666667;10,99972482;11,47053719;1,302663313;1,785125375;0
13575;15;10,72230059;15,33333333;10,9015131;11,47150993;1,172105775;1,100334525;0
13576;15;23,56594596;37,16666667;10,50934685;11,47160244;1,597935287;3,729239583;0
13577;15;13,74325017;17;10,52020531;11,47172546;1,239223404;1,533559203;0
13578;15;24,69609461;46,83333333;11,12450009;11,47311497;1,530343449;3,982696056;0
13579;15;27,40468903;70,77777778;9,644006741;11,47496986;1,467737515;4,144947648;0
13580;15;9,95024469;11,83333333;10,00146221;11,47616196;1,049903442;0,345163107;0
13581;15;11,8925729;14,33333333;9,765252375;11,47622585;1,164050052;1,056450367;0
13582;10;15,53250821;20,5;10,01192489;11,47736549;1,323915363;1,514563084;0
13583;15;18,05965149;48,83333333;12,10476598;11,47764397;1,318707852;2,053495526;0
13584;15;11,64416736;13,66666667;11,78922112;11,47837257;1,13166793;0,883768678;0
13585;10;8,582062955;9;8,927107063;11,47880936;1,065140168;0,359836221;0
13586;15;10,16089811;9,666666667;11,21227341;11,47888279;1,091881484;0,713093758;0
13587;10;10,91291151;13,33333333;10,96337758;11,47929859;1,151069134;0,891574979;0
13588;15;15,1960118;23;11,01373819;11,48122406;1,31474501;2,379251003;0
13589;10;12,89999517;17,83333333;10,82199351;11,48448849;1,128441841;0,75004375;0
13590;15;21,84612819;31,88888889;11,41367381;11,48514843;1,623266739;2,524027586;0
13591;15;22,2930908;41,83333333;8,884669718;11,48527241;1,620629429;3,736330032;0
13592;15;10,72188098;16,5;11,50299862;11,48545837;1,209327938;1,234468102;0
13593;15;9,84537984;13;10,8879709;11,48644829;1,155868388;0,81601274;0
13594;15;5,795888903;5,888888889;9,565044181;11,48751068;1,006306407;0,123680353;0
13595;15;15,89263229;26,16666667;9,930309125;11,48843384;1,422194127;2,289316773;0
13596;10;8,071363688;8,666666667;14,13277489;11,48862457;1,08359188;0,611300349;0
13597;10;8,132398101;8,5;10,58421892;11,48873806;1,014622922;0,343622327;0
13598;15;5,670444807;29,33333333;11,79270131;11,48904514;1,531395532;3,477337241;0
13599;15;6,049751628;6,666666667;13,97516214;11,49096012;1,070029873;0,445526004;0
13600;10;10,20444565;11,83333333;9,715618168;11,49206257;1,122082433;0,686920166;0
13601;15;12,17907971;16,83333333;11,28121988;11,49259949;1,176443421;1,221893549;0
13602;15;22,60058021;29,5;11,17346691;11,49312878;1,558036375;3,318030357;0
13603;15;20,63338522;31,5;10,27178723;11,49368477;1,51928575;3,181079745;0
13604;10;10,68623396;9;12,20961543;11,49461174;1,112094183;0,677223086;0
13605;15;10,92166215;23;11,74976339;11,49540424;1,158035092;0,808117151;0
13606;10;10,55338398;13;10,70480149;11,49578953;1,105430691;0,680078506;0
13607;15;24,93424236;47,33333333;9,444372746;11,49698067;1,578976063;4,271027088;0
13608;15;5,991879057;5,666666667;11,98966907;11,49726772;1,058901569;0,359910488;0
13609;10;9,02860866;7,833333333;10,86189349;11,497509;1,044114418;0,397585154;0
13610;15;6,360122727;11,5;10,94164205;11,49931622;1,02805066;0,198399544;0
13611;10;6,283144314;6,333333333;10,5667784;11,49964333;0,952499931;0,14214766;0
13612;10;9,159890746;12;11,0786379;11,5006876;1,06521629;0,576489806;0
13613;15;15,66486228;29,5;10,38903352;11,50106621;1,079359427;1,89915216;0
13614;15;5,169303546;7,666666667;9,036084225;11,50142097;0,978195083;0,196334004;0
13615;15;16,60428405;28,5;10,8086851;11,5014801;1,374203424;2,603316903;0
13616;15;21,11517841;31,83333333;10,13207211;11,50158978;1,528885559;3,189778924;0
13617;15;26,68544932;39,83333333;10,72197155;11,50195122;1,62330215;4,343296766;0
13618;10;5,193897332;7,888888889;14,12436297;11,50218105;0,904193623;0,192402124;0
13619;15;21,29564555;71;9,326962613;11,50330925;2,286032584;8,773832917;0
13620;15;16,59685751;26;11,73105603;11,50378513;1,267707469;1,834354639;0
13621;10;10,66580465;19,83333333;10,06509703;11,50440502;1,051577754;0,884127855;0
13622;15;11,41617725;13;10,41280188;11,50443268;1,162634527;0,92434597;0
13623;15;13,10408666;22,5;10,19841128;11,5059166;1,226970281;1,581298709;0
13624;10;24,53545025;38,33333333;9,451391378;11,5064497;1,25829272;1,796739459;0
13625;15;6,311595346;6,333333333;10,98416877;11,50651264;1,070105711;0,232302785;0
13626;15;11,99300277;14,16666667;10,28913332;11,50732708;1,18753734;1,000691772;0
13627;15;14,52072974;30,5;8,808532072;11,51029587;1,357862218;2,210965037;0
13628;10;15,66470484;24,66666667;8,447235519;11,51031494;1,061611618;1,249549747;0
13629;10;15,05670164;26,66666667;11,09693135;11,51169682;1,387665306;2,029795408;0
13630;10;8,29436625;10;11,19398447;11,51177883;1,035316102;0,497245908;0
13631;10;9,960568529;13,5;9,651326355;11,51611137;1,07053614;0,570853233;0
13632;10;4,827109738;5,166666667;7,753221346;11,51632595;0,950133044;0,013210893;0
13633;15;15,16330864;24,16666667;10,03554727;11,51646233;1,392730373;2,13475275;0
13634;10;7,681077554;7;9,641151043;11,51945305;1,042613818;0,2683146;0
13635;15;8,49983694;13,16666667;9,199566159;11,51971817;1,025854746;0,686543584;0
13636;15;24,77723611;44,66666667;9,090958407;11,52137947;1,395869254;3,420289993;0
13637;10;4,949254883;5,166666667;11,22900376;11,52253246;1,000329056;0,025054336;0
13638;15;5,86025431;6,833333333;13,94976082;11,52253819;1,027416591;0,387036085;0
13639;15;7,255306199;15;12,72065823;11,52314854;1,183269164;1,158000708;0
13640;15;20,34568378;43,66666667;10,52607309;11,523839;1,588910863;3,24601686;0
13641;10;22,0399538;28,83333333;10,97110979;11,5243206;1,411324093;2,355784774;0
13642;15;20,33171677;37,33333333;9,955437357;11,52512836;1,654810351;3,910784245;0
13643;15;28,35631367;50,33333333;9,829847269;11,52706337;1,647137754;5,168372869;0
13644;15;11,68022996;19,16666667;10,82029051;11,52762508;1,150244058;0,843577385;0
13645;15;15,49727499;20;10,23615718;11,52801609;1,230024116;1,778921008;0
13646;15;26,72793993;53,33333333;10,05976669;11,52804947;1,515974895;4,401885509;0
13647;15;21,71552766;40,83333333;9,604156853;11,52863312;1,607947411;3,757330894;0
13648;15;27,33655157;39,33333333;10,93745115;11,5290575;1,754981433;4,663785458;0
13649;15;17,41539996;18,66666667;10,69605952;11,52912712;1,304003427;1,966145515;0
13650;15;24,14315786;45;10,39485994;11,52923012;1,769681093;4,710153222;0
13651;15;18,7307237;41,83333333;8,880370175;11,53045654;1,425009869;2,982140183;0
13652;15;21,06907769;42,5;11,84229077;11,53242779;1,727007439;5,417812347;0
13653;15;10,13297411;13,16666667;10,9963378;11,53246212;1,139438458;0,74275744;0
13654;15;10,07171382;18,83333333;13,19800636;11,5325222;1,260625677;1,736973286;0
13655;10;12,16967325;21,83333333;10,54024691;11,5327549;1,005467279;0,998957276;0
13656;15;13,71176114;19,33333333;9,955798864;11,53424835;1,240227642;1,2767905;0
13657;10;10,20334387;17,5;10,80984779;11,53452206;1,045412447;0,817927837;0
13658;15;5,261463359;20;10,79780326;11,5349369;1,193454146;1,278500319;0
13659;15;14,93397656;29;9,977053017;11,5351944;1,254005548;1,974270105;0
13660;15;5,346948022;20;11,04665806;11,53600502;1,265844517;2,216454983;0
13661;15;7,215523106;8;8,989601612;11,53619862;1,029903292;0,365699053;0
13662;15;16,03655572;27;10,7900516;11,53731632;1,472057895;2,505528688;0
13663;15;10,19326723;11,83333333;10,67396999;11,53930759;1,129941317;0,835667014;0
13664;10;7,984679655;7,666666667;9,966142127;11,53940392;1,026028695;0,32019937;0
13665;15;14,50786884;14,16666667;10,67200254;11,54049206;1,163503732;1,134443879;0
13666;15;25,28813775;40;11,81128302;11,54168606;1,919527574;5,612721682;0
13667;10;8,765350058;9,5;11,48064639;11,54222584;1,079616408;0,358290792;0
13668;15;6,304895854;13;13,39427214;11,54264164;1,023797092;0,159182787;0
13669;15;13,94754767;25,83333333;9,790923384;11,54267597;1,311789071;1,912623763;0
13670;10;5,397457394;5,333333333;11,8377238;11,54278278;0,898431394;0,044260144;0
13671;15;11,49387364;16,33333333;9,87282714;11,54280281;1,187876945;1,166452765;0
13672;15;7,21889849;8,166666667;9,613665779;11,54316616;1,087856272;0,341283083;0
13673;15;12,39309017;16;10,58970035;11,54317951;1,184220259;1,700730085;0
13674;15;11,12981051;23,16666667;11,17695986;11,54393101;1,154737634;1,433423042;0
13675;15;11,53072305;17,5;11,37314825;11,54417706;1,196707426;1,302666187;0
13676;15;18,36375733;45,33333333;10,86038678;11,54461479;1,272327939;3,073764801;0
13677;10;18,97455083;14,5;11,46440822;11,54479504;1,135444181;1,051861286;0
13678;10;13,43063506;18,83333333;11,1323471;11,54578876;1,134299183;0,888918638;0
13679;15;4,566354876;5,166666667;12,21793244;11,54704285;1,015780468;0,044125557;0
13680;15;11,3593254;22,33333333;10,30126582;11,54791927;1,091891767;1,270544648;0
13681;10;18,30178061;30;11,48661138;11,54804993;1,208820736;1,908127427;0
13682;15;3,940505245;8,833333333;10,43937274;11,54870033;1,117135107;0,60383153;0
13683;10;16,43455979;22,83333333;11,18728312;11,55008316;1,227833875;1,73857367;0
13684;15;5,917891442;6,5;12,52367999;11,55192947;1,055574604;0,364593387;0
13685;15;22,17610075;38;9,978769056;11,55284786;1,598133027;3,82951355;0
13686;15;6,021266143;8,5;11,14917284;11,55313301;1,153880453;0,37779367;0
13687;10;14,33197024;13,66666667;11,17411515;11,55344105;1,100441931;0,975699186;0
13688;15;14,46319183;20,5;10,93981324;11,5541048;1,333788523;1,860551238;0
13689;10;19,63666124;28,66666667;11,08916093;11,55639744;1,484244266;2,57530427;0
13690;15;24,92036674;72,5;9,320333708;11,55674553;1,047175822;3,946974754;0
13691;15;3,603662941;5,833333333;12,39454737;11,5568285;0,99542098;0,151542187;0
13692;15;18,38587533;44,66666667;10,60484257;11,55685234;1,73619583;4,049586892;0
13693;15;14,57824031;31;10,5215458;11,55793858;1,362523414;2,202936649;0
13694;15;16,45783299;21,83333333;10,65951419;11,55937767;1,523612505;2,134325385;0
13695;15;17,87039182;23;11,68822859;11,56283951;1,326419731;2,33169651;0
13696;15;15,50985086;21,83333333;10,23055062;11,5632925;1,504145311;2,081739426;0
13697;15;8,415794471;9,333333333;8,182140016;11,56332016;1,023519216;0,563289165;0
13698;10;13,95861014;29,83333333;9,379833536;11,56364441;1,059110011;1,589425445;0
13699;15;16,06822193;25;10,31689243;11,56503582;1,314784634;2,217765689;0
13700;15;9,40686853;14,5;12,20118538;11,5652113;1,08619317;0,963366866;0
13701;15;12,05089698;14,66666667;10,39654603;11,56622982;1,130442987;1,007738829;0
13702;10;6,000078752;5,666666667;10,79382546;11,56719017;1,009735696;0,120846868;0
13703;10;5,871128239;6,5;10,88437439;11,56744099;1,004585887;0,140161633;0
13704;10;17,4914497;35,5;10,68141389;11,56795692;1,543209059;3,214157224;0
13705;15;8,654751845;9;11,81775453;11,56813526;1,086083421;0,787604928;0
13706;15;13,20778892;20,16666667;9,348973016;11,56906891;1,262483056;1,49903059;0
13707;10;9,387149092;7,833333333;11,33848684;11,56907463;1,074696853;0,427636862;0
13708;15;12,70777648;19,5;10,14975185;11,56947327;1,175217342;0,965196252;0
13709;15;15,09127184;27,33333333;10,41759375;11,5712328;1,412190745;2,331864834;0
13710;10;8,005094323;9,5;11,09916134;11,57435226;1,031195578;0,366836786;0
13711;15;16,84275273;46,83333333;10,50453532;11,57467461;1,262357768;2,023390174;0
13712;15;18,06857851;24,66666667;10,18937108;11,57472324;1,410656882;2,531009078;0
13713;15;5,969360089;7,166666667;11,72617234;11,57547951;1,029772633;0,319300294;0
13714;15;8,46655568;30,83333333;12,13306517;11,57608509;1,478660963;2,676220894;0
13715;10;11,02281269;9,166666667;9,757356944;11,57647896;1,121937041;0,66055119;0
13716;10;10,73324635;22,83333333;11,79014891;11,57685184;1,005591294;1,047422171;0
13717;15;19,07890014;34,66666667;10,89625372;11,57722378;1,59935263;3,247324944;0
13718;10;11,79872535;14;11,87164728;11,58070183;1,113659848;1,215613604;0
13719;10;6,289927295;6,5;11,34633764;11,5813427;1,006497671;0,231821299;0
13720;15;18,44540031;49,5;10,1695924;11,58152008;1,58521339;3,918864727;0
13721;15;12,38923556;30,16666667;9,350878498;11,5830698;1,455535995;2,709100008;0
13722;15;9,042244153;13,66666667;12,54865932;11,58471584;1,175037165;1,267317176;0
13723;15;11,85452996;19,5;9,45179971;11,58608627;1,137637689;1,186532021;0
13724;10;4,234704394;11,66666667;10,34305116;11,58666992;1,080405984;0,747207284;0
13725;10;16,67030361;44,33333333;12,63083462;11,58669949;2,308425898;5,686799169;0
13726;15;15,62256866;30;9,409635029;11,58854103;1,391611161;2,296039224;0
13727;10;12,61310168;19,16666667;11,117331;11,58868313;1,249304037;1,28456378;0
13728;10;10,4399628;9,666666667;8,711025092;11,59014225;1,06644463;0,478241086;0
13729;15;4,637897671;5,166666667;11,04270053;11,59048843;1,01186449;0,170275807;0
13730;15;21,6541217;30,16666667;11,37376233;11,59127426;1,376879748;2,814236999;0
13731;10;6,37573759;6,833333333;12,59463622;11,59252548;1,005663703;0,107231379;0
13732;10;5,676445963;7;6,47460912;11,59356976;1;0,129483938;0
13733;15;10,2915416;10;10,48277249;11,59357452;1,092675971;0,678861856;0
13734;10;18,0424356;46,5;11,97711458;11,59775543;1,218599321;3,031531453;0
13735;15;14,84921235;25,66666667;9,251509398;11,59891415;1,284716661;1,69259274;0
13736;15;15,23061371;28;10,06878443;11,60013866;1,256544348;2,000569105;0
13737;15;19,88596369;38,16666667;10,18494834;11,60087967;1,643784748;3,809549212;0
13738;10;26,41932711;39,5;9,678326664;11,60176945;1,347793833;2,942374825;0
13739;10;11,40003042;16,33333333;9,23046529;11,60481548;1,00235249;0,780421257;0
13740;10;19,64670747;39,33333333;10,89609888;11,60657597;1,306653629;1,762000442;0
13741;10;9,848054911;9,833333333;10,62942419;11,60726929;1,020051599;0,420160174;0
13742;15;29,54946371;51,16666667;10,06320579;11,60732937;1,956262275;6,113950253;0
13743;15;15,52041162;27,5;9,902506744;11,60916233;1,350410751;2,888708711;0
13744;10;8,265342405;9,666666667;9,834015387;11,60977364;1,050765369;0,430839539;0
13745;10;8,473624318;8,5;10,22727825;11,61015129;1,129809824;0,380860925;0
13746;10;11,63341982;10,33333333;11,18150542;11,61053276;1,121177691;0,707481146;0
13747;15;6,367487872;12,66666667;11,7328146;11,61070251;1,007673224;0,122670174;0
13748;15;6,270934582;5,666666667;10,49085021;11,61204433;1,042437298;0,234452724;0
13749;15;14,07536437;23,83333333;10,24464316;11,61442566;1,291341617;1,711792111;0
13750;15;9,50200757;12;8,124249564;11,61460114;1,112083182;0,756269217;0
13751;15;7,929977655;13,66666667;11,15880074;11,61573029;1,121846987;0,692830563;0
13752;15;5,838815058;10;10,42820127;11,61624718;1,005965329;0,062116385;0
13753;15;18,81652487;35,5;11,28206572;11,61651802;1,359072881;2,933981657;0
13754;10;5,631117053;5,833333333;10,66293044;11,61698723;1,022588139;0,103632689;0
13755;15;14,55113475;20,33333333;10,12971251;11,61862183;1,293085927;1,706003428;0
13756;15;5,805523671;6;13,94199605;11,61884212;1,05498716;0,46717298;0
13757;10;5,674041273;6;12,49258487;11,61931133;1,013037014;0,126466513;0
13758;10;4,688136997;16,5;8,79462325;11,62018204;1,171883331;0,937695146;0
13759;10;11,00700776;18;9,98604416;11,62119579;1,014551738;0,810174704;0
13760;10;5,651329765;5,666666667;12,47237955;11,62213898;0,699119126;0,021002293;0
13761;15;8,372247485;18;11,40215219;11,6225481;1,272819073;1,449507117;0
13762;15;4,557689183;13,83333333;11,63269981;11,62425232;1,185338583;1,308330655;0
13763;10;13,471927;14,33333333;10,95025926;11,62489128;1,157086087;0,842113018;0
13764;15;13,33348401;37;12,8083607;11,62793541;1,670776904;3,973155379;0
13765;15;14,68685554;35,83333333;11,19792921;11,62817097;1,612494267;3,762469172;0
13766;15;9,689045778;8,5;9,776372157;11,62933731;1,075310413;0,681701779;0
13767;15;14,83582999;22,5;10,23470552;11,63099289;1,248317988;1,670096755;0
13768;15;15,57516758;16,16666667;10,36142036;11,63177109;1,135304086;1,359125495;0
13769;10;10,45582921;13,16666667;9,762029614;11,63223648;1,056283331;0,740746975;0
13770;15;6,304466066;13,83333333;10,43665306;11,63234043;1,020612418;0,061794758;0
13771;15;17,59173782;33,16666667;10,08568411;11,63363361;1,347884504;2,571071386;0
13772;15;13,35306495;13,16666667;9,804469827;11,63415623;1,182350349;1,097805858;0
13773;10;6,125969646;6,833333333;10,1945483;11,6356535;1,012456721;0,182524204;0
13774;15;13,16599517;28,5;12,03643108;11,63619995;1,351964543;2,54555738;0
13775;15;21,09789397;27,16666667;11,02780202;11,63643074;1,413420742;2,777257085;0
13776;15;8,140335911;11,16666667;9,856776596;11,63660908;1,111343865;0,702827692;0
13777;15;12,95714104;17,33333333;11,99259453;11,63691902;1,184594891;1,427301764;0
13778;15;18,38530931;20,83333333;10,29423219;11,63803291;1,31207035;1,868401527;0
13779;15;17,56263348;33,16666667;10,58688547;11,63868809;1,344001436;2,577163696;0
13780;10;5,292999795;6,333333333;7,646718737;11,64012527;1;0,087658167;0
13781;10;13,88181956;28,83333333;8,956706563;11,64024925;1,102226638;1,588731647;0
13782;15;17,77340667;33,33333333;10,71788927;11,64034748;1,427649072;3,016771197;0
13783;15;5,556417768;24,83333333;11,78127579;11,64038181;1,240635672;1,384239197;0
13784;10;8,202514005;10;8,525407592;11,64042091;1,021962747;0,270352364;0
13785;15;18,14197573;31,16666667;11,2207494;11,6424818;1,583918559;3,235460758;0
13786;15;26,45211489;55,33333333;9,636849204;11,64256859;1,72995097;5,364645004;0
13787;15;14,83390872;22;9,251719217;11,64420223;1,258525729;1,724523187;0
13788;15;7,118593996;9,833333333;12,29863542;11,64448071;1,025267297;0,497301817;0
13789;15;6,881919114;39,33333333;11,95661373;11,64523983;1,453133358;2,741673589;0
13790;15;19,57361549;22,66666667;10,36306999;11,64576244;1,347877848;2,161245704;0
13791;10;7,37423067;8;8,373171007;11,64766407;1,035456567;0,253433585;0
13792;10;19,35306809;27,5;12,47434754;11,64789677;1,439971004;2,777515054;0
13793;15;30,07112118;41,33333333;9,897365235;11,64797115;1,978494131;5,274520993;0
13794;15;22,22545077;31;10,14760166;11,64834976;1,503434384;3,081288695;0
13795;15;13,00415261;20,33333333;11,62924318;11,64892864;1,306827079;2,060623527;0
13796;15;3,536127205;6,666666667;12,28398395;11,64978409;1,05447836;0,229373574;0
13797;15;8,940839377;13,16666667;13,54885611;11,65075016;1,187658302;1,329853177;0
13798;15;10,49704992;24,16666667;8,242342961;11,65596676;1,060211187;1,071734905;0
13799;15;19,06718016;29,16666667;10,47971344;11,66004467;1,468446551;2,923042417;0
13800;15;29,24476436;45,33333333;11,15639331;11,66079617;1,431906628;4,552073836;0
13801;15;15,3679937;26;9,089625423;11,66099072;1,292113617;1,931159496;0
13802;15;3,281755438;5,166666667;11,47650062;11,66189098;1,001220722;0,036487341;0
13803;10;16,14985086;14,66666667;12,17842931;11,66287708;1,200020965;1,384732842;0
13804;10;7,601255805;7,666666667;11,87349485;11,66340828;1,034082785;0,313728213;0
13805;10;3,861981775;7,5;8,05509087;11,6648531;1,003258889;0,19221139;0
13806;10;11,10663293;11,5;11,05412597;11,66699696;1,062855746;0,62875104;0
13807;15;4,116837802;5,166666667;11,54787923;11,66793633;1,000491642;0,011322141;0
13808;10;7,544590561;11,5;8,507485051;11,66859818;1,003922708;0,399069667;0
13809;10;14,07968109;37,66666667;8,420642688;11,66885662;1,762044049;3,281473756;0
13810;10;4,786306724;5,166666667;12,45622249;11,66940594;0,793323702;0,014380932;0
13811;15;4,392812598;10,33333333;10,52895441;11,67096424;1,323572073;0,677947879;0
13812;#N/A;16,578324;21,16666667;10,87116093;11,67105865;1,134621209;1,396932006;0
13813;10;5,356803156;5,5;8,194585628;11,67234325;1,002298641;0,061279535;0
13814;15;3,958779877;12,16666667;11,5245141;11,67319107;1,197295645;1,141966701;0
13815;10;14,7554038;17,5;9,127839553;11,67464352;1,120513097;0,840301871;0
13816;15;13,32875375;20,83333333;10,50329787;11,67575264;1,255778759;1,332807183;0
13817;15;4,268311405;5,222222222;12,79904406;11,67820358;1,00237315;0,037045121;0
13818;15;32,00488291;52,5;9,738261678;11,68017006;1,862532026;5,90777266;0
13819;15;14,46422837;30,66666667;8,976091259;11,68051147;1,361416836;2,471963167;0
13820;15;18,22619291;26,16666667;11,30910463;11,68075466;1,405799457;2,504769444;0
13821;15;25,39976555;49,83333333;9,975365499;11,68080997;1,916378514;5,627391696;0
13822;15;22,09377973;39;10,4242005;11,68144417;1,677742698;4,104787111;0
13823;15;3,418346967;5,833333333;13,04525379;11,68327999;1,00579283;0,055135012;0
13824;10;8,336057286;13,66666667;7,685329748;11,68351841;0,999992078;0,52742219;0
13825;15;18,63637241;39,16666667;9,897739831;11,68445778;1,741238792;3,988288641;0
13826;15;3,726347299;6,166666667;12,25442681;11,68463326;1,002259425;0,1161623;0
13827;15;15,91163459;25,5;9,504161228;11,68532562;1,563622365;2,560331345;0
13828;15;4,346726172;5,666666667;14,48197775;11,68636894;1,017635085;0,153224111;0
13829;10;7,912436958;10;10,38748626;11,68821716;1,159403831;0,401146531;0
13830;15;16,15135214;23,16666667;9,762588842;11,68881226;1,324714365;1,982311249;0
13831;10;5,885616859;6,333333333;7,008000024;11,68918133;1,001574586;0,121431589;0
13832;15;18,09166415;27,16666667;10,10682601;11,68928623;1,362277034;2,31309998;0
13833;15;15,14097431;19,83333333;11,3932178;11,69064045;1,358498374;2,127471328;0
13834;10;9,849617766;17;11,45317123;11,69118214;1,047935045;0,771387339;0
13835;15;3,229180006;5,166666667;8,909502228;11,6923933;0,960762743;0,047446132;0
13836;10;19,07501582;27,16666667;11,06016804;11,69242096;1,174098856;1,787118673;0
13837;15;17,85339888;25,5;11,24383264;11,69371891;1,446667151;2,690536976;0
13838;15;17,13387835;31,33333333;9,930352005;11,69415474;1,283521786;2,391868114;0
13839;15;12,09614868;26;10,19728552;11,69553089;1,192241132;1,649201274;0
13840;10;16,55679254;21,5;10,79179584;11,69592857;1,240906106;1,562223315;0
13841;15;21,89322998;30,16666667;11,21043547;11,6960001;1,606631426;3,757594705;0
13842;10;27,69253339;61,5;8,352599215;11,69716835;1,139252262;3,708355546;0
13843;10;8,659952454;5,666666667;10,43902697;11,69871616;0,820416958;0,080180883;0
13844;15;6,193789656;9,333333333;11,87466066;11,69885254;1,024818559;0,447219968;0
13845;10;17,7469226;23,5;11,72222785;11,70081043;1,29630236;1,80015111;0
13846;15;17,69802152;35,33333333;12,02659975;11,70197105;1,533119342;3,448006272;0
13847;10;5,593471449;5,833333333;9,779137805;11,70352459;1,004634291;0,101622701;0
13848;15;7,100628794;7;9,719251971;11,70419025;1,066730335;0,344418406;0
13849;15;8,991260381;12,16666667;12,05154181;11,70514488;1,153574079;0,971625447;0
13850;15;6,702008715;14,33333333;10,94358869;11,70807552;1,180197162;1,407750726;0
13851;10;21,59435823;47;10,71806098;11,70885372;1,542603127;3,817834139;0
13852;10;12,19644372;61,16666667;12,20625078;11,70956612;1,403749414;4,588195324;0
13853;15;11,46537197;30,83333333;10,68160699;11,7101841;1,462971721;2,647028685;0
13854;10;11,58358522;13,16666667;10,56864171;11,71043873;1,171983654;0,884404898;0
13855;15;8,013457529;11,5;9,272959873;11,71079063;1,03151526;0,611922622;0
13856;15;13,11139297;49,83333333;10,84505908;11,71265602;1,69507239;4,731727719;0
13857;15;14,57562197;18,66666667;9,638266203;11,71380997;1,316473479;1,752158642;0
13858;15;8,215305591;8,833333333;8,483684857;11,71509075;1,082378123;0,507050157;0
13859;10;13,94476677;11,66666667;12,05379285;11,71778584;1,024502602;0,653620124;0
13860;15;4,420402388;8;13,83544717;11,71891308;1,038638099;0,608135104;0
13861;15;8,735828149;24,5;14,30919504;11,71940804;1,405672163;3,096722841;0
13862;10;12,90783389;21,5;9,295267304;11,71977711;1,07129441;1,071776152;0
13863;10;13,17831893;18,66666667;11,71872298;11,72076225;1,194305853;1,195041776;0
13864;15;16,90056719;25,66666667;9,951045751;11,72114372;1,267990496;1,998586297;0
13865;15;15,35462455;30,83333333;9,090818396;11,72226048;1,160169191;1,835188985;0
13866;15;9,094109593;10,16666667;10,74456451;11,72385406;1,077921635;0,617858768;0
13867;15;15,37709905;22,16666667;11,3674878;11,72460079;1,237503484;1,954583287;0
13868;15;7,712998166;9,5;12,44879273;11,72559166;1,143573044;0,738748193;0
13869;15;14,10325842;24,83333333;10,7449736;11,72649956;1,319069571;1,977501273;0
13870;15;27,94726773;46;11,14635894;11,72674942;1,833971807;5,382077575;0
13871;15;22,82025512;30,5;11,48173787;11,72707272;1,59386289;3,578678727;0
13872;15;14,75861417;25,33333333;10,39552752;11,72754478;1,286633192;2,091723323;0
13873;15;5,658638114;9,833333333;12,00617133;11,72803402;1,133867977;0,834367871;0
13874;10;4,348572124;12,33333333;10,83796379;11,7285471;1,112751637;0,717270017;0
13875;15;4,116666296;7,666666667;11,72973743;11,72860909;1,025212128;0,371313334;0
13876;10;7,332031528;16,33333333;9,773542664;11,73008442;1,175184492;0,912760377;0
13877;15;6,158559926;6,5;12,20031674;11,73153305;1,004661705;0,240515351;0
13878;15;22,95152147;37,66666667;13,58689709;11,73286915;1,821759948;5,165803194;0
13879;10;16,29533774;22,33333333;10,5308719;11,73304176;1,195322084;1,424234629;0
13880;15;5,642997428;6,5;8,676571086;11,73482132;0,969756712;0,232578278;0
13881;10;11,42932106;17,33333333;9,184879831;11,73498344;1,086226306;0,896256685;0
13882;15;7,74002719;11,33333333;9,457769654;11,73579121;1,109192222;0,656113029;0
13883;15;7,361964605;19,83333333;11,97304994;11,73592091;1,244184237;1,56608212;0
13884;10;10,36823361;11,66666667;9,354698087;11,73671436;1,068970242;0,633073449;0
13885;15;14,93092104;14,83333333;10,18135522;11,73823547;1,182381798;1,288699865;0
13886;10;8,191864388;20,83333333;10,49077628;11,73997974;1,075755044;1,19812727;0
13887;10;11,09611427;12,83333333;12,03109189;11,74007702;1,095901823;0,819233656;0
13888;15;19,37774196;37,33333333;10,65239042;11,74081898;1,625882547;3,868330598;0
13889;15;9,567787712;8,5;10,76451338;11,74128819;1,058879575;0,469774246;0
13890;15;8,042710081;12;11,82586782;11,74176693;1,155329743;0,677156091;0
13891;15;8,455840807;14,33333333;11,10243725;11,74276638;1,068542354;0,765832424;0
13892;10;9,130481523;12,5;10,38418279;11,744627;1,078307921;0,62080586;0
13893;10;16,65754706;25,33333333;12,48991287;11,74535656;1,359514264;2,227324128;0
13894;15;4,603193773;5,5;11,35810702;11,74567604;1,009697106;0,100305676;0
13895;15;13,09241108;18,33333333;10,8864808;11,74579716;1,256644254;1,588750362;0
13896;15;11,87486927;18;10,42567908;11,74707794;1,143267147;1,223320246;0
13897;10;13,47727458;15,66666667;10,42691443;11,74861431;1,208567286;1,180213213;0
13898;15;8,012914106;7;11,98506623;11,75052834;1,046552778;0,453183413;0
13899;15;21,68665222;30,5;10,44525273;11,75070953;1,47890445;2,982268929;0
13900;15;9,191137478;9,333333333;8,527449696;11,75100613;1,077849565;0,548952699;0
13901;10;7,083865412;5,833333333;10,5319729;11,75325298;1,01349974;0,136534095;0
13902;15;5,922391547;7,333333333;11,86337912;11,75391388;1,026978045;0,208821416;0
13903;15;20,09265947;39;11,62227235;11,75449944;1,357180256;3,465127587;0
13904;10;10,48862997;12;12,02750763;11,75451183;1,155531565;0,770929694;0
13905;10;20,74056139;30,66666667;10,89915229;11,75558853;1,139488248;1,958087087;0
13906;15;18,90407366;70,83333333;12,86192833;11,75656986;2,359253355;9,27989459;0
13907;10;6,540181963;7,833333333;8,174436071;11,75691795;1,001637807;0,124285221;0
13908;15;16,59646925;30,83333333;11,2592413;11,75774097;1,3839662;2,580777287;0
13909;10;9,326110387;10,83333333;10,49685817;11,75804138;1,094327152;0,666079521;0
13910;15;4,217883648;5,333333333;8,016424067;11,76061535;0,965442603;0,036260962;0
13911;15;11,0470686;15,5;9,569622298;11,76134777;1,106205179;1,088720679;0
13912;15;20,51287336;34,83333333;11,23596207;11,76199913;1,646995036;3,880121112;0
13913;15;21,68628799;26,66666667;10,71720573;11,76221657;1,396427993;2,659112811;0
13914;15;7,025929445;7,833333333;10,88544285;11,76389217;1,059615838;0,440961123;0
13915;15;10,64795946;14,33333333;11,1023429;11,76399517;1,160128891;1,212780237;0
13916;15;8,778604797;27,16666667;13,66913055;11,76432705;1,457805997;3,068276763;0
13917;15;7,788373647;6,833333333;13,09827887;11,76458931;1,222772355;0,876626968;0
13918;15;14,54323901;16,33333333;10,03071617;11,76611042;1,277314526;1,350167155;0
13919;15;8,13768151;17,16666667;11,1603715;11,76738262;1,072504373;0,917703748;0
13920;10;21,72626624;31;10,74242149;11,76797771;1,403395443;2,065446019;0
13921;15;12,94641243;24,83333333;11,52651982;11,76809311;1,276398269;1,903603554;0
13922;15;15,99891597;29,26229508;9,915102744;11,76836681;1,288405079;1,850055695;0
13923;15;15,7177959;20,83333333;11,62230438;11,76956558;1,305939999;1,984146237;0
13924;15;31,68462543;70,83333333;9,756398616;11,77096748;1,750379282;6,76718688;0
13925;15;4,990103222;10,66666667;10,95685654;11,77299213;1,044885241;0,601929903;0
13926;10;10,47613912;13;10,48985539;11,77325726;1,062009991;0,67908299;0
13927;15;9,912612113;8,833333333;11,40468587;11,77527428;1,121186902;0,709100723;0
13928;10;6,42081098;9,833333333;9,546497973;11,77530766;0,868826201;0,245176196;0
13929;15;8,988402191;15;10,86846816;11,7753458;1,091318765;0,918861032;0
13930;15;24,81357123;28,66666667;11,0418914;11,77674866;1,553652051;3,535390973;0
13931;15;4,651292254;19;11,42826526;11,77991295;1,160403433;1,414995313;0
13932;15;21,98735303;31,5;9,777169729;11,78076839;1,589137659;3,216641426;0
13933;15;10,14112753;13,33333333;11,49308475;11,7823534;1,170641495;1,173151135;0
13934;10;14,80629524;20,83333333;10,6930673;11,78236389;1,30723227;1,507131577;0
13935;15;9,089509229;12,83333333;11,21002965;11,78373241;1,153356053;0,863819242;0
13936;10;4,788314082;5,166666667;12,83189928;11,78398132;0,984678464;0,031995654;0
13937;15;31,02733781;75,5;11,18882434;11,78402042;1,302273138;5,519618392;0
13938;10;13,7685358;21;10,71085578;11,78526497;1,272234402;1,51157546;0
13939;15;8,673490463;9;8,104308469;11,78653049;1,079202697;0,517302394;0
13940;10;12,34969609;14,83333333;11,35773844;11,78946972;1,174760934;1,01813972;0
13941;15;8,396746264;13,33333333;11,10094624;11,7898016;1,122432936;0,874931574;0
13942;15;11,75524784;19,33333333;10,76593279;11,79007912;1,196842226;1,432004333;0
13943;15;16,01041956;34,66666667;10,35748483;11,79009914;1,462192274;2,884536386;0
13944;15;10,22459799;22;11,98740494;11,7905798;1,282825188;1,712248206;0
13945;15;13,64933426;17,16666667;12,05066655;11,79214096;1,189677013;1,637020826;0
13946;15;16,46115835;21,5;9,445748801;11,79335308;1,273258568;1,730547786;0
13947;10;10,42533693;11,66666667;9,893964523;11,79486942;1,144864987;0,700825691;0
13948;10;8,674655663;7,5;8,494560927;11,79664707;1,031707509;0,331193447;0
13949;15;18,81348106;22,33333333;11,4651259;11,79712772;1,41690485;2,541161537;0
13950;10;10,53003021;13;9,819968636;11,79722023;1,045234792;0,707829714;0
13951;15;23,71802224;33,16666667;11,34323738;11,79734516;1,549885832;3,833667994;0
13952;15;5,384297314;10;11,74530043;11,79860592;1,037586621;0,609464645;0
13953;15;23,15521488;42;10,95290321;11,80016708;1,577236642;4,107972383;0
13954;15;10,68751469;14,33333333;10,13420411;11,80067348;1,20742695;1,034595609;0
13955;15;9,425209703;12,5;13,32729911;11,80118942;1,175024775;1,042513371;0
13956;15;19,50963781;36,16666667;9,116650592;11,80125999;1,394524822;2,933964849;0
13957;15;27,18388674;40,66666667;11,60567759;11,80242062;1,82233765;5,230807304;0
13958;10;11,28847852;20,83333333;10,98115324;11,80286503;1,112248543;1,209074259;0
13959;15;21,1477081;37,83333333;10,538723;11,80318928;1,555629034;3,783195257;0
13960;15;21,15043175;34,16666667;11,57652738;11,80416107;1,319052475;3,470970988;0
13961;10;10,11703002;12,16666667;10,91301045;11,8042469;1,047479607;0,599006653;0
13962;15;5,341894967;6,5;8,799681234;11,80669022;1,017902166;0,158534288;0
13963;10;21,96242947;34,5;10,13763447;11,80734921;1,301848837;2,733597279;0
13964;15;24,71446076;49,83333333;10,396455;11,80805969;1,68333815;5,001602292;0
13965;10;13,28414501;17,33333333;10,26706228;11,80829144;1,154791245;1,064544201;0
13966;15;19,5973748;27,83333333;9,893279206;11,81157589;1,544875918;2,857787251;0
13967;15;12,897536;57,5;10,96030213;11,81419563;2,136276943;7,437791109;0
13968;15;26,2779764;36;11,03660794;11,81503201;1,554459264;3,967781305;0
13969;10;19,17664286;38,33333333;11,37859044;11,81535912;1,230005023;2,638792038;0
13970;10;4,96357892;5,333333333;12,75393316;11,81606674;0,977935298;0,051692247;0
13971;15;9,24671182;8,666666667;10,59119277;11,81668854;1,06154312;0,602435589;0
13972;15;27,43193108;43,16666667;11,6944253;11,81711769;2,002253207;6,046257615;0
13973;10;9,520929453;10,66666667;10,62596316;11,81761551;1,008720541;0,488538742;0
13974;10;6,774970763;8,166666667;11,35769691;11,81858158;1,022049152;0,110563636;0
13975;15;12,99415159;26,5;11,70655677;11,81984711;1,197089164;1,430710793;0
13976;10;15,1310127;25,16666667;12,55699878;11,82236099;1,232344881;1,721994877;0
13977;15;11,27139678;23,66666667;11,20885614;11,8223896;1,41937217;2,550405502;0
13978;10;5,298670019;5,5;11,1004879;11,8226366;1,003146025;0,074599266;0
13979;15;22,67891678;40,66666667;11,19479504;11,82279587;1,897356771;5,212292671;0
13980;10;10,40835129;13,66666667;9,545498472;11,8231144;1,05367211;0,692729592;0
13981;15;8,006292932;20,66666667;10,44884411;11,82319164;1,282745685;1,27329278;0
13982;10;11,60330583;15,33333333;10,14106325;11,82405281;1,1022336;0,707053304;0
13983;10;8,602791191;12,33333333;11,05713113;11,82429695;1,005321503;0,563471198;0
13984;10;5,887927723;8,666666667;10,04403367;11,82434464;1,017468434;0,270524979;0
13985;15;22,36665404;37,83333333;10,51828196;11,8253231;1,741024179;4,36094296;0
13986;10;8,379619856;9,166666667;10,09653761;11,82796764;1,044477001;0,417176366;0
13987;15;3,284955598;5,5;10,21100282;11,82850838;0,904375418;0,059077621;0
13988;10;11,16678824;12,83333333;9,484919257;11,82854462;1,07525541;0,766078234;0
13989;15;4,608739905;8,666666667;11,26190905;11,82956505;1,038902705;0,474245429;0
13990;15;7,388300622;15,33333333;12,49348835;11,83165264;1,035324437;0,305410266;0
13991;10;5,622027705;6,166666667;11,60938292;11,83173561;1,000527229;0,109741688;0
13992;10;20,67767089;39,5;9,559670591;11,8331337;1,123430163;2,322271705;0
13993;15;6,424973082;9,5;10,82467933;11,83550549;1,031572549;0,410280585;0
13994;15;7,676479886;11,16666667;10,9253861;11,83567524;1,193689205;0,719926;0
13995;10;3,604361761;5,833333333;8,856901514;11,8359766;0,917784959;0,071179867;0
13996;15;15,25820235;16,83333333;10,77568722;11,83753109;1,25625445;1,478843331;0
13997;20;18,97648691;33,66666667;9,720091942;11,83785629;1,763472517;4,038756132;0
13998;10;15,35376419;23,5;10,15126135;11,84102821;1,159308079;1,387343884;0
13999;15;3,613924789;6,333333333;11,59190529;11,84149742;0,998681792;0,116569877;0
14000;10;5,892172059;7,666666667;11,78582799;11,84210873;1,000185244;0,137197852;0
14001;15;30,40102081;39,83333333;10,8832877;11,84307575;1,600374894;5,002258062;0
14002;15;18,47391594;31;9,73488325;11,84343433;1,510975854;2,964768052;0
14003;15;7,122414613;8,333333333;8,778197196;11,84344482;1,087962947;0,453689098;0
14004;10;4,940614273;5,333333333;12,82841753;11,84416389;0,794221255;0,028331876;0
14005;10;12,11140297;15,5;10,19900575;11,8455534;1,027783857;0,882014632;0
14006;15;8,506970197;15,16666667;10,27139189;11,84719944;1,115647516;0,818307042;0
14007;10;9,293274497;9,166666667;11,62457346;11,84758663;1,058931875;0,54159236;0
14008;10;14,54691319;17;9,297780526;11,84819603;1,127847039;1,148074508;0
14009;10;14,70069953;16,66666667;9,788699625;11,84991169;1,230764844;1,219587922;0
14010;15;12,04971069;24,5;9,70006178;11,85029602;1,180370353;1,411673665;0
14011;15;8,251739632;6,166666667;11,03085646;11,85092258;1,077139428;0,372778296;0
14012;15;20,56151616;36;8,751411191;11,85164261;1,393737561;3,14827776;0
14013;15;20,31479115;27,83333333;11,20587806;11,85206318;1,534019141;3,139539242;0
14014;15;11,05037857;16,5;9,884789556;11,85208797;1,229576871;1,218818665;0
14015;15;6,331357417;6,666666667;10,66215984;11,85493851;1,04754512;0,25860846;0
14016;15;14,49535287;20,83333333;10,1246925;11,85592651;1,188975048;1,233717084;0
14017;15;17,6539087;24;11,46883262;11,85600853;1,391779891;2,721791387;0
14018;10;4,734516654;9,333333333;10,458964;11,85625839;1,042607984;0,45033133;0
14019;10;17,49852911;36,16666667;10,72933716;11,8576889;1,42746965;2,858811975;0
14020;10;11,57686996;17;11,56324658;11,85796165;1,074510936;0,905012965;0
14021;10;15,01306075;24,33333333;10,77453414;11,85813618;1,17938201;1,449062943;0
14022;10;16,64365774;27,83333333;9,655133619;11,85874462;1,013270099;1,592934728;0
14023;15;12,52079379;19;11,34735114;11,8594656;1,287418792;1,700573325;0
14024;10;6,827776012;5,833333333;11,42552484;11,86024475;1,035506192;0,18217051;0
14025;15;3,684487506;11,83333333;10,46709156;11,86041355;1,138447744;0,953230739;0
14026;15;19,59010954;34,16666667;9,690434337;11,86042976;1,973380886;4,197149634;0
14027;10;13,73867569;12,66666667;10,5606172;11,86207008;1,074123891;0,729485631;0
14028;15;16,12484669;25;10,53458402;11,86303425;1,394174845;2,105125904;0
14029;15;6,688484511;46,33333333;10,33240471;11,86893749;1,559968124;4,854408741;0
14030;10;9,814771552;12,16666667;12,38862014;11,86896515;1,099437004;0,709826708;0
14031;15;16,43314407;19,66666667;11,4895831;11,87052631;1,29320794;1,756148815;0
14032;15;16,2708719;16;10,48837221;11,8724699;1,223430955;1,51783371;0
14033;10;8,615315724;10,83333333;13,67941861;11,87253761;1,123871609;0,735660434;0
14034;15;18,06773685;16,66666667;13,23142036;11,87331867;1,317182004;1,86554563;0
14035;15;18,95401041;32,16666667;10,46770047;11,87777424;1,492274985;3,052249312;0
14036;15;15,05868897;28,5;10,92531591;11,87893486;1,629278617;2,99458456;0
14037;10;15,11463564;17,66666667;10,9219874;11,88035297;1,165074158;1,32399261;0
14038;15;30,49059862;52,5;9,946043233;11,8817091;1,970118023;6,31630218;0
14039;15;8,546633015;17;11,81321609;11,88480377;1,015042033;0,811206579;0
14040;15;14,50977273;36,5;11,33249779;11,88547611;1,746155652;4,66820085;0
14041;15;14,47847314;22;11,12354489;11,8860302;1,388255416;2,023030639;0
14042;10;6,616860277;6,666666667;10,50335421;11,8866291;1,011495834;0,166695476;0
14043;15;7,412068953;16,33333333;12,25208987;11,88757038;1,307364251;1,954880357;0
14044;15;8,139337718;9;9,292846223;11,88783455;1,072309707;0,517628908;0
14045;10;13,66661278;15,16666667;10,80062099;11,8879652;1,248629896;1,241464019;0
14046;15;7,668999421;15,5;13,98601025;11,89056396;1,164720616;1,100747108;0
14047;15;14,71441915;29;10,65768813;11,89112473;1,308310213;2,245961189;0
14048;10;12,23999568;15;10,13705777;11,89141941;1,15761411;0,943925738;0
14049;15;6,936357661;7,166666667;11,95358301;11,89239216;1,077182576;0,546834588;0
14050;15;9,826122918;15,83333333;11,24664891;11,89269257;1,15877314;1,098120093;0
14051;10;9,64405141;18,33333333;11,34930679;11,89272594;1,265477859;1,364479423;0
14052;15;19,50028334;31,83333333;10,69000497;11,8929739;1,607095169;3,499791384;0
14053;15;13,99353411;23,66666667;8,988512667;11,89642048;1,303704604;1,870723963;0
14054;15;11,90579609;19,33333333;11,27069555;11,89728355;1,273244411;2,118635178;0
14055;15;14,28694579;28,83333333;9,093976451;11,89754295;1,217887911;1,97610414;0
14056;15;6,963775479;7;11,21527487;11,89799976;1,097059359;0,473147273;0
14057;15;11,81592954;16,66666667;11,04806108;11,89803314;1,211021433;1,07098484;0
14058;10;10,34830788;11,33333333;10,29887843;11,89803791;1,101507115;0,658056498;0
14059;15;15,35662459;20,5;10,27461618;11,90049648;1,322739339;1,819469333;0
14060;15;17,64978122;27,5;11,67074999;11,90115261;1,41729446;2,828957796;0
14061;15;10,42399946;17,33333333;10,5306867;11,90138245;1,129449702;1,141435504;0
14062;15;12,12585107;18;11,97221103;11,90189838;1,246358115;1,769623637;0
14063;10;15,9634243;27;8,867375214;11,90241432;1,1866607;1,696917534;0
14064;10;9,477964116;9,833333333;11,45323533;11,90264225;1,098065014;0,581434846;0
14065;10;5,164318831;14,11111111;10,21727713;11,90280056;1,113147637;0,450176477;0
14066;10;4,631277715;20;10,81148176;11,90332317;1,216257803;1,435666919;0
14067;15;8,513508596;9,666666667;11,29997522;11,9038763;1,083231458;0,681507111;0
14068;10;11,40465526;15,16666667;8,685501187;11,90391541;1,088588782;0,76913476;0
14069;15;17,45573051;25;11,56491559;11,90500546;1,417707068;2,516758323;0
14070;15;14,76252833;38,16666667;11,63507831;11,90962029;1,915858259;5,546079278;0
14071;10;19,85110077;28;9,549825672;11,91166306;1,237172226;1,80359447;0
14072;15;17,35133681;22,5;10,37744704;11,9117012;1,146024507;2,104675412;0
14073;15;4,450190658;11,16666667;9,551450938;11,91452026;1,151846877;0,807465553;0
14074;15;22,23114724;40,66666667;11,00306041;11,9157095;1,634630309;4,245618463;0
14075;15;29,92552719;40,33333333;11,90775088;11,9171133;1,844002067;5,76500988;0
14076;15;23,28297473;43,83333333;10,00957671;11,9193697;1,497032004;3,851132274;0
14077;15;18,47178478;26;10,02613755;11,91944504;1,421444936;2,427881002;0
14078;10;5,482884783;5,833333333;10,91823757;11,91964149;1,065765696;0,098048568;0
14079;15;17,99035273;28,66666667;10,00703258;11,92060947;1,353301453;2,035293698;0
14080;15;17,68445581;35,81967213;10,32445111;11,9224205;1,542797417;3,297887921;0
14081;15;14,46633255;27,5;12,28846935;11,92324924;1,427759094;2,509605169;0
14082;10;21,15450264;48,33333333;10,26707765;11,92411327;1,375003901;3,507393956;0
14083;15;5,476875947;13,66666667;12,4857095;11,92429733;1,170092383;2,053366423;0
14084;15;17,00303938;22;10,91527234;11,92475033;1,393105269;2,197405338;0
14085;15;15,63587774;27;10,62518696;11,9250288;1,393046454;2,38092351;0
14086;15;4,85400403;5,666666667;10,14857012;11,92512608;1,033106148;0,107311249;0
14087;15;18,80710566;30,66666667;10,09117367;11,92648506;1,496808723;3,09782505;0
14088;10;10,49857051;8,833333333;9,344499026;11,92687893;1,085535008;0,536218524;0
14089;15;13,47353627;27;11,74865217;11,92751026;1,292577177;2,066032529;0
14090;15;27,56986229;55;10,05147502;11,92962456;1,788541425;6,040267229;0
14091;15;7,886677778;9;11,62281349;11,930583;1,03434712;0,521711826;0
14092;15;5,275351181;6;9,647905141;11,93231773;1,030136454;0,173533797;0
14093;15;3,257485519;6,5;11,4553819;11,93358612;1,032958373;0,305815101;0
14094;10;4,764727476;5,166666667;10,76229375;11,93398952;0,978407695;0,013042331;0
14095;15;8,444435139;9,333333333;11,50881287;11,93442154;1,120933394;0,706175447;0
14096;15;18,82124488;40,33333333;11,4691813;11,93448162;1,603309153;3,487215281;0
14097;15;11,37418338;22;13,64090693;11,93494606;1,463052143;2,518250465;0
14098;15;16,85940268;32,16666667;12,017541;11,93584156;1,101794707;2,325033784;0
14099;15;6,658801581;6,833333333;11,56493303;11,93641853;1,112492311;0,454428911;0
14100;15;7,712816461;10;10,9997167;11,93659401;1,153796751;0,567510605;0
14101;10;13,93804352;28,33333333;11,86236385;11,93931484;1,050402497;1,51786828;0
14102;15;17,2492263;30,5;9,858040357;11,94003391;1,432413413;2,758144379;0
14103;15;10,96756771;33,66666667;11,15627605;11,94100857;1,450728726;3,015331626;0
14104;10;11,39567778;17,5;12,35866975;11,94154263;0,806054596;0,660734534;0
14105;15;11,93313088;16,33333333;11,42151456;11,94223595;1,20741809;1,371868134;0
14106;15;13,17387101;20;10,45477007;11,9434824;1,176749434;1,417987823;0
14107;15;13,89517322;23,66666667;9,55736817;11,94354439;1,184176722;1,607833624;0
14108;15;17,12779597;35;10,02212563;11,94506931;1,285305668;2,430857658;0
14109;15;31,31945509;59,16666667;9,315968399;11,9467783;2,10797613;7,387267828;0
14110;15;5,359328632;6,833333333;11,64280834;11,94728756;1,132704635;0,261730313;0
14111;15;7,70378882;11,66666667;10,55651651;11,94851303;1,035559832;0,594824195;0
14112;15;22,30725376;38,33333333;11,16926889;11,94939232;1,620303586;4,063062906;0
14113;15;16,24649227;26,16666667;9,41636094;11,95216084;1,312897569;2,172019601;0
14114;15;8,464908114;9;12,24860011;11,9529705;1,057975503;0,44295454;0
14115;15;17,2788406;20,66666667;11,73516216;11,95320415;1,314748559;2,452640295;0
14116;15;15,41056895;20,83333333;11,44457971;11,95640659;1,207583334;1,323134422;0
14117;15;8,613813015;10;10,96851827;11,95870304;1,058598847;0,475306869;0
14118;15;10,47845948;16,5;12,04129562;11,9593811;1,291990837;1,553564668;0
14119;10;14,10019978;19,33333333;11,97265793;11,96001434;1,189805829;1,330907702;0
14120;15;6,782226088;10,16666667;9,700792546;11,96057892;1,00660499;0,445236921;0
14121;10;5,075774875;5,333333333;10,95869133;11,96103287;1,040176049;0,049873948;0
14122;10;11,83061491;36,5;8,618043211;11,96294117;1,345842395;2,574240446;0
14123;15;24,8555236;53,83333333;10,42830967;11,96399403;1,943786307;5,651726007;0
14124;15;16,75850855;31;10,50212354;11,96413994;1,392652688;2,699696183;0
14125;10;10,6148773;15,83333333;11,18455274;11,96469688;1,129269152;0,78673017;0
14126;10;5,582498543;5,833333333;11,60062041;11,96473026;1,031077822;0,132924676;0
14127;15;43,10591713;71,5;9,22411385;11,9653368;1,828040074;7,801515818;0
14128;15;8,700690416;9,333333333;11,57769514;11,96612644;1,096726783;0,622506261;0
14129;15;5,834888921;6,333333333;11,41994096;11,96723652;1,055869544;0,262521148;0
14130;15;14,20165409;19,66666667;11,4882728;11,96746254;1,279961938;1,763570547;0
14131;15;13,79175018;15,16666667;11,22976546;11,96818542;1,193249534;1,49083817;0
14132;15;15,58665016;28,83333333;11,02435294;11,96912956;1,24455598;2,62556541;0
14133;15;14,72423495;22,66666667;10,21536626;11,96929073;1,299862385;2,048582315;0
14134;10;7,0192945;9;9,914440932;11,9700098;1,038946153;0,346625686;0
14135;10;5,590604989;5,833333333;9,106827409;11,97080135;0,978656724;0,086896181;0
14136;15;8,90634154;14;11,59072593;11,97373772;1,121206792;0,928200006;0
14137;15;6,602331944;7,333333333;10,44145876;11,97654152;1,071320575;0,401619077;0
14138;15;8,50897107;12,66666667;9,827542242;11,9765749;1,083726565;0,777762771;0
14139;15;32,3975463;54,11111111;10,55255759;11,976614;1,651789022;4,412100077;0
14140;15;29,23249943;67,83333333;9,920576098;11,97694206;1,884768254;7,229538202;0
14141;15;25,37933621;39,33333333;10,950006;11,98095608;1,785185583;5,032636762;0
14142;15;16,57406271;33,16666667;10,12938002;11,98217869;1,364472946;2,759859443;0
14143;10;9,500575301;15,16666667;11,32246028;11,98239517;1,058809337;0,294617295;0
14144;10;12,60353853;21;9,702938856;11,98353767;1,075163943;0,755579591;0
14145;10;7,986711184;11,5;10,37556359;11,98449898;1,087620242;0,629657745;0
14146;10;10,611175;11,33333333;10,05905624;11,98606682;1,085953452;0,633765221;0
14147;15;14,31652406;21;11,33103543;11,98637676;1,25258615;1,856659174;0
14148;15;11,69327446;14,5;9,184196625;11,98785973;1,193269323;1,176788688;0
14149;10;7,556743337;10,83333333;11,16116036;11,98795891;1,007794162;0,191433311;0
14150;10;6,950335416;7,666666667;11,45229659;11,98954773;1,108097227;0,239973664;0
14151;15;7,082216042;29;10,93514951;11,99061108;1,518381821;3,077229977;0
14152;15;11,18695021;29,66666667;9,865489096;11,99182987;1,51454111;3,045565248;0
14153;15;28,0508966;51,83333333;11,57747862;11,99200058;1,808946222;6,144891381;0
14154;15;15,22683179;30,33333333;11,37742704;11,99239635;1,123029975;1,931859612;0
14155;15;12,71088237;19,66666667;10,96900788;11,9934473;1,160973307;1,399179816;0
14156;10;22,40761562;30,33333333;11,68490156;11,99477863;1,468516214;3,02068913;0
14157;15;18,46110571;27,83333333;10,60090345;11,99582291;1,496723098;2,939537168;0
14158;15;10,05301368;14,33333333;10,58127192;11,99649525;1,114428765;1,052354455;0
14159;15;5,079164567;8,166666667;9,795101229;11,99667549;1,000436421;0,216370702;0
14160;15;17,34279675;22,66666667;11,55370847;11,99773026;1,323070605;2,442139149;0
14161;10;11,78499263;18,5;10,042131;11,99889088;1,162628637;1,124720097;0
14162;15;23,14984675;27,5;11,22838681;11,99911976;1,53325821;3,406012416;0
14163;15;12,89855266;16,66666667;10,73584116;11,9999342;1,166852641;1,404645801;0
14164;15;16,72535863;23,83333333;9,95017822;12,00422287;1,368120273;2,210687637;0
14165;15;8,294562354;10,33333333;12,40975761;12,00432777;1,116262243;0,933869839;0
14166;10;15,25413897;21,33333333;11,48197486;12,00485992;1,192530762;1,454499125;0
14167;15;18,15273739;28,33333333;10,75039796;12,0055418;1,451708686;2,628844142;0
14168;15;17,91300304;29,33333333;10,97017232;12,00717258;1,505494641;2,969623208;0
14169;10;4,825581944;5,166666667;9,517639458;12,00767899;0,96722935;0,03075707;0
14170;15;8,2750283;8,833333333;10,63403884;12,00820732;1,06915288;0,623343706;0
14171;15;23,18734892;31,55737705;11,15401444;12,00940418;1,57313006;3,606707692;0
14172;15;19,63070491;31,66666667;11,41215699;12,00960445;1,557872373;3,154561162;0
14173;10;16,55501076;15,16666667;13,62706758;12,01036167;1,250864182;1,478130937;0
14174;15;21,73390103;30,5;8,243151215;12,011796;1,365453846;2,55048728;0
14175;10;12,27237032;20,16666667;11,82155798;12,01257229;1,063203693;1,094246268;0
14176;15;13,71118262;17,83333333;10,33138892;12,01335526;1,28605186;1,868242145;0
14177;10;9,254528318;8;11,82778758;12,01349735;1,057594968;0,457523823;0
14178;15;9,457867119;11,16666667;11,61610527;12,01466179;1,143476707;0,958042502;0
14179;15;19,73677675;29,33333333;10,48806011;12,01568127;1,465808539;2,981894612;0
14180;15;19,50379844;38,16666667;11,10258831;12,01581669;1,566215401;3,7338866;0
14181;15;23,5179139;53,16666667;9,587103897;12,01617336;1,657388923;4,919797778;0
14182;10;5,606041435;5,5;12,32193711;12,01955128;1,00197924;0,163207889;0
14183;15;7,275579984;8,833333333;10,93913534;12,0226078;1,113746389;0,530696511;0
14184;10;4,635750974;5,350877193;12,89546891;12,02335453;0,957775894;0,090707541;0
14185;15;15,77176907;22,83333333;11,44402882;12,02654457;1,322732463;1,978025317;0
14186;15;10,89012797;19,75409836;13,14630028;12,02717781;1,129311921;1,443867922;0
14187;15;13,5582967;21,16666667;10,44316279;12,02750206;1,277479617;1,941909432;0
14188;10;15,728783;23,66666667;10,14205273;12,02987766;1,247368848;1,586116433;0
14189;10;8,113722308;10;11,11787146;12,02988338;1,094685522;0,465923429;0
14190;10;29,40826558;35,66666667;11,61436153;12,0299015;1,50748969;3,761609912;0
14191;10;7,091549284;11,33333333;11,20709226;12,02999783;1,068060588;0,350895405;0
14192;15;7,788665977;12,83333333;12,0559254;12,03138447;1,094004988;0,727847457;0
14193;15;7,471143819;10,16666667;12,85485136;12,0318222;1,081732571;0,720312238;0
14194;15;14,49912998;22;10,7348455;12,03187752;1,311228403;1,956920266;0
14195;10;19,12845971;47,83333333;11,48526594;12,03196526;1,552230533;4,085162759;0
14196;15;16,41475189;22,16666667;10,13439753;12,03504753;1,333520557;2,04715693;0
14197;15;4,558850981;5,5;11,24951032;12,03588581;1,005458558;0,110471606;0
14198;10;6,700835741;7,833333333;10,21634939;12,03616905;1,008888836;0,242977262;0
14199;10;9,437230862;10,5;10,41600781;12,03747463;1,131565182;0,574271321;0
14200;15;5,108665217;5,666666667;13,4526085;12,03777695;1,052488902;0,210599899;0
14201;15;19,25407446;30,66666667;11,0700256;12,03867817;1,435430641;2,880066633;0
14202;10;5,538177488;6,5;10,84982287;12,04031849;0,994906269;0,096439004;0
14203;10;16,8898174;28,66666667;9,280381572;12,04036045;1,192018565;1,561555147;0
14204;10;4,328129709;8,833333333;10,87204186;12,04534531;1,00091221;0,24420929;0
14205;10;30,82338624;38,5;9,930864963;12,04658699;1,533275883;3,628264427;0
14206;10;10,43518026;16,83333333;9,32617909;12,04781342;1,122333854;0,781499982;0
14207;15;11,46964424;21,16666667;12,59300101;12,04875088;1,197660865;2,153138638;0
14208;15;5,837750118;6,5;11,6888699;12,04985237;1,030632672;0,454827428;0
14209;15;11,18825136;21;11,97246279;12,05058193;1,222877174;1,282390356;0
14210;10;8,067175751;18,66666667;11,50536751;12,05195522;1,229411232;1,3270787;0
14211;15;8,15883836;9,333333333;10,0340295;12,05276871;1,052898364;0,627934217;0
14212;15;9,129974591;12,5;10,76783827;12,05292511;1,560303761;1,104994059;0
14213;15;14,9822593;29,5;11,28577591;12,05292606;1,318548587;2,368583202;0
14214;15;14,59455092;18,16666667;10,22631963;12,05376816;1,252573272;1,439447284;0
14215;10;9,24779654;11;10,56886031;12,05385494;1,138727352;0,574564219;0
14216;10;13,22797454;14,16666667;11,32154099;12,05443096;1,16858704;0,913065553;0
14217;15;31,27687535;46,83333333;10,37390127;12,05488586;1,814720074;5,131098986;0
14218;15;5,631936603;10,66666667;11,05390266;12,05507088;1,088853651;0,598989248;0
14219;10;12,01722337;20,5;10,00070052;12,05611515;1,08535106;1,162456989;0
14220;15;12,2005304;20;10,5302031;12,05628395;1,14113988;1,437485456;0
14221;15;15,90128696;40,16666667;12,38488322;12,05632973;1,428879083;3,30227077;0
14222;15;5,921601771;8,5;10,61810695;12,0573864;1,062693794;0,384243131;0
14223;15;24,41046936;47,83333333;9,490374307;12,06153584;1,380758822;3,96210134;0
14224;15;5,139851228;17,16666667;11,11375223;12,06194115;1,253836542;1,637570262;0
14225;15;12,51560206;15,83333333;11,32700786;12,0645113;1,231924321;1,341190815;0
14226;10;10,46773062;26,33333333;10,35428145;12,06577015;0,959260933;1,294574261;0
14227;10;13,36476058;17,16666667;13,81020331;12,06661701;1,144920184;1,340791941;0
14228;15;10,90225324;11,16666667;11,49501396;12,06829834;1,15585569;1,057853222;0
14229;15;14,80170885;28,16666667;11,39985787;12,06906033;1,404985456;2,439261079;0
14230;15;4,146065334;14,83333333;8,20049493;12,06908798;1,093086286;0,829771638;0
14231;15;4,904482821;10;14,73566194;12,06969738;1,102896112;0,667221308;0
14232;15;6,946327886;10;8,765333055;12,06972027;1,029345877;0,258500338;0
14233;15;11,65451875;18,5;10,37537775;12,06981754;1,17348422;1,391613245;0
14234;15;4,100351117;21,33333333;10,50826715;12,07072639;1,278458385;1,762904882;0
14235;10;8,82958442;9,5;11,18624531;12,07086372;1,048946997;0,510511041;0
14236;15;14,39092298;31,83333333;8,194778291;12,07108974;1,302659156;2,21001339;0
14237;10;8,395004131;10,33333333;10,0333497;12,07155895;1,136174531;0,531727433;0
14238;15;7,777707792;10,16666667;10,55546655;12,07465553;1,133087326;0,650161862;0
14239;15;10,97919798;21,83333333;10,913616;12,07473278;1,158952104;1,257019877;0
14240;15;6,76512787;10,33333333;13,58873153;12,07476902;1,138557814;1,251561046;0
14241;15;9,477653692;17,66666667;10,30521866;12,07478905;1,064942984;1,003094912;0
14242;15;5,203264358;23,33333333;11,82106401;12,07554531;1,404614342;2,551590204;0
14243;15;11,67633535;12,33333333;11,38448384;12,07628918;1,202300382;1,265409231;0
14244;15;8,065174371;18,66666667;14,95362553;12,07854748;1,297156165;2,651442051;0
14245;10;7,500698631;5,666666667;12,1920797;12,07904339;1,006955901;0,085255623;0
14246;10;16,55519444;30,66666667;12,1924653;12,08017445;1,281104082;2,32083106;0
14247;10;6,781685133;6,833333333;10,62150494;12,08138371;1,001013198;0,19434464;0
14248;15;4,728914826;5,833333333;13,6465563;12,08328056;0,980651047;0,147104859;0
14249;15;16,5399228;26,33333333;10,22675439;12,08435059;1,357659297;2,214347839;0
14250;15;38,629708;81;9,220790616;12,0844059;1,612744851;7,510772705;0
14251;10;17,07761959;21,5;10,67862018;12,0866127;1,225812216;1,640689135;0
14252;15;9,129726054;20,66666667;12,19113758;12,08821869;1,19963402;1,452948093;0
14253;15;17,91771797;25,83333333;10,8586025;12,08844757;1,410179159;2,436980128;0
14254;15;7,496620734;8,666666667;11,40155878;12,088974;1,06806091;0,508635402;0
14255;15;18,19012097;23,66666667;11,31132932;12,08907032;1,377453914;2,614116549;0
14256;10;7,041427182;8,833333333;11,61619101;12,08965778;0,981109206;0,292812824;0
14257;15;5,265191478;6,666666667;10,95486003;12,0900526;1,018272672;0,355075598;0
14258;15;13,81027789;19,5;11,12340187;12,09041023;1,432179141;2,046612024;0
14259;15;11,29082395;8,666666667;11,42831052;12,090518;1,113436517;0,619416833;0
14260;15;19,25087357;29;10,05362082;12,09185696;1,498766723;2,851002216;0
14261;15;13,02598442;16,83333333;11,18498667;12,09271145;1,228109892;1,758804083;0
14262;10;6,216855948;7;13,06718842;12,09400845;1,007093714;0,067953944;0
14263;15;11,87279697;21,33333333;10,98604879;12,09516335;1,253906726;1,630603433;0
14264;15;14,12804316;21;10,37517888;12,09579754;1,276825728;1,768158317;0
14265;15;17,9544505;27,66666667;10,47120101;12,09670258;1,411103424;2,664633512;0
14266;15;17,96173665;32,16666667;11,25376689;12,1011343;1,454766365;3,222155213;0
14267;10;8,777959255;13,16666667;12,68388371;12,10177326;1,12836888;0,727212191;0
14268;10;10,98086577;13,5;10,40961484;12,10257626;1,109644771;0,853533387;0
14269;10;10,50967139;16,55555556;8,555004977;12,10338306;1,01910649;0,585883617;0
14270;15;5,921845285;22,16666667;10,80041168;12,10460377;1,271693891;1,809007883;0
14271;15;18,21256383;29,5;10,56273682;12,10510445;1,439335083;2,89269805;0
14272;15;15,32263593;23,5;11,53500741;12,10659885;1,30468154;2,152442932;0
14273;15;14,98035135;33,33333333;9,562817683;12,10845375;1,054487973;2,293137074;0
14274;15;12,40149403;23,22222222;11,43293901;12,10915279;1,175202246;1,678675532;0
14275;15;5,184603925;6,333333333;11,6907902;12,11092854;1,052823963;0,234946251;0
14276;15;7,590320029;9,5;10,44583199;12,11544514;1,09331223;0,588619471;0
14277;15;24,37839731;47,5;10,34157739;12,11587429;1,480208286;4,093797088;0
14278;15;24,25607922;40,66666667;10,11063946;12,1170969;1,750998956;4,516925812;0
14279;15;9,475470841;18,5;6,873259916;12,11742592;1,068193002;0,940702319;0
14280;10;14,56967675;27,16666667;10,85718128;12,11786366;1,037066989;1,365259767;0
14281;10;34,50378454;69,5;7,804367025;12,11821079;1,343737528;5,174919963;0
14282;15;15,90353733;27,66666667;7,961736771;12,11863041;1,093455822;1,760612011;0
14283;15;3,588302943;14,16666667;11,18106317;12,1190691;1,212288337;1,043513775;0
14284;10;12,35383769;18,33333333;11,94032573;12,11958408;1,1521129;1,233019114;0
14285;15;21,10796112;51,16666667;11,02580911;12,12022781;1,674664144;4,757581472;0
14286;10;11,76931297;15,33333333;9,504187653;12,12166882;1,086644548;0,849511623;0
14287;10;10,19221474;18,83333333;10,48164476;12,12195492;0,881460408;0,808590531;0
14288;10;18,4251704;27,5;7,657222114;12,12307549;1,106152079;1,764561415;0
14289;15;13,06429151;16,33333333;10,91112373;12,12465096;1,27625014;1,222279429;0
14290;15;20,21916878;49,66666667;10,26100423;12,12499046;1,945379576;5,565994978;0
14291;15;7,115183964;6;11,69515179;12,12621212;1,042142683;0,26570785;0
14292;10;11,17259553;15,16666667;9,768869119;12,12726879;1,056768779;0,879586816;0
14293;15;14,55247314;21;11,97799529;12,12897587;1,214023204;1,868471503;0
14294;15;16,44241536;22,5;10,24291553;12,1295929;1,339117337;2,076131225;0
14295;10;11,61809822;14,83333333;10,26734728;12,13058376;1,10842706;0,671234846;0
14296;15;10,75632221;13,33333333;10,65825019;12,13087273;1,170816597;1,180657029;0
14297;10;9,133742232;12,5;9,636501475;12,13240528;1,011426168;0,559847951;0
14298;15;20,15811672;23,66666667;11,86502405;12,13267517;1,332070207;2,705322385;0
14299;10;10,9909938;13,16666667;12,09553342;12,13301659;1,051737112;0,782311678;0
14300;15;9,952624155;9,5;10,16455224;12,13374329;1,055741443;0,555888534;0
14301;15;27,29814804;46,16666667;9,416874668;12,13379383;1,404990319;4,13341701;0
14302;15;5,297117907;11,16666667;12,67955426;12,134161;1,065676013;0,963194251;0
14303;15;14,11962684;21,83333333;10,08590278;12,13418198;1,288924621;1,775221586;0
14304;15;11,07949269;15,66666667;10,23508703;12,13420296;1,122767899;1,121698856;0
14305;15;10,32957069;10,83333333;11,14467701;12,13436031;1,126339008;0,889315605;0
14306;15;5,44697314;9,833333333;14,77831782;12,13500118;1,142277561;0,908674717;0
14307;15;8,12674848;10,33333333;10,36550073;12,13566589;1,085598864;0,536496997;0
14308;15;8,148643453;8,833333333;12,96005653;12,13569069;1,201461184;0,673518181;0
14309;10;14,41171908;23,66666667;10,02004682;12,13589096;1,130970833;1,437767386;0
14310;15;17,09225891;36,5;9,927223587;12,13637161;1,391970436;2,965574026;0
14311;15;26,27785519;49,66666667;10,87721024;12,1368103;1,900245711;6,08246243;0
14312;15;24,44558636;53;10,11510411;12,13683891;1,713496825;5,354468346;0
14313;15;16,74830926;44;11,6689875;12,1387558;1,682315916;5,343594193;0
14314;15;14,76466585;27,83333333;9,502035868;12,13918114;1,348045925;2,307530522;0
14315;15;31,88087398;48,83333333;11,44477747;12,13934326;1,913499136;6,721244574;0
14316;10;10,87619569;10,66666667;9,47465085;12,13981819;1,065681547;0,618592381;0
14317;15;24,77132358;44,16666667;9,618248611;12,14082146;1,725032709;4,58733201;0
14318;10;12,04726014;19,83333333;11,77714462;12,14118004;1,082686537;1,172402978;0
14319;15;26,2258751;35,33333333;11,289175;12,14124966;1,868880703;5,030211926;0
14320;15;19,47390337;21;10,58167691;12,14492702;1,380963065;2,423752189;0
14321;15;14,76043102;17,33333333;9,710731767;12,14810562;1,257972827;1,497216463;0
14322;10;8,837393077;9,166666667;8,754929134;12,14874935;1,048287921;0,441953301;0
14323;15;23,42684648;34,5;10,5228328;12,15066433;1,524520601;3,559010386;0
14324;15;19,33652431;33,5;10,70308042;12,15127563;1,515377986;3,405337811;0
14325;15;7,785980322;10;11,59190758;12,15494156;1,071082031;0,578045249;0
14326;15;20,65465234;20,5;10,75930512;12,156847;1,239705645;1,935537577;0
14327;15;20,29992111;32,66666667;12,3157528;12,15767288;1,659299336;4,423518419;0
14328;10;11,61113093;18,66666667;10,06714486;12,158144;1,035847325;0,88266027;0
14329;15;4,753367053;31,22222222;10,72468288;12,1583252;1,523037319;2,3329072;0
14330;10;5,112740506;5,5;12,05525495;12,15847397;0,981695721;0,053869963;0
14331;10;11,18177909;8,833333333;12,66601663;12,15914726;1,109189092;0,770222068;0
14332;15;11,9173653;16,5;10,49695116;12,15938568;1,128356621;1,377499938;0
14333;15;12,61796921;19,83333333;11,48303316;12,15958023;1,269664417;1,783316374;0
14334;15;8,358128315;13,16666667;10,57280257;12,16148758;1,079187783;0,746168017;0
14335;10;5,152733266;6;11,34953584;12,16329288;1;0,026647687;0
14336;15;15,44418652;16,83333333;10,60931226;12,16564369;1,272564072;1,880280972;0
14337;15;24,15931883;47,16666667;9,892830402;12,1662674;1,654631808;4,795228362;0
14338;15;4,51796597;6,166666667;10,30495476;12,16744518;1,062784027;0,09565866;0
14339;15;13,09276246;14,5;10,87012037;12,16751099;1,161085467;1,183567286;0
14340;10;8,044316811;10;10,9511359;12,16895199;1,015612838;0,458046317;0
14341;15;16,28142063;19,16666667;10,96014579;12,1691761;1,362404751;2,083821774;0
14342;10;7,296387909;7;12,1484267;12,17133045;1,062988582;0,418071151;0
14343;15;6,97539275;7,166666667;12,93706083;12,1719265;1,09170102;0,604442954;0
14344;15;18,85459747;25;11,17765803;12,17205429;1,234085414;2,28958416;0
14345;15;10,94287257;18,16666667;10,17730826;12,17281532;1,155447787;0,848439455;0
14346;10;4,427765029;5,333333333;14,00759486;12,17389584;1,016373988;0,116836548;0
14347;15;6,539331497;6,666666667;10,75877894;12,17521954;1,027457606;0,263028383;0
14348;10;8,73772741;6,5;11,98773735;12,17599678;1,023814738;0,318930507;0
14349;15;5,383287878;22,16666667;9,346714634;12,17827606;1,285867388;1,762753129;0
14350;10;12,86433644;19,5;12,11574842;12,17892647;1,078293183;1,160638094;0
14351;10;4,741324264;5,222222222;12,02692701;12,1795702;0,800639751;0,013446212;0
14352;15;19,88668442;32,83333333;10,50995448;12,18253231;1,510570632;3,002695203;0
14353;10;42,96716157;86,83333333;9,892210853;12,18308163;1,552738981;7,523471713;0
14354;15;7,497387451;8,333333333;12,60836174;12,18318748;1,04311232;0,58588779;0
14355;15;4,083444494;7;11,37356102;12,18386173;1,014901483;0,261547685;0
14356;15;19,3535671;34;10,02904218;12,18392944;1,645271337;3,572456002;0
14357;10;8,972121392;9,5;9,450036477;12,18933296;1,035939388;0,466168761;0
14358;10;8,032710675;8,333333333;9,636474088;12,18984509;1,030777482;0,379802108;0
14359;10;13,21076021;13,33333333;9,329704957;12,19065666;1,078053897;0,830404282;0
14360;15;13,46461583;16,5;11,43237579;12,19213104;1,183729193;1,46435082;0
14361;15;24,63752084;40,83333333;12,43115219;12,19268703;1,903795726;5,736308813;0
14362;10;4,893227352;5,166666667;11,05170835;12,19313145;1,036033122;0,023278356;0
14363;15;13,19911431;18,33333333;10,86770493;12,19314861;1,291649793;1,571653843;0
14364;15;9,92347585;11,16666667;10,3136712;12,19335079;1,12000685;0,751006842;0
14365;15;20,06930621;31,5;10,42660798;12,19359016;1,403050689;2,918509245;0
14366;15;22,91775362;43,83333333;10,62471165;12,19384384;1,731630978;4,519740462;0
14367;10;7,59946943;11,5;10,9866024;12,19414234;1,074506812;0,493430138;0
14368;15;8,936713806;14;14,67910863;12,19556808;1,207948097;1,82059741;0
14369;15;21,0393459;35,5;10,70283894;12,19946384;1,500190161;3,332892418;0
14370;10;5,843297161;7;11,07433646;12,19998932;0,99802116;0,167237401;0
14371;10;20,58854021;35;9,207760169;12,20067501;1,190652749;2,153603315;0
14372;15;5,245537023;7,833333333;11,31402803;12,20178986;0,995040766;0,314030766;0
14373;10;13,05882417;21,5;9,718831872;12,20239735;1,188959951;1,366179585;0
14374;15;16,37224451;34,5;10,49107851;12,20301437;1,516375094;3,253921628;0
14375;15;7,332316531;12,83333333;9,691128442;12,20375061;1,067736936;0,63840425;0
14376;10;17,42915879;19,83333333;11,0123526;12,204072;1,277535556;1,672325492;0
14377;15;3,478068472;6,666666667;11,86357781;12,20446777;1,033686201;0,362689972;0
14378;15;17,7597537;26,5;10,14987924;12,2051096;1,357953615;2,401607513;0
14379;10;10,72592272;16,33333333;10,40919376;12,205863;1,091795106;0,841891766;0
14380;15;5,291893246;6,166666667;11,32682207;12,20635414;1,008678703;0,071537614;0
14381;15;8,02942304;10,5;10,6387992;12,20760727;1,065436345;0,701359749;0
14382;15;6,347028561;18,16666667;11,63291757;12,20802593;1,188895977;1,326264858;0
14383;15;25,43816797;39,5;11,27790224;12,20917511;1,699059133;4,947007895;0
14384;10;8,38022459;10,66666667;10,55935661;12,20969486;1,038936877;0,523441792;0
14385;15;19,79044949;30;10,86445091;12,2099638;1,527544865;3,27934587;0
14386;10;10,00534461;12,33333333;11,98101294;12,21021175;1,056372721;0,700394392;0
14387;15;5,897137401;5,833333333;14,16090973;12,21112442;1,059298658;0,397470355;0
14388;15;12,46886667;14,83333333;10,31746763;12,21568108;1,193534626;1,18562448;0
14389;15;13,03147543;10,33333333;13,70718538;12,21637154;1,198874218;1,049930334;0
14390;15;23,61845594;31;9,70783924;12,21652031;1,508330966;3,564408064;0
14391;15;14,26702753;18,5;10,3184153;12,21671104;1,304885371;1,664802313;0
14392;15;8,446199598;11,66666667;11,58339371;12,2168169;1,094915478;0,750107408;0
14393;15;8,932886237;9,166666667;10,85381328;12,21782494;1,152520715;0,751402974;0
14394;15;11,14057408;18,5;10,42163212;12,21804905;1,151387854;0,90939796;0
14395;15;11,55144264;20,16666667;11,39267896;12,22054863;1,168216513;0,806517124;0
14396;15;7,634547802;16,66666667;10,71817715;12,22122097;1,017900326;0,115900874;0
14397;15;4,395107457;5,666666667;9,752759181;12,22138596;1,029914779;0,102825284;0
14398;15;37,22503218;76,66666667;9,53071064;12,22150517;1,507399479;6,60109961;0
14399;10;5,420177008;6;10,8985244;12,22300148;1,000336804;0,101875067;0
14400;15;12,77386361;27,78688525;10,88899373;12,22398186;1,139482226;1,938208818;0
14401;15;16,46175869;29,16666667;10,13153093;12,22444057;1,460006462;2,548315287;0
14402;10;7,388943581;8,666666667;12,15103672;12,22509956;1,148155148;0,53117764;0
14403;15;12,86359167;12,66666667;10,75784759;12,22591305;1,201519949;1,140356898;0
14404;15;33,94246376;58,5;9,913895495;12,2261467;1,513925672;5,309687972;0
14405;15;15,58657108;25,83333333;10,6607175;12,22773838;1,388348993;2,334413409;0
14406;15;11,68732208;16,83333333;13,11738715;12,22783566;1,274227996;1,767173171;0
14407;15;8,182848727;12,33333333;11,62130191;12,22806931;1,097140736;0,897676706;0
14408;15;6,121116777;6,166666667;10,6986373;12,22845268;1,02537612;0,272722244;0
14409;15;9,435855476;10,83333333;9,244015273;12,22874928;1,086525381;0,627577424;0
14410;10;9,344713823;10,66666667;10,1526931;12,22934723;1,080273247;0,658489704;0
14411;10;8,912649112;13;11,17904374;12,23029137;1,063191874;0,66218698;0
14412;10;10,55405426;13;9,28963;12,23101521;1,126666804;0,797811747;0
14413;10;8,179042268;10,33333333;12,0904084;12,23443508;1,172271353;0,6374017;0
14414;15;19,91466501;34,16666667;11,11221101;12,23476696;1,427142419;3,344905615;0
14415;15;4,829855454;5,833333333;9,36696424;12,23497868;1,006518708;0,155840278;0
14416;15;14,57000548;18;11,02561651;12,235219;1,153348331;1,408065438;0
14417;10;11,34868993;13,83333333;10,0626043;12,23601818;1,030601781;0,740299821;0
14418;15;9,150257691;8;11,84091519;12,2360754;1,093799605;0,725689054;0
14419;10;11,26730257;14,16666667;8,992418247;12,23664188;1,091571925;0,598599434;0
14420;10;5,093678569;5,666666667;11,44827764;12,23766899;1,007625858;0,046449542;0
14421;15;10,14544752;19,83333333;11,94517429;12,23783398;1,127516887;1,328407526;0
14422;10;9,338444842;9,918032787;11,01228986;12,23790169;1,057449952;0,490675211;0
14423;10;5,377491892;5,833333333;13,64860011;12,23904037;1,001549481;0,092420816;0
14424;10;23,59420552;41;9,857361625;12,24092007;1,351921824;2,821458817;0
14425;10;10,51108363;14,5;12,24170408;12,24116802;1,123079103;1,018053412;0
14426;15;15,82535711;41,44444444;8,166089572;12,24223328;1,130407793;1,857140541;0
14427;10;10,90319887;13,83333333;11,55273161;12,24501324;1,132536503;0,964321256;0
14428;10;9,58074102;6,833333333;12,52813342;12,24559021;1,003689906;0,082591891;0
14429;15;5,852190276;6,5;9,099089401;12,24677467;1,032192711;0,257359266;0
14430;15;20,19581043;29,16666667;10,32840224;12,24765015;1,458690192;2,889516234;0
14431;10;5,949762808;8,666666667;11,69356627;12,2513237;0,924426637;0,22475636;0
14432;15;4,841842741;13,16666667;10,28394317;12,25143814;1,130041715;0,917891622;0
14433;15;10,39344694;21;10,59258237;12,25281429;1,188605046;1,423316598;0
14434;10;5,642802459;6,666666667;12,1319732;12,25330448;1,047098415;0,193613887;0
14435;15;22,04409869;44;10,7794008;12,25389671;1,442451583;4,028995991;0
14436;10;5,089684613;5,333333333;10,53062233;12,25481701;0,981758548;0,031921864;0
14437;10;14,92862421;19,33333333;10,10485834;12,25655937;1,142070642;1,212065101;0
14438;15;13,0425107;17,16666667;9,762775924;12,25694275;1,166019136;1,596200585;0
14439;15;6,216149604;7,5;12,03714394;12,25874043;1,073238812;0,509597659;0
14440;15;8,161545257;12,5;10,64553172;12,26049328;1,061707446;0,630082011;0
14441;15;10,25039709;15,5;11,20616139;12,26148891;1,175617599;1,068772674;0
14442;15;5,931867173;7,5;8,859335217;12,26221752;1,075472227;0,280393839;0
14443;15;3,443221797;5,333333333;13,30720731;12,26285172;0,978591111;0,080986261;0
14444;15;16,37256251;18,33333333;11,51131487;12,26417828;1,289232696;2,065256119;0
14445;15;4,961821204;6,333333333;10,72247942;12,26503086;1,003502758;0,117285728;0
14446;15;12,88435396;16,33333333;12,78299195;12,26752186;1,32472918;1,833148479;0
14447;15;28,30511686;57,33333333;8,835397206;12,26804447;1,978591551;6,694871902;0
14448;15;13,86489194;21,83333333;10,43310547;12,26988602;1,259599564;1,7647506;0
14449;10;7,864862072;5,666666667;9,547974561;12,27078915;0,735007973;0,050869226;0
14450;10;12,81617021;19,16666667;10,24250877;12,27161598;1,214423138;1,33708787;0
14451;10;10,73807455;11,83333333;10,43475801;12,27296543;1,130021346;0,778388739;0
14452;10;6,256239429;13,16666667;9,824799271;12,27360821;1,126192524;0,647693157;0
14453;15;5,586195723;6,333333333;10,69832481;12,27563095;1,020518812;0,179749608;0
14454;15;18,0709409;26,83333333;10,7533429;12,27732658;1,395095676;2,564015985;0
14455;10;9,387720804;12,33333333;11,38086769;12,27771091;1,066192074;0,680194139;0
14456;10;16,57615743;22;10,035947;12,27934647;1,209096623;1,213583708;0
14457;15;6,294989419;33,33333333;11,24889102;12,28062344;1,600291646;3,491111517;0
14458;10;9,530530227;10,66666667;11,31942409;12,28063869;1,04851483;0,622762442;0
14459;15;13,91279981;27;10,74326931;12,28121471;1,343217728;2,176797271;0
14460;10;6,052100203;7,333333333;12,77641808;12,2817421;0,934861026;0,189342976;0
14461;15;25,58138219;44,5;9,903830102;12,28216648;1,585768188;4,469295263;0
14462;15;17,69295605;23;12,12561589;12,28230762;1,429750832;3,013625383;0
14463;10;6,105778459;7,333333333;8,011913449;12,28390598;1;0,021281481;0
14464;15;9,616456013;11,66666667;12,66195943;12,28404427;1,124502313;0,863153696;0
14465;10;5,124688463;5,166666667;10,99882948;12,2849474;0,997163121;0,022649646;0
14466;10;12,63395383;12,33333333;11,11867201;12,28604889;1,080075792;0,790611744;0
14467;20;16,84802688;41;10,55250789;12,28625488;1,485640689;3,310485363;0
14468;10;4,718377286;5,166666667;11,4553637;12,2874155;0,989497374;0,013444543;0
14469;15;19,43896058;45;9,994748765;12,28807926;1,595395215;4,261441112;0
14470;10;15,87331664;20,16666667;10,08843323;12,28863049;1,183854922;1,190606952;0
14471;10;3,702333117;5,833333333;10,3559045;12,2894392;0,921114234;0,119961739;0
14472;15;5,822930148;7;10,41067094;12,29173756;1,025706647;0,302443027;0
14473;15;13,18901086;21;9,924453529;12,29209709;1,187175311;1,679991603;0
14474;15;6,135296418;8;11,02483507;12,29264069;1,01648325;0,674594045;0
14475;15;11,83361297;8,111111111;13,53249442;12,29371452;1,184012033;0,481122136;0
14476;15;14,7526519;20,16666667;10,43402217;12,29561901;1,257948056;1,746160626;0
14477;10;4,896328982;67,5;10,04222914;12,29566097;1,069563052;3,978172898;0
14478;10;6,584741935;8;11,22317512;12,29679012;1,002933672;0,192439318;0
14479;15;18,28411658;24,83333333;9,586366802;12,29693317;1,282716533;2,233821988;0
14480;15;19,43689698;30,83333333;11,683691;12,29954433;1,43263879;3,19435215;0
14481;15;17,58833632;39;10,46440268;12,29973984;1,623211607;3,991784096;0
14482;15;11,71794885;12,33333333;9,501707626;12,30040455;1,168981664;0,956888318;0
14483;15;16,0887495;20,5;11,27742417;12,301301;1,405894971;2,283594131;0
14484;10;8,098947019;8,166666667;8,774008558;12,30237103;1,045587058;0,352415085;0
14485;10;11,30903187;13,16666667;9,857995428;12,30326653;1,065405647;0,700119257;0
14486;15;10,6623404;24;10,96046673;12,30347157;1,133820403;0,796421885;0
14487;15;21,0453606;25,66666667;11,24126723;12,30350685;1,499329935;3,089864492;0
14488;15;6,038918154;8,666666667;12,74513333;12,30369949;1,036322374;0,426460505;0
14489;15;15,92221655;19,16666667;10,0606181;12,30376625;1,339720832;1,865275979;0
14490;15;8,921718876;9;10,3521002;12,30404377;1,105596915;0,668716192;0
14491;15;8,246395591;11,34920635;11,38941139;12,30464077;1,091718988;0,60881114;0
14492;10;6,283585541;6,5;12,78888206;12,30573177;1,024911719;0,217995763;0
14493;15;9,78734173;14,5;11,08703477;12,30584049;1,161194608;0,94151926;0
14494;15;14,13130588;15,16666667;11,71449966;12,30640507;1,109687223;1,134549856;0
14495;15;7,050761713;12,16666667;11,92483523;12,31064415;1,106615614;1,544712424;0
14496;15;13,3090696;17,66666667;9,638079527;12,31123161;1,185554253;1,287906885;0
14497;15;8,427557521;13,16666667;12,28467724;12,31155014;1,165671206;0,949240088;0
14498;15;7,502650074;13,16666667;10,78389946;12,31211948;1,044271009;0,704428792;0
14499;15;17,3048146;24,5;10,91274587;12,31296539;1,397305011;2,361352205;0
14500;15;10,01545755;11;9,132968201;12,31357861;1,093170121;0,716798544;0
14501;15;21,07856082;42,66666667;10,25811276;12,31368446;1,40678127;3,654343486;0
14502;10;12,6623249;14;11,10940415;12,31399918;1,102675616;1,039155483;0
14503;10;16,22643725;20,83333333;11,73902997;12,31450462;1,118321712;1,274671674;0
14504;15;10,93052242;18,83333333;10,22003772;12,3146801;1,25187563;1,480511308;0
14505;10;12,6073657;14;10,58315679;12,31648445;1,121539039;0,961153507;0
14506;15;24,96039969;58,5;8,934555692;12,31770706;1,377212931;4,587622643;0
14507;10;10,93135877;11,66666667;10,17779962;12,31800652;1,059870128;0,685701132;0
14508;10;5,148977584;14,66666667;10,70275512;12,31954479;1,09695292;0,774597645;0
14509;10;5,817466191;20,66666667;10,57313559;12,31991577;1,178703102;1,807204843;0
14510;15;20,32812299;32,16666667;10,58174662;12,32008362;1,451452561;3,201015592;0
14511;15;4,012301602;5,333333333;9,279550857;12,32256317;0,999902415;0,030097604;0
14512;15;15,65023781;21,66666667;11,09235211;12,32306862;1,381326021;2,326749325;0
14513;10;6,869494599;7,333333333;13,27865142;12,32376289;1,035808119;0,282642961;0
14514;15;6,890847214;8,5;10,11440071;12,32444382;1,077912963;0,512194276;0
14515;15;10,46803383;14,5;10,30046112;12,32512569;1,175281907;1,077611446;0
14516;15;10,36074633;22,5;11,73669864;12,32662678;1,343482741;2,297053456;0
14517;15;15,31675661;34,5;11,47506478;12,32674122;1,373151891;2,182949066;0
14518;10;7,607901638;24,16666667;14,72694399;12,3274765;1,294049074;1,880796671;0
14519;15;4,165058754;16;11,0637154;12,32858753;1,194403536;1,370762229;0
14520;15;25,50352177;42;11,74704789;12,32865429;1,920901465;5,586974263;0
14521;15;4,006718757;22,16666667;10,76685133;12,32916737;1,311183499;2,27824533;0
14522;15;21,07985463;56,5;10,62010312;12,32944775;1,637785648;5,370511174;0
14523;10;9,747035388;9,833333333;11,04573169;12,33113098;1,074480398;0,507641792;0
14524;10;7,675831175;8;12,28291224;12,33154583;1,021944302;0,329974294;0
14525;15;13,12654396;23,66666667;9,845455344;12,33334064;1,231572052;1,705634117;0
14526;15;21,21940326;36,33333333;9,86801926;12,33392429;1,6885171;4,064584851;0
14527;15;6,100971205;8,333333333;9,873418743;12,33482456;1,004626605;0,355050445;0
14528;15;9,737082281;11,5;11,18925348;12,33611584;1,116316992;0,887933016;0
14529;15;7,664795833;9,5;11,34072841;12,33684731;1,044321353;0,743089676;0
14530;15;15,37421008;29,66666667;10,10808489;12,33705044;1,183671144;1,986053467;0
14531;15;6,456064134;6,666666667;12,44192442;12,33767796;1,084965226;0,273958087;0
14532;10;10,17158968;8,5;11,20422194;12,3393116;1,167556143;0,617544532;0
14533;10;10,0631176;13,83333333;11,25573733;12,33969975;1,233733703;0,92304647;0
14534;15;16,21141501;22,16666667;10,42429468;12,34099007;1,279793035;1,858353972;0
14535;15;6,053153415;29,5;11,03709247;12,3416338;1,425921398;2,779412031;0
14536;10;8,673151535;15,66666667;11,79226057;12,3423214;1,117869359;1,02755475;0
14537;10;11,95387059;22;9,459741307;12,3425045;1,085830196;0,803762794;0
14538;15;20,02230931;37,33333333;10,92032604;12,34412575;1,749918478;4,317691803;0
14539;15;10,04803307;14,16666667;11,72824788;12,34462452;1,204340802;1,461183906;0
14540;15;20,63837493;33,66666667;10,85130208;12,34569073;1,469804056;3,221902013;0
14541;10;8,380908709;8,166666667;10,96700599;12,34603024;1,036372015;0,44351387;0
14542;15;8,575413582;9,833333333;11,1983409;12,34746742;1,094367284;0,624090672;0
14543;15;5,749105882;9,833333333;9,94979517;12,34971237;1,115880337;0,749082088;0
14544;15;10,02727254;9,333333333;13,94643006;12,35006523;1,155060159;0,938185096;0
14545;10;5,683037298;6,166666667;11,37638028;12,35077572;1,045764901;0,108467817;0
14546;15;16,23760366;23,33333333;11,28048301;12,35081387;1,372662692;2,284474373;0
14547;15;18,9098908;23,83333333;10,89144109;12,35193539;1,474128513;2,724005103;0
14548;15;23,96696957;37,33333333;10,93200036;12,35260677;1,573479599;4,048800468;0
14549;15;16,07245718;23,66666667;10,83338133;12,35293484;1,312332392;2,332662344;0
14550;15;24,78970148;39,83333333;11,20443072;12,35295582;1,645787257;4,516919494;0
14551;15;11,25346535;19,33333333;10,37859859;12,35459042;1,113240692;1,211477995;0
14552;15;25,84865213;44,83333333;11,06903175;12,35626793;1,850984662;5,497034431;0
14553;15;18,79882529;40,66666667;11,54998303;12,35815716;1,532472643;3,832129836;0
14554;15;11,74714973;29,66666667;12,34117227;12,35815907;1,076508768;0,486728549;0
14555;10;9,852052917;15,83333333;11,42899402;12,35856628;1,006203842;0,735243082;0
14556;15;27,81082893;55,5;9,874135339;12,35859394;2,10328979;7,168793797;0
14557;15;32,51265611;49,33333333;10,36828197;12,3590889;1,868911598;6,289377451;0
14558;15;17,85309546;18;10,79080949;12,36056328;1,254867339;1,785469413;0
14559;15;20,74328011;41,5;11,04180883;12,36123276;1,773669728;4,748127222;0
14560;15;4,932048977;6,166666667;12,64206842;12,36324596;1,028065145;0,176486254;0
14561;15;19,36338847;46,5;12,15922886;12,3636198;2,167322529;7,679840922;0
14562;10;7,039724807;8,333333333;10,0063923;12,36453533;1,030887062;0,308896422;0
14563;10;8,389884818;9,5;9,757173665;12,36641598;1,087784009;0,437801003;0
14564;15;5,435373716;12,83333333;8,879595244;12,36936474;1,038521658;0,608377337;0
14565;15;6,15413147;8,666666667;11,46313943;12,37116814;1,013402107;0,103150487;0
14566;15;12,7776304;47,33333333;9,816960547;12,3725872;1,337072259;3,66382134;0
14567;10;6,549358922;6,5;10,24047182;12,37267208;1,031132605;0,178940892;0
14568;10;14,93975161;17,33333333;11,27941861;12,37306881;1,146343307;1,252444983;0
14569;15;10,88697311;21,5;10,60598961;12,37445545;1,118206358;0,768716931;0
14570;15;7,208274003;11,5;12,55554797;12,37495232;1,056403577;0,473822474;0
14571;15;5,373707123;12,33333333;11,69837152;12,37504387;1,114363986;1,048940539;0
14572;15;6,999752631;6,333333333;10,51451021;12,37546539;1,036432278;0,295250297;0
14573;15;23,68998503;44,83333333;11,13886251;12,37769318;1,6697942;4,552117109;0
14574;10;6,322616067;35,83333333;10,2518898;12,37906361;1,19587743;2,359017611;0
14575;15;6,193917036;6,833333333;10,68698947;12,37983227;1,042233413;0,335059166;0
14576;15;12,22833827;18;11,41148959;12,38036537;1,211154726;1,647093534;0
14577;15;10,89733041;10,83333333;9,571829101;12,38070774;1,085527784;0,868369579;0
14578;15;5,291519891;16,33333333;9,543322898;12,38104248;1,099781762;0,929724097;0
14579;15;16,02059038;26;11,4044102;12,38420486;1,459467861;3,243894935;0
14580;10;16,06242991;27,16666667;9,734659961;12,38487434;1,241153246;1,801720977;0
14581;15;7,103077972;23,33333333;12,24479709;12,38493443;1,325550175;1,922804713;0
14582;15;20,01261568;38,16666667;10,75273425;12,38500881;1,765919842;3,738005519;0
14583;15;4,428956247;15,66666667;13,13711822;12,38521957;1,244800493;2,610280752;0
14584;15;10,88457181;11;10,54983505;12,38528633;1,10789336;0,963038325;0
14585;10;15,35622537;35,83333333;11,94378257;12,38615322;1,258271928;2,544800878;0
14586;15;12,70437815;20,16666667;11,43434949;12,38617992;1,279383145;1,791885138;0
14587;15;13,8312805;31,33333333;11,61594488;12,38773918;1,429066878;2,735793591;0
14588;15;7,714973474;13;13,78465107;12,38810921;1,179111813;1,254168272;0
14589;15;10,78691028;17;9,856466754;12,38867092;1,118635997;1,190007448;0
14590;15;4,31551152;5,222222222;13,07063136;12,38921928;1,037133252;0,059185386;0
14591;15;12,66781449;18;9,491279402;12,39027882;1,089212636;1,180934906;0
14592;10;30,86961286;46;9,69240921;12,3903513;1,624314419;4,332372427;0
14593;15;3,741480158;41;10,51030404;12,39162064;1,077058366;2,472358346;0
14594;10;8,566616887;7,333333333;14,03751131;12,39183521;1,091228208;0,452789187;0
14595;10;17,30292247;26,33333333;10,17237788;12,39227104;1,24260904;1,608613849;0
14596;15;23,33450582;39;11,63903905;12,39452362;1,667155791;4,473761916;0
14597;15;14,31128924;15;11,46155856;12,39550877;1,177729959;0,702801585;0
14598;10;10,63194672;19,5;10,39107051;12,39561081;1,002383087;0,96152854;0
14599;15;4,961619447;6,166666667;12,18199283;12,39583683;0,998012493;0,144281864;0
14600;15;13,86467971;20,5;9,999225605;12,39701748;1,229818226;1,643260121;0
14601;15;3,395970224;5,666666667;9,551314493;12,3982439;1,000991926;0,06413424;0
14602;15;16,71103518;35,83333333;11,24725405;12,39929867;1,496606307;3,403266191;0
14603;15;16,76635997;23,66666667;10,40154082;12,40216923;1,351131813;2,242537975;0
14604;15;13,46671556;18,5;12,01854525;12,40278625;1,222998513;1,917814136;0
14605;15;9,153364912;11,16666667;11,13868063;12,40288067;1,124246545;0,84468317;0
14606;15;27,6615923;74;10,5961379;12,40405464;2,603524078;11,44638264;0
14607;10;8,055118659;11,16666667;10,88934774;12,40438747;1,049023842;0,502790809;0
14608;15;19,63276207;36,83333333;10,75421288;12,40456676;1,518661989;3,696355104;0
14609;15;16,00005014;19,66666667;12,05150098;12,40527153;1,306708376;2,179377794;0
14610;15;22,11945906;52,66666667;8,61253849;12,40532017;1,228374792;3,627429485;0
14611;10;8,070480239;8,833333333;11,70665482;12,40714455;1,026606519;0,392803788;0
14612;10;8,715830506;13,16666667;10,2900994;12,40719604;0,908807219;0,575903296;0
14613;10;11,69754981;21,5;9,391578444;12,40734863;1,034455816;0,258485436;0
14614;15;16,8869806;28,83333333;11,19077022;12,4074049;1,33757629;2,62372303;0
14615;15;19,79951698;34,66666667;11,14003078;12,40796375;1,598650006;3,732634664;0
14616;15;11,53796649;13;11,32211259;12,41058636;1,174336017;1,445673823;0
14617;15;14,17803509;22,83333333;10,90144592;12,41131592;1,276304428;1,854577541;0
14618;10;5,104295027;93,33333333;9,008706289;12,41151905;1,17669912;6,095042109;0
14619;15;18,30179785;32,83333333;11,44833746;12,41193676;1,585638204;3,831308484;0
14620;15;11,3141771;16,33333333;10,3298331;12,41312885;1,19204346;0,988232493;0
14621;10;4,257773968;6;7,813579379;12,4143343;1,018878116;0,11445725;0
14622;15;14,14839754;33,22222222;12,43806659;12,4160471;1,689139091;4,045578241;0
14623;10;17,46076268;26;8,289493797;12,4162302;1,153212273;1,666045904;0
14624;15;16,57835415;23,5;10,53642512;12,41899872;1,323622791;2,188842297;0
14625;15;11,55276137;13,33333333;10,15438234;12,41999054;1,134440145;0,998842478;0
14626;15;13,42312844;16,16666667;11,33243041;12,42034054;1,228465861;1,706223488;0
14627;15;8,471800336;10,83333333;11,43154499;12,42095566;1,104874511;0,815521479;0
14628;15;24,26297316;46;10,6832665;12,42344952;1,732405648;5,160196066;0
14629;15;22,78423964;47,66666667;9,777694265;12,42440701;1,669918022;4,613678098;0
14630;10;15,65473459;22,5;11,60370262;12,4246397;1,188137079;2,126090169;0
14631;15;12,4812127;20,5;10,77980964;12,42518806;1,284660805;1,705088258;0
14632;10;12,92480423;22,33333333;9,998787616;12,4268856;1,222089606;1,49408102;0
14633;15;14,1786777;30,83333333;11,83363311;12,42886257;1,302029303;2,538014054;0
14634;15;10,3498322;18,33333333;11,94293087;12,42905807;1,270437493;1,733517528;0
14635;15;15,51743904;31,66666667;11,39161707;12,42935562;1,104447042;2,140963674;0
14636;15;6,347231555;5,833333333;10,93471378;12,43127632;1,017845982;0,270299911;0
14637;15;9,127568271;11,33333333;12,3022729;12,43152237;1,129000061;1,004696488;0
14638;10;19,23547336;37,16666667;10,73312719;12,43166828;1,403658904;2,850132704;0
14639;10;6,62065451;8,5;9,784804872;12,43210411;1,000376734;0,291215897;0
14640;15;15,92356248;26,5;9,826612903;12,43269062;1,397365505;2,222041607;0
14641;15;15,46778481;24;10,30920605;12,43835926;1,401718561;2,158532023;0
14642;15;5,387774669;6,5;11,60778617;12,43937588;1,05010848;0,187328935;0
14643;10;5,596820673;6,5;11,56082075;12,44169426;1,614042684;0,210090399;0
14644;15;13,15225562;23,5;10,34963473;12,44226933;1,228441459;1,68670857;0
14645;15;3,360092992;5,5;11,32751768;12,4430151;1,00677068;0,091313362;0
14646;15;13,1216046;25,16666667;10,55193023;12,44326115;1,138656161;1,696846724;0
14647;15;12,56328662;27,5;11,0622007;12,44852638;1,237969635;1,787207603;0
14648;15;11,0701051;12,16666667;9,980866822;12,44887543;1,213493062;0,969302058;0
14649;15;21,01573411;30,16666667;9,301347635;12,45259953;1,42809968;2,775269151;0
14650;15;19,27909824;34,83333333;11,22267699;12,45428181;1,600710848;3,945001125;0
14651;10;8,472552092;12,66666667;9,832369663;12,45464802;1,081800905;0,657517076;0
14652;15;7,531899958;6,833333333;10,73452722;12,45541954;1,071803026;0,458387971;0
14653;15;4,339399497;17,33333333;9,813010203;12,45812798;1,142562982;1,141325712;0
14654;10;11,12525386;12,83333333;12,24196016;12,45883656;1,193207536;0,917746305;0
14655;15;7,577882503;10;10,91959054;12,46014118;1,070472491;0,574714303;0
14656;15;21,0333382;24,83333333;12,42249547;12,4611187;1,504550586;3,668581247;0
14657;15;5,646334546;6,666666667;10,5990906;12,46132278;1,040364445;0,203040361;0
14658;10;15,8862157;22,33333333;9,142154533;12,4614706;1,140785175;1,537418365;0
14659;15;18,57074125;31,5;10,65644082;12,46567345;1,349084153;2,509885788;0
14660;10;4,600927138;5,166666667;7,359251273;12,46659565;0,659379099;0,006719351;0
14661;15;14,83582585;29;10,13518435;12,47231293;1,345030044;2,297067523;0
14662;15;16,08615003;24,83333333;11,04098107;12,47296429;1,357457444;2,360639215;0
14663;10;12,76244691;28,66666667;10,90516796;12,47471333;1,13799236;1,383577108;0
14664;15;17,93584882;86,66666667;10,49173486;12,47774696;1,288724936;6,248463154;0
14665;15;4,53392865;12,33333333;12,35697947;12,47876072;1,06598164;0,538435578;0
14666;15;15,43744833;34,83333333;10,51751033;12,47896576;1,43683709;3,003681302;0
14667;15;28,56449319;58,33333333;11,2187842;12,47930431;1,842010087;6,69608283;0
14668;10;13,663458;14,5;9,665723191;12,47934151;1,204635673;0,894402266;0
14669;10;9,49099224;15;8,664880964;12,4816761;1,07453617;0,751710534;0
14670;15;4,302828584;5,333333333;6,949892955;12,48248291;1,000181554;0,032790184;0
14671;15;9,095207936;14;12,57393454;12,48271275;1,231801498;1,247491837;0
14672;15;13,93907143;20,66666667;11,60004868;12,48289299;1,218845063;1,891821861;0
14673;15;4,933181761;5,5;10,75032947;12,48297119;1,014907177;0,179625392;0
14674;15;12,3115141;14,33333333;11,10925751;12,48415279;1,219401455;1,510447741;0
14675;15;6,51124854;18;12,57519762;12,48445702;1,224398614;1,67788887;0
14676;15;5,390607074;5,833333333;11,66804465;12,48472309;1,027183329;0,193235755;0
14677;10;18,4426732;17,83333333;10,31913969;12,48874569;1,221710342;1,377881646;0
14678;15;13,43809577;25,5;12,22015602;12,489995;1,238507699;2,209440351;0
14679;15;5,094866313;5,833333333;13,884189;12,491395;1,069656391;0,840238571;0
14680;10;12,81265895;28;11,18783826;12,49159336;0,994171034;1,432186604;0
14681;15;15,08254169;24,16666667;10,43887477;12,4921093;1,467928318;2,424788594;0
14682;15;4,587807781;5,833333333;10,49350874;12,49242973;0,972307926;0,133283138;0
14683;15;12,0791778;16;10,99565989;12,49390221;1,248130404;1,476048708;0
14684;10;7,359975916;7,833333333;10,19270249;12,49518299;1,019681288;0,143334627;0
14685;15;10,2867972;11,5;11,47492011;12,4952898;1,132652754;0,952923179;0
14686;15;18,6095768;35,33333333;11,06493918;12,49730682;1,552745829;3,65201509;0
14687;15;16,91179044;29,33333333;10,61138254;12,49744606;1,27178907;2,869015217;0
14688;15;15,13350276;21,66666667;9,999839577;12,49752235;1,376481604;2,113544583;0
14689;10;13,39358539;17;9,90379262;12,49799919;1,049765887;1,015457392;0
14690;10;20,18306254;33;10,07866837;12,4982748;1,527511185;2,897060871;0
14691;10;7,793745988;12,83333333;10,49322328;12,49848461;0,881895218;0,405944824;0
14692;15;24,22529042;43,66666667;11,17324102;12,50029659;1,853136989;5,93758893;0
14693;15;11,50309343;14,83333333;10,62085382;12,50063133;1,195739214;1,262141466;0
14694;15;7,764911691;14,66666667;10,42552955;12,50071716;1,183593937;0,920575023;0
14695;15;9,427771889;20;10,9126268;12,50090313;1,287270311;1,876549363;0
14696;15;7,589637262;10,83333333;12,47856505;12,5021801;1,075062606;0,647493839;0
14697;15;4,713674808;22,5;11,29649594;12,50335789;1,433552298;2,307526588;0
14698;15;7,87530793;9,833333333;10,62433669;12,5034256;1,082000036;0,630702019;0
14699;15;18,73985485;47,66666667;8,937205185;12,50460815;1,081112241;2,815184355;0
14700;15;12,64497255;21,5;8,898960726;12,50621796;1,241980032;1,726949573;0
14701;15;7,620376034;10,33333333;9,493679758;12,50662041;1,066394032;0,621646404;0
14702;15;14,20629417;24,83333333;10,65015078;12,50759315;1,421313869;2,154002428;0
14703;15;3,757671362;13;10,72902064;12,51039886;1,075829721;0,878776908;0
14704;15;18,15048006;27,83333333;10,95809369;12,5105381;1,426013443;2,871072292;0
14705;15;4,379421887;26,5;11,05502394;12,51329422;1,143344484;1,774828672;0
14706;15;9,536408389;13;11,91516348;12,51346493;1,126615461;1,144351602;0
14707;10;6,254381715;6,5;9,159623538;12,5135088;0,980107647;0,111643791;0
14708;15;5,215984839;21,16666667;14,73133464;12,51360607;1,347430746;2,855361223;0
14709;10;10,80470516;17,5;10,07802413;12,51435661;1,006185073;0,864218712;0
14710;15;26,96197847;49;10,96930052;12,51550388;2,148625168;7,237660766;0
14711;15;16,08625463;20,66666667;11,23017047;12,5157423;1,297084824;2,157646775;0
14712;15;4,311107395;8;10,96164159;12,51579094;1,074619618;0,416025877;0
14713;15;11,49074046;13,66666667;10,45750634;12,51600742;1,232176026;0,996724963;0
14714;10;7,516722826;6,833333333;13,76078562;12,51609039;1,074372524;0,377965093;0
14715;10;10,92453211;15,33333333;11,54313363;12,51725769;1,07346676;0,616982341;0
14716;15;18,67426285;31,83333333;11,73710885;12,51905346;1,524850687;3,816331863;0
14717;15;13,47546161;17,16666667;10,24534356;12,51915741;1,243742971;1,460641623;0
14718;15;10,36284114;11,83333333;11,75558167;12,51937008;1,144085497;1,040150046;0
14719;10;13,45060547;14,33333333;11,06385879;12,51983547;1,173553515;1,134676337;0
14720;15;8,957667506;18,83333333;12,63665953;12,52092743;1,27486103;1,853309274;0
14721;15;10,75543942;11,83333333;9,818604065;12,52362823;1,185514069;0,85267067;0
14722;15;5,865018151;6,833333333;9,054135421;12,52377701;1,05873256;0,235080004;0
14723;10;11,79945551;11,16666667;11,70282523;12,52514172;1,079233215;0,876756072;0
14724;10;8,249961457;12,5;10,81088303;12,52542305;1,231597379;0,551383257;0
14725;15;10,01557567;12,16666667;10,4176214;12,5260334;1,149291144;0,940682054;0
14726;15;13,1155506;19,83333333;10,68037419;12,52659321;1,268314791;1,748866677;0
14727;10;6,079134143;6,666666667;11,48883106;12,52715874;1,002207255;0,1879493;0
14728;15;9,835786188;14,67213115;9,898980921;12,52719021;1,154688128;1,080712914;0
14729;15;20,36171676;37,33333333;10,44775044;12,52904129;1,65890067;4,019427657;0
14730;15;20,46538611;26,33333333;10,89096722;12,52945328;1,415114853;2,686764956;0
14731;15;12,85827607;15,44444444;10,92157828;12,52989864;1,30208145;1,241279602;0
14732;15;11,0968937;15,66666667;11,30871601;12,53124714;1,160765342;1,146239161;0
14733;15;11,24277322;19,83333333;10,27503244;12,53180408;1,162646194;1,495187759;0
14734;15;10,58303501;16,5;11,2765336;12,53275204;1,188280309;1,326977015;0
14735;10;6,437373295;7,833333333;10,95632949;12,53336525;0,964394956;0,226585269;0
14736;10;7,443504622;8,833333333;9,741402052;12,53443718;1,037011955;0,283722758;0
14737;10;19,27505519;33,16666667;9,332533467;12,53450394;1,079968273;2,003966212;0
14738;15;10,03700171;12,33333333;11,88312367;12,53487396;1,258956767;1,111604929;0
14739;10;7,869510832;9,333333333;11,80833196;12,53525639;1,539886096;0,585855246;0
14740;15;9,439032036;8,666666667;11,04583325;12,53636742;1,086643025;0,825659037;0
14741;15;10,13310021;14,33333333;10,2886096;12,53637314;1,084501828;1,028713584;0
14742;15;11,25815018;14,5;11,5046391;12,53864002;1,128327095;1,179261208;0
14743;15;6,49086635;10,83333333;12,23212895;12,53934479;1,0884999;0,432789803;0
14744;15;15,80288825;24,5;9,424119886;12,53963757;1,084452937;1,55589962;0
14745;15;18,78546217;33,16666667;10,9188936;12,54054165;1,512518078;3,377054095;0
14746;15;29,2209422;32,16666667;12,08878222;12,54243279;1,61859625;4,923253894;0
14747;10;5,791211377;8,166666667;12,10615866;12,54247093;0,997856913;0,242238522;0
14748;10;20,34198548;36,66666667;13,14078197;12,54457474;1,528444195;3,786626101;0
14749;15;6,91399122;10,33333333;12,08485165;12,54521751;1,10517968;0,962865353;0
14750;15;4,995338022;11,66666667;10,69279411;12,54668903;1,057107406;0,310238004;0
14751;15;16,15337872;31,33333333;9,994854367;12,54846191;1,376577018;2,638621092;0
14752;15;5,242172367;25,66666667;10,66819041;12,5489912;1,462815966;2,532407284;0
14753;15;4,742968587;6,5;12,91242005;12,55042458;0,944627935;0,14206326;0
14754;15;12,10617435;15,16666667;10,42488243;12,55202198;1,231773671;1,408838391;0
14755;10;10,07581772;12;9,753267474;12,55249977;1,030910148;0,613489151;0
14756;15;6,382819766;10,83333333;9,664050275;12,5526762;1,019598985;0,442404866;0
14757;15;9,583680102;10,83333333;12,53781692;12,55774593;1,112857439;0,9154948;0
14758;15;22,57705028;48;10,33550064;12,55848408;1,548186272;4,623587012;0
14759;15;8,005807527;10;11,65668464;12,55918407;1,105272913;0,562440872;0
14760;10;10,6917962;17;8,85168934;12,55922985;1,057482462;0,952381134;0
14761;10;18,10466625;17,16666667;10,94285234;12,5593195;1,175891368;1,2061373;0
14762;15;23,38590671;53,5;11,29241869;12,56077576;1,696360179;5,950950265;0
14763;15;16,58163472;26,66666667;11,64252293;12,56203938;1,37969499;2,856693864;0
14764;15;12,10462319;16,83333333;10,23060547;12,56322384;1,199013293;1,312510133;0
14765;15;4,64678147;6,333333333;10,35314462;12,56371307;0,979201989;0,116772056;0
14766;15;19,26563;34,66666667;9,982349808;12,56408596;1,576426358;3,515685201;0
14767;15;17,04367921;28,66666667;10,65178016;12,56545734;1,29675757;2,465167642;0
14768;10;18,80508679;53,83333333;10,685151;12,56548691;1,082465747;3,197254658;0
14769;15;13,9216818;22,83333333;11,62381419;12,56599045;1,197682355;1,637702703;0
14770;15;26,77752426;27,83333333;9,548857592;12,56643486;1,494439516;3,19473505;0
14771;15;13,80827496;15;10,56268297;12,56766319;1,194075343;1,364088297;0
14772;10;8,801336814;12,83333333;9,50655548;12,56920719;1,033494556;0,555812955;0
14773;15;4,741223511;5,5;10,62922418;12,56941223;1,02263589;0,133762836;0
14774;15;4,841696957;32,66666667;9,795869214;12,57072353;1,381497311;2,736793518;0
14775;10;9,106884467;9,166666667;11,59726861;12,57082844;1,067677739;0,558923721;0
14776;15;10,6163732;17,5;10,03406194;12,57090569;1,210500035;1,289675713;0
14777;10;10,19402034;15,66666667;9,588140905;12,57286358;1,048866001;0,819639444;0
14778;15;13,03877054;26,5;10,4167153;12,57347584;1,189493806;1,892394304;0
14779;10;7,495349876;10,33333333;9,69923702;12,57353973;1,006056649;0,425002217;0
14780;10;6,282101894;13,33333333;12,58625674;12,57683659;1,006429213;0,647997499;0
14781;15;14,72221111;22;8,506945294;12,57811642;1,137860474;1,542500854;0
14782;15;11,80252465;9,833333333;14,28252301;12,57821274;1,208337986;1,281799078;0
14783;10;6,597793078;15,66666667;9,360883942;12,57887936;1,006527866;0,769004464;0
14784;15;16,00318191;31;10,09772234;12,57916355;1,415460231;2,757801294;0
14785;15;8,884321976;15,16666667;10,66196738;12,57977104;1,156129214;1,057263017;0
14786;15;20,99709921;27,66666667;11,55510552;12,58663464;1,436602064;3,360168695;0
14787;15;9,847623316;16,33333333;12,34878075;12,58737278;1,288576625;1,514984846;0
14788;15;4,917407928;5,166666667;11,21980278;12,58792305;1,009350955;0,085037351;0
14789;10;16,37081092;32;10,74563513;12,59081554;1,344493896;2,785371065;0
14790;15;3,532748587;12,66666667;10,98115732;12,59108257;1,108059215;0,999339461;0
14791;10;7,579380556;9,333333333;8,259804802;12,59418774;1,008798461;0,396090627;0
14792;15;12,0094703;20,33333333;9,145566496;12,5942297;1,139534043;1,325839996;0
14793;15;17,99191722;27,33333333;9,836914482;12,5948658;1,295073429;2,352139831;0
14794;15;8,22799966;10,5;9,574524439;12,59542561;1,180257978;0,474885941;0
14795;15;23,38771745;47,66666667;11,5437373;12,59674263;1,885569532;5,652460933;0
14796;15;11,04652944;14,83333333;10,10210631;12,5968256;1,16206594;1,179287076;0
14797;15;21,33349709;22,83333333;11,28495917;12,59739208;1,374043081;2,70970273;0
14798;15;3,968096986;10;10,84641622;12,5978241;1,022030582;0,088615298;0
14799;15;9,231724987;11,5;11,02575681;12,5980587;1,175426226;0,936314225;0
14800;15;6,611841859;8,666666667;12,2591938;12,59928226;1,103047463;0,483894229;0
14801;15;22,59034269;46,5;10,08735752;12,60118198;1,765262251;5,128384471;0
14802;15;6,148118569;8,166666667;13,04258753;12,6025486;1,130425308;0,514347434;0
14803;15;3,865837933;8,333333333;11,48523337;12,60287285;1,036305994;0,269608021;0
14804;10;10,14588582;26,33333333;12,14013387;12,60508823;1,480457836;2,996218801;0
14805;15;13,13091887;15,5;11,04048051;12,60569191;1,215424447;1,468733191;0
14806;10;11,20363179;17,33333333;10,41469883;12,60763073;1,109270523;0,982372522;0
14807;15;15,69443804;25,83333333;11,24644025;12,60790348;1,289089351;2,340013862;0
14808;10;12,52089804;19,66666667;10,66778489;12,60822868;1,051463913;1,053263903;0
14809;15;15,33055188;35;10,83080032;12,61064816;1,17500186;2,421671867;0
14810;#N/A;12,61352165;18;10,25444555;12,61065865;1,253135015;1,582934856;0
14811;10;24,99779646;41,33333333;12,95634971;12,61118221;1,522739322;4,067399383;0
14812;15;14,01613518;30,5;10,86342136;12,61364937;1,265743434;2,434369087;0
14813;15;22,21072087;29,5;10,62443326;12,61440945;1,532463687;3,572378516;0
14814;15;10,35622637;14,66666667;11,24449382;12,61506939;1,142329247;1,049244165;0
14815;10;7,46061262;10,16666667;8,750912611;12,61510849;0,995653514;0,388579726;0
14816;15;15,60895209;27,33333333;10,05891654;12,6158247;1,199331468;2,051441312;0
14817;15;4,184967322;11,66666667;10,66290063;12,61641788;1,165356699;0,984741688;0
14818;15;3,69744009;7,833333333;12,2725453;12,61783791;1,010123602;0,077443361;0
14819;15;23,96544523;28,5;10,81731824;12,61967564;1,461346084;3,14524734;0
14820;15;17,03976752;44;10,71894478;12,61990261;1,272537189;1,633403778;0
14821;15;8,167908189;9,166666667;12,79194877;12,62176991;1,093797485;0,957445621;0
14822;15;9,732472581;15,5;10,69783137;12,62235546;1,029284115;0,848774791;0
14823;15;15,75935761;34;9,240410564;12,6226244;1,259154484;2,526313066;0
14824;15;3,666169618;7;8,864066762;12,6241312;1,000741699;0,198990226;0
14825;15;7,154630488;14,33333333;11,01467715;12,62424564;1,12468638;0,808857799;0
14826;15;5,687869825;5,166666667;13,43353426;12,62447071;1,038745973;0,137823701;0
14827;15;8,556873516;14,11111111;12,08179402;12,62449074;1,075449694;0,440697908;0
14828;15;6,355325916;7,5;10,31841824;12,62469006;1,063552076;0,461458564;0
14829;10;11,33485505;10,5;10,86082602;12,62532425;1,09861443;0,698231578;0
14830;15;11,86992447;13,33333333;14,05897962;12,62564373;1,208912793;1,391430855;0
14831;15;20,50839044;33,16666667;10,81487097;12,62605;1,561068148;3,657523274;0
14832;10;7,584988873;9,333333333;9,564478265;12,62815475;1,042943205;0,432624459;0
14833;10;6,512174667;8,5;10,54993399;12,62868214;1,026968864;0,282337785;0
14834;10;14,25503362;28,83333333;11,74745869;12,6286974;1,045573172;1,776253819;0
14835;10;5,432971377;15;10,73736748;12,63028431;1,151859353;1,114904642;0
14836;15;10,46648153;21;10,26066611;12,63091087;1,107468185;1,297357082;0
14837;15;15,147572;37,83333333;10,09218127;12,63169289;1,327857059;2,840647936;0
14838;15;20,57088597;39,16666667;11,53422762;12,63195229;1,896594817;4,959157705;0
14839;15;13,10144227;18,5;10,82039717;12,6322279;1,266494135;1,652962685;0
14840;15;15,14926468;24,83333333;11,21527914;12,63262367;1,269543817;2,44240129;0
14841;10;25,15494988;50,33333333;8,674258821;12,63343716;1,035807849;2,895077944;0
14842;10;6,257614143;5,666666667;10,3667893;12,63618279;1,029170557;0,169375539;0
14843;15;8,535245711;19,66666667;12,66799663;12,6391573;1,066580999;0,402691007;0
14844;15;15,22993685;23;10,7663992;12,63932896;1,254202703;1,965188861;0
14845;15;10,79239369;19;8,865245906;12,63999271;1,091361886;1,01360631;0
14846;10;9,891483402;9,333333333;10,04403505;12,64006329;1,08285262;0,396843314;0
14847;10;6,348628918;6,166666667;10,17369859;12,64121056;1,024396639;0,22962749;0
14848;15;3,328621595;5,666666667;13,15539968;12,64177322;1,043098704;0,294232965;0
14849;15;6,226158627;10;11,37512487;12,64214325;1,02250791;0,462200522;0
14850;15;5,332036844;5,5;12,54811726;12,64318275;1,00769262;0,112142086;0
14851;10;5,902539732;5,833333333;12,27603665;12,64327049;1,005748843;0,162427425;0
14852;15;11,20699505;13,83333333;14,14325218;12,64409637;1,240563948;1,637436509;0
14853;10;7,551748645;10,33333333;10,43571576;12,64926147;1,011450931;0,477095008;0
14854;10;17,32541608;55,66666667;13,5038126;12,65201473;1,233148624;4,978225112;0
14855;10;6,02608171;6,333333333;11,84830172;12,65314007;1,021383316;0,040851235;0
14856;15;18,13949478;32,33333333;11,09356976;12,6541481;1,567905783;3,672132611;0
14857;10;27,21043892;77,16666667;9,994991055;12,65484333;1,450922226;6,411188364;0
14858;15;23,29883506;45,33333333;11,14349699;12,65802288;1,79269643;5,479624152;0
14859;15;12,34644695;15,5;9,253635691;12,65853786;1,239715216;1,195822239;0
14860;15;17,71371092;25,83333333;12,3745518;12,66019917;1,478745943;3,271793365;0
14861;10;18,01144992;37,16666667;11,8597687;12,66033745;1,274468292;2,782871962;0
14862;10;6,294973002;25;13,0868252;12,66149044;1,026616435;1,596264601;0
14863;15;22,74112251;45;10,56947532;12,66216278;1,072248237;3,557364583;0
14864;15;22,32886466;45,83333333;11,17746468;12,66359043;1,826456521;5,627719998;0
14865;15;23,39915738;25,16666667;12,45265537;12,66544056;1,696253421;4,111431122;0
14866;15;24,6335399;36,66666667;10,09143762;12,66679382;1,739087593;4,964997768;0
14867;15;13,27365107;25,66666667;9,403424193;12,66680241;1,297121793;1,908087969;0
14868;15;8,116569964;9,333333333;11,42701986;12,66688538;1,131451006;0,869048715;0
14869;10;8,673230759;11,16666667;10,90536343;12,66720486;1,151079644;0,640281677;0
14870;15;15,62742282;27;11,68373733;12,66849041;1,497259291;3,167698026;0
14871;15;13,2478077;26,66666667;12,30949562;12,66935539;1,348163103;2,146100879;0
14872;15;12,25029064;19;10,03827096;12,67049026;1,216729372;1,520628095;0
14873;10;6,134172291;9,333333333;10,51137988;12,67249298;1,022561293;0,234576702;0
14874;10;15,65453915;23,5;11,1907448;12,67294788;1,249059229;1,733008742;0
14875;15;3,331030017;11,16666667;13,03522249;12,67421627;1,042875417;0,995258808;0
14876;15;12,50848692;17,66666667;12,19221648;12,67620468;1,130460567;1,39994216;0
14877;15;5,062172139;5,833333333;14,69281078;12,67661381;1,04621315;0,433113456;0
14878;10;11,93538185;19,16666667;10,93135017;12,67700958;1,109494284;1,167111635;0
14879;15;8,731968682;13;10,98439147;12,67743206;1,257235235;1,082463622;0
14880;15;5,733325444;6,166666667;11,88699005;12,6775322;1,045517986;0,289819598;0
14881;10;7,739527354;8;12,15001192;12,67765522;1,029093762;0,410388947;0
14882;15;12,35348176;31,16666667;10,94474004;12,68183327;1,243558594;2,758461714;0
14883;10;9,112476632;12,66666667;10,1443712;12,68252563;1,028517449;0,611527681;0
14884;15;12,06481079;17,5;9,164317042;12,68323517;1,202175092;1,353830934;0
14885;15;4,761956682;6,166666667;12,48102219;12,68376732;1,026844849;0,264428616;0
14886;10;4,037873706;9;11,93454598;12,68478298;1,018058563;0,436468244;0
14887;10;8,327395655;11,5;9,651880987;12,68574619;1,047766784;0,510210395;0
14888;10;12,29073197;17;9,37687795;12,68657017;1,037603158;0,994288564;0
14889;15;18,02048167;32;10,22160108;12,6865921;1,456402249;3,229052663;0
14890;15;3,997127157;6,666666667;13,70088963;12,68752193;1,021170597;0,296997786;0
14891;10;10,41226515;16,16666667;12,28311221;12,68793488;1,173696011;1,269973516;0
14892;10;13,59969477;20,5;10,67154025;12,6899662;1,155758783;1,369996428;0
14893;15;12,66234075;29;11,29610217;12,69208431;1,122380636;1,909212232;0
14894;15;19,25587144;32,5;11,57527;12,69223881;1,405306445;3,205492973;0
14895;15;5,895459731;6,666666667;12,83087572;12,69316101;1,027552581;0,514373183;0
14896;10;5,079025513;6,166666667;12,52677154;12,6943922;1,000210116;0,129666209;0
14897;15;9,433690638;11,83333333;10,77728321;12,69520283;1,191334231;0,901331902;0
14898;15;6,332760681;10,16666667;11,44995993;12,69543076;1,021030871;0,499275327;0
14899;10;8,414725725;11;10,63059597;12,69592667;1,057626592;0,474040747;0
14900;10;14,76601216;19,33333333;11,57017705;12,69658566;1,158503384;1,500647902;0
14901;10;15,34408497;15,5;11,63588702;12,69673347;1,129359911;1,202263832;0
14902;15;9,717767003;11;9,973768514;12,69704342;1,15389425;0,815650225;0
14903;15;6,255094234;7,333333333;11,96038087;12,69752979;1,06373825;0,68600893;0
14904;10;22,50375567;29,5;8,966195652;12,69756413;1,411462371;2,518629432;0
14905;15;15,73663036;25,33333333;10,94554914;12,69917774;1,38053894;2,602599263;0
14906;15;6,600432212;7,666666667;11,9276807;12,70145512;1,088116141;0,528278947;0
14907;15;12,74920053;23;10,13401691;12,70402813;1,250532125;1,930779934;0
14908;15;14,45419375;29,83333333;8,482050193;12,70533371;1,372168184;2,39600873;0
14909;15;13,8040701;15,16666667;10,7352252;12,70677471;1,203787476;1,452322364;0
14910;15;8,269293165;11,66666667;9,858519303;12,70843506;1,047036301;0,734933019;0
14911;10;5,052558229;18,33333333;8,782418601;12,71025085;1,092925837;1,119925618;0
14912;15;4,748219105;7,833333333;14,71623522;12,71033764;1,083477222;0,579973936;0
14913;15;3,515296258;8,5;11,59418516;12,7105751;0,968926567;0,312588096;0
14914;15;22,44303769;44,66666667;9,544267275;12,71163273;1,19592752;3,387853026;0
14915;10;4,930907841;5,666666667;11,7598957;12,71308804;1,001180483;0,034703851;0
14916;15;13,09158558;23,66666667;8,067049284;12,71422577;1,128736968;1,568929076;0
14917;10;6,670296628;6,166666667;12,74672502;12,71482658;1,000875082;0,020803332;0
14918;15;10,10870731;8,333333333;9,975471977;12,71558475;1,145317304;0,773023605;0
14919;10;4,633923537;5,166666667;11,83679436;12,71621323;1;0,011911869;0
14920;10;5,173765745;5,5;12,52213736;12,71805096;1,013939584;0,137297392;0
14921;15;15,08838316;32,33333333;11,57254922;12,72016716;1,386161049;1,990658879;0
14922;15;9,779042266;12,66666667;11,97991856;12,72028637;1,167120151;1,126441598;0
14923;15;13,73030861;30,66666667;8,712180924;12,72095871;1,327663086;2,354242563;0
14924;15;21,56203376;39,83333333;10,88342271;12,722188;1,649597688;4,241025448;0
14925;10;4,939495676;5,333333333;11,9418049;12,72229958;0,967903133;0,015275359;0
14926;10;5,776500647;5,666666667;13,0734739;12,72240829;1,003835995;0,121049762;0
14927;10;17,40719063;23,16666667;10,81623995;12,72480583;1,35582552;2,083355427;0
14928;10;12,20049287;15,22222222;10,25243142;12,72518253;1,186284515;0,878131747;0
14929;10;5,571319207;6,333333333;8,13214244;12,72632408;0,950899944;0,118140817;0
14930;10;17,71517932;31,33333333;10,52253376;12,72665596;1,176966464;2,189794183;0
14931;15;5,855929275;6,833333333;12,24742571;12,72698784;1,048732733;0,324244618;0
14932;15;10,83829736;17;8,000024795;12,72751141;1,03439728;1,053515196;0
14933;10;5,60768291;5,5;9,702923181;12,7287302;1,000559959;0,105741858;0
14934;15;7,609585152;10;10,86549564;12,731534;1,090570846;0,598778844;0
14935;10;16,40572221;26,5;11,84855214;12,7327013;1,304006098;2,160421014;0
14936;15;20,54012416;36,33333333;10,04626758;12,73556709;1,611130264;3,944780707;0
14937;10;8,033805101;12,11111111;11,01918477;12,73577785;1,009978478;0,094044805;0
14938;10;11,54578539;15,83333333;10,50967882;12,73582935;1,081353896;0,89664948;0
14939;15;9,13819086;10,5;12,04533635;12,73594952;1,116687528;0,892601132;0
14940;15;8,465486839;12,33333333;12,54942816;12,73645687;1,154088613;1,037353873;0
14941;10;10,01728458;49,33333333;14,79579929;12,73688793;1,783418119;5,56619823;0
14942;15;15,11806777;33,5;9,934433339;12,73710346;1,436863609;2,176509738;0
14943;15;10,05204336;14,16666667;11,55012161;12,73791027;1,203925005;1,352024794;0
14944;15;9,327308333;9,666666667;12,78610233;12,7394762;1,303670773;1,132045507;0
14945;15;16,01058673;36,33333333;10,62660085;12,73954296;1,496917367;3,412976623;0
14946;15;11,34375749;15,33333333;10,68316594;12,74110317;1,098907862;1,117320418;0
14947;15;13,43601035;25;9,054643486;12,74177742;1,25386389;1,936141968;0
14948;15;17,25583194;27,5;10,29262697;12,74217606;1,199483941;2,157904625;0
14949;15;12,22041721;18,16666667;10,82699181;12,74230385;1,296429594;1,602104068;0
14950;15;20,61025148;27,66666667;11,8568285;12,74312878;1,507939029;3,403446317;0
14951;10;30,68553295;52,33333333;8,878688085;12,74409294;1,308476151;3,770502925;0
14952;15;23,73725175;40,33333333;10,40760993;12,74590302;1,777280631;4,953901172;0
14953;10;17,97510255;28,83333333;11,42504411;12,7459507;1,429068667;2,719314337;0
14954;15;17,27045323;33,33333333;11,01678015;12,74691772;1,243263086;2,740527034;0
14955;10;8,475404533;13;10,23902473;12,7496767;0,961984019;0,573633075;0
14956;15;12,10492218;18,33333333;10,45517802;12,75035;1,335320856;1,763251066;0
14957;15;24,97109002;58,16666667;9,528338365;12,75134277;2,016440348;7,030673385;0
14958;10;12,86683292;19;9,094790829;12,75372601;1,082357004;0,986421943;0
14959;15;23,865593;38,33333333;10,83851769;12,75393772;1,861630506;5,25218451;0
14960;15;12,08432699;18,33333333;10,89489937;12,7550993;1,191415127;1,703562737;0
14961;15;12,06502995;22,16666667;11,27067844;12,75601196;1,167776938;1,505298018;0
14962;15;10,18604014;12,16666667;10,91641444;12,75712776;1,148756248;1,117652059;0
14963;15;13,66826142;22,66666667;10,62577431;12,75874615;1,303591744;2,24119854;0
14964;15;21,0534496;29,66666667;10,71538745;12,762393;1,486422882;3,23355937;0
14965;10;7,98538104;13,5;9,773613061;12,76307297;0,997387002;0,598754406;0
14966;15;4,151725023;5,5;11,71878334;12,7631321;0,945078075;0,028478026;0
14967;15;13,62262639;25,66666667;10,07886017;12,7640152;1,306230656;2,097326517;0
14968;10;10,53103728;27,33333333;11,51303646;12,7643919;1,287398271;1,955975413;0
14969;15;5,121333305;28,83333333;11,80684169;12,76456451;1,500562492;2,969396591;0
14970;15;26,17025659;44,16666667;9,412989588;12,76718807;1,522147556;4,468533874;0
14971;15;11,15948821;30,33333333;11,54297754;12,76822472;1,428882992;3,092391253;0
14972;15;8,037300991;7,666666667;9,592180855;12,76870918;1,135258064;0,508336782;0
14973;15;18,63332578;31,83333333;10,588026;12,77159691;1,339967915;2,876500845;0
14974;15;21,27934072;31;11,69356692;12,77202511;1,564421567;4,008276939;0
14975;15;5,708612443;37,33333333;10,73380135;12,77325821;1,623310009;4,094214797;0
14976;15;10,19461907;13;10,48028931;12,77396774;1,172066201;0,992243648;0
14977;15;20,40486217;29,16666667;10,44006171;12,77653599;1,466225055;3,361479521;0
14978;10;11,2092214;16;11,26238575;12,77751541;1,120281733;1,095560551;0
14979;15;13,17006535;22;11,07944801;12,77950764;1,322226239;2,418308377;0
14980;15;14,69479003;14,83333333;12,03856595;12,78047943;1,209856208;1,611488223;0
14981;15;5,44255071;16;8,529060778;12,78138638;1,072188051;0,914180756;0
14982;15;24,79458427;40,16666667;11,26087343;12,78143883;1,879093244;6,085321784;0
14983;15;20,10098608;32,33333333;11,42863081;12,78327847;1,464399719;3,838690519;0
14984;15;13,80859677;18,83333333;11,73878833;12,78503132;1,296866135;1,940365791;0
14985;15;21,63429192;35,83333333;11,73572832;12,78572559;1,660816727;4,343775511;0
14986;15;16,10248472;28;10,92240347;12,78599548;1,543329971;3,024706721;0
14987;15;4,63740792;43,66666667;10,15469669;12,78614998;1,458677375;3,986533999;0
14988;15;12,9937233;17,16666667;11,93462668;12,78872395;1,217154864;1,872267365;0
14989;10;7,587885311;11,33333333;11,87480073;12,78979206;1,058630646;0,663535953;0
14990;15;16,29127625;30,16666667;10,86746222;12,79059219;1,554991272;3,401091814;0
14991;15;20,53647311;30,33333333;10,66943508;12,79088879;1,205211298;1,35799408;0
14992;15;15,53222539;20,83333333;9,744877351;12,79092979;1,327652609;2,011077046;0
14993;10;15,86938973;27,66666667;10,248212;12,79316425;1,294324858;2,105841994;0
14994;15;21,57938306;61,5;11,1133902;12,7942028;1,934679756;7,400563717;0
14995;15;8,503122039;14;13,46821467;12,7951479;1,286639692;1,309080005;0
14996;15;14,94262132;23,5;11,65938175;12,79644394;1,356337949;2,608181;0
14997;15;8,222463758;26,83333333;12,78594194;12,79821491;1,177557134;2,742700577;0
14998;15;14,07244643;21,66666667;10,19971697;12,7984066;1,287401081;1,801223874;0
14999;10;7,27941875;12,33333333;12,8548444;12,79891586;1,139226657;0,710155606;0
15000;15;16,77761527;26,83333333;11,8086062;12,80125523;1,311698731;2,547486424;0
15001;10;7,212713631;6;9,563134712;12,80159473;1,014760886;0,278646469;0
15002;15;9,245493547;14;11,44014074;12,80435181;1,175606936;1,210711122;0
15003;10;5,561894517;6,5;10,30550714;12,80855846;1,001521979;0,127604485;0
15004;15;27,48219393;44,66666667;10,56676221;12,81034374;1,83021183;5,485111475;0
15005;10;9,15768902;11,83333333;9,965507678;12,81051922;1,040001466;0,39013207;0
15006;10;13,8854455;20;10,54054756;12,81168747;1,033708735;1,162823796;0
15007;15;4,613528456;6,666666667;10,03499527;12,81184864;1,006063187;0,137101889;0
15008;10;26,56522549;63,33333333;10,17938772;12,81192303;1,408048496;5,206389308;0
15009;15;16,37430719;27,33333333;9,263275991;12,81260014;1,30614001;2,325374961;0
15010;15;8,408370434;12;11,24975983;12,81301212;1,130175814;0,774695754;0
15011;15;9,319395987;14,55555556;10,87236348;12,81361389;1,145038785;0,933400869;0
15012;15;8,268043013;7,666666667;10,12386026;12,81421566;1,066992588;0,614490628;0
15013;15;13,74353972;13,33333333;11,56213192;12,81424332;1,161464203;1,238925934;0
15014;10;5,771494372;6,5;14,41917792;12,81644058;0,96495769;0,243218184;0
15015;15;4,660308688;5,833333333;11,33308945;12,81667519;1,009574279;0,112936854;0
15016;15;15,65639076;27,5;10,55716447;12,81856823;1,305576859;2,311954498;0
15017;15;5,821026517;23,16666667;11,7011641;12,81911469;1,094746077;2,324420929;0
15018;15;3,884507817;5;10,52480408;12,81912708;0,999307479;0,004410267;0
15019;10;6,636173213;7,666666667;10,43877639;12,81913757;1,041186811;0,254348516;0
15020;15;4,814556496;5,333333333;11,07484952;12,81936741;1,006125504;0,06676805;0
15021;15;12,93824671;17,44444444;9,726688063;12,8211813;1,138689486;1,201238155;0
15022;10;8,028048304;8,666666667;11,40690521;12,82152462;1,020280745;0,145341635;0
15023;15;4,564026797;5,333333333;14,31032147;12,82208633;1,017637575;0,19393146;0
15024;10;5,304724385;5,666666667;12,54340921;12,82304573;0,953133759;0,09096396;0
15025;15;10,48774637;17,5;9,483969343;12,82349873;1,187850819;1,276856065;0
15026;10;7,467254491;8;11,23104428;12,82411194;1,018905007;0,309882879;0
15027;15;4,431318317;6,333333333;14,66144355;12,82467651;1,049335311;0,511210442;0
15028;10;11,79583885;15,5;8,628029892;12,82482147;1,16637595;0,970162272;0
15029;10;17,43948172;30,66666667;11,74980726;12,82580757;1,330564876;2,456081867;0
15030;15;4,986964764;7,166666667;11,88564127;12,8264904;1,091973088;0,376474857;0
15031;10;14,96068361;19,83333333;10,01605314;12,82837963;1,191521926;1,48341167;0
15032;15;27,17022387;61,66666667;9,974079443;12,82846069;2,133365384;8,326536894;0
15033;15;19,97185471;32,16666667;11,44776582;12,82879543;1,600358449;3,826340675;0
15034;15;16,82924275;46,83333333;11,71771916;12,82912827;1,618131905;3,911376953;0
15035;15;26,55034333;65;10,92051907;12,82945633;1,510693925;6,023413658;0
15036;10;13,02307724;14,5;9,235052289;12,8315382;1,10383148;0,882905841;0
15037;15;10,55057963;24,83333333;9,887729354;12,83174706;1,077890818;1,601545453;0
15038;10;5,719303524;5;12,39233529;12,8322916;0,972193437;0,008548379;0
15039;10;8,361552184;12;8,002518475;12,83406162;0,995669886;0,523119926;0
15040;15;24,05839973;43,16666667;10,78400301;12,83510303;1,808462513;5,448774815;0
15041;15;3,821294273;13,33333333;11,76337209;12,8385582;1,233661531;1,482906699;0
15042;10;10,45898375;12,16666667;11,00272967;12,84286308;1,125799167;0,74946332;0
15043;15;9,493911223;16,83333333;10,33243487;12,84335136;1,108865029;1,121528506;0
15044;15;4,868202479;12,5;12,96035932;12,84536648;1,132126838;1,008032441;0
15045;15;25,40050687;39,83333333;11,1523294;12,8453722;1,493578842;4,159668088;0
15046;15;10,71122613;14,33333333;9,13603054;12,84574604;1,045656872;0,991431952;0
15047;10;8,138684437;12,33333333;12,2902816;12,84583473;1,011815506;0,082501292;0
15048;15;10,83497739;21,33333333;12,55769317;12,84760571;1,198726131;1,829473376;0
15049;15;9,97804889;17,16666667;11,93362481;12,848629;1,072734619;1,162983179;0
15050;15;13,29369579;18,66666667;10,65313416;12,84901142;1,191300502;1,621553898;0
15051;15;5,676058909;6;11,97449794;12,849123;1,061055904;0,305348277;0
15052;15;10,62603024;26,66666667;11,82997557;12,84925461;1,490175647;3,200349092;0
15053;10;22,38926501;38;9,603172116;12,8516531;1,12777065;2,488799334;0
15054;10;6,595317807;13,83333333;12,09151058;12,85348701;1,128240864;0,997301936;0
15055;15;3,896796313;5;12,94553095;12,85387993;0,99120603;0,006013036;0
15056;15;15,02853792;23,66666667;10,76907449;12,85485554;1,307200849;2,273144722;0
15057;15;5,413173288;19;14,89800701;12,85550404;1,404102636;3,192240238;0
15058;15;9,89319866;13,5;9,701559777;12,85602951;1,149992792;0,941312551;0
15059;15;9,944853712;20,66666667;11,72450171;12,85632992;1,358207131;2,401248217;0
15060;10;9,193762575;12,66666667;11,55601238;12,85930538;1,069296359;0,658614516;0
15061;10;22,91261628;29;10,04439365;12,85988522;1,435208751;2,778399944;0
15062;15;28,48297197;39,16666667;10,2847635;12,86083889;1,615560239;4,933981895;0
15063;15;7,785151091;11,88888889;11,88574425;12,86214161;1,091425447;0,93043828;0
15064;15;13,89125756;16,66666667;12,02261098;12,86228848;1,277604341;2,016147971;0
15065;15;19,26356386;19,16666667;10,48706997;12,86330414;1,334811139;2,043408871;0
15066;15;10,5782056;19,16666667;11,86828891;12,86561584;1,290433391;2,097182631;0
15067;15;17,8551058;28,33333333;10,98118972;12,86784172;1,343486915;2,53143084;0
15068;15;5,815241456;7,666666667;12,65583805;12,86871433;1,05579483;0,530242205;0
15069;15;9,005290767;22,16666667;11,36497397;12,86928844;1,020850016;0,209267259;0
15070;15;15,6249809;25,5;11,09055904;12,87076378;1,359967381;2,425739169;0
15071;15;4,689687435;8,5;10,96769574;12,87253189;1,125840485;0,658279181;0
15072;10;5,738810597;6,166666667;10,03023884;12,8725853;1;0,164406657;0
15073;10;5,29575508;5,5;8,159626155;12,87318325;1;0,03061533;0
15074;15;18,41329201;46,66666667;10,5326325;12,87407303;1,31320991;3,669157982;0
15075;15;16,43065442;19;10,59093189;12,87453842;1,305384931;2,138984442;0
15076;10;8,67842709;12,16666667;9,922087504;12,87593174;0,649636083;0,305925488;0
15077;15;12,89932203;19,5;10,38771923;12,87646294;1,281843444;1,661839724;0
15078;15;17,06588486;32,5;10,0378598;12,87668896;1,40488139;3,022689462;0
15079;15;18,76975396;30,16666667;9,631530144;12,87965107;1,383908758;2,943378091;0
15080;15;12,23808827;17,33333333;11,51054968;12,87972641;1,231903739;1,459691763;0
15081;15;12,53780183;23,16666667;10,63894627;12,88248062;1,260502586;1,872578859;0
15082;10;9,538065052;11,33333333;9,450197317;12,88315773;1,089324425;0,733154893;0
15083;15;17,23825904;21,5;9,97370118;12,88407421;1,288616004;2,166657686;0
15084;15;14,21477891;29,33333333;11,36078694;12,88507748;1,29304641;2,439299464;0
15085;10;18,55898089;47,83333333;13,29576531;12,88659286;0,742894052;2,013356566;0
15086;15;14,82110014;36;11,83740438;12,8870039;1,3309972;2,137406945;0
15087;15;22,19376363;37,16666667;11,79965509;12,8873539;1,673582125;4,86935842;0
15088;10;5,869868276;6,666666667;12,18729401;12,88778496;1,006109682;0,222384214;0
15089;10;9,115908115;17,5;11,00783209;12,88790035;1,039541171;0,883714318;0
15090;15;8,17105807;8,333333333;13,28203337;12,88840961;1,196593508;0,640726328;0
15091;15;14,07626832;27,33333333;10,53815967;12,88993454;1,380165408;1,770121694;0
15092;15;9,624240297;11,83333333;11,66502534;12,89089775;1,11478719;1,101557136;0
15093;10;15,94753475;31,33333333;12,02420983;12,89137268;1,412698752;2,948569417;0
15094;10;14,34208772;20,5;9,823637026;12,89303684;1,140006342;1,160312295;0
15095;10;26,83549245;48,83333333;10,12846231;12,89455128;1,380038722;2,872832537;0
15096;15;39,29774151;92;9,557127491;12,89906979;2,481671201;13,41905355;0
15097;15;11,44169606;14,16666667;10,27281458;12,90052986;1,178193493;1,195297837;0
15098;10;8,001153503;7,833333333;12,18896803;12,90068054;1,069398359;0,507043958;0
15099;15;9,505361869;11,16666667;12,26863374;12,90089226;1,113462747;1,147036552;0
15100;10;13,54189532;21,33333333;10,3445541;12,90190506;1,14670974;1,368130326;0
15101;10;5,290016773;6,5;13,26137069;12,90285492;1,035106754;0,209840775;0
15102;15;15,64800303;20,5;11,61076124;12,9031744;1,387440856;2,395521879;0
15103;15;22,0540237;39,16666667;10,12046626;12,90336323;1,609869336;4,200814009;0
15104;15;15,95090221;35,33333333;11,76232318;12,90430355;1,585849049;4,084932923;0
15105;10;10,83973724;14,16666667;12,46827614;12,90626526;1,17280253;1,033824921;0
15106;15;16,75635888;22,66666667;11,09784718;12,90794659;1,350068075;2,473362088;0
15107;15;19,33203007;29,16666667;10,43362001;12,90802765;1,478636802;3,211410046;0
15108;15;18,63513097;35,83333333;10,41497939;12,90953827;1,47546359;3,557263374;0
15109;10;7,069168588;9;9,231568998;12,91589642;1,01107285;0,341776848;0
15110;15;9,914897211;17,5;9,739634283;12,91606903;1,198664303;1,160671353;0
15111;10;7,39081478;9,166666667;10,51786252;12,91644764;0,986393827;0,396051049;0
15112;15;17,92350628;21,33333333;10,20900788;12,91794586;1,375181465;2,288782239;0
15113;15;7,08392178;9,5;11,66984646;12,91916847;1,124345691;0,594455838;0
15114;10;7,784782813;7,333333333;11,34097229;12,92127609;1,074656171;0,377690434;0
15115;10;17,95151391;17,16666667;11,92688279;12,92154026;1,260475998;1,819969058;0
15116;15;7,826212566;12,83333333;11,11495403;12,92221928;1,104840568;0,893665075;0
15117;15;10,75931789;16;11,39152754;12,92281342;1,338094656;1,668978691;0
15118;10;11,54651915;16,5;11,4278306;12,92813301;0,978333716;0,907109141;0
15119;15;23,15750076;53,5;11,02909802;12,92836952;1,962395676;6,778319359;0
15120;15;3,75194104;9,333333333;11,66628951;12,9285717;1,108611755;0,950529456;0
15121;15;16,36816054;26,16666667;11,21527874;12,92857552;1,412297923;2,647598147;0
15122;15;8,534104587;10,33333333;11,4794698;12,92902565;1,111427019;0,769386172;0
15123;15;9,28541348;14;10,44469134;12,93159962;1,11885629;0,751017451;0
15124;15;9,549480109;29,16666667;13,74181622;12,93220711;1,448895851;3,651586652;0
15125;15;19,0612543;27;11,45382157;12,93354607;1,532864931;3,555129051;0
15126;15;12,68275276;19,33333333;9,476126723;12,93389416;1,247661332;1,668562651;0
15127;10;6,099179414;7,5;10,65439479;12,9351902;1,074517696;0,238759398;0
15128;15;15,61129365;28,83333333;10,24604875;12,93545437;1,325709203;2,300667882;0
15129;10;5,21143059;6;10,84260769;12,93548775;0,930593117;0,069510102;0
15130;15;21,97572856;43,83333333;9,460382078;12,93694401;1,393394438;3,837498426;0
15131;10;14,45234665;12,66666667;10,87204519;12,93758106;1,163700988;1,036663413;0
15132;15;19,35051378;36,16666667;9,837256918;12,93807316;1,533650279;3,638023376;0
15133;15;13,25524609;20,83333333;11,09193666;12,93841076;1,371808529;2,075674653;0
15134;10;3,836628699;14,16666667;7,748613397;12,93855286;0,903398838;0,626444101;0
15135;10;10,11817683;13;12,09028063;12,9400959;1,119472417;0,946604013;0
15136;15;6,091991875;8,833333333;11,06952946;12,94024277;1,013833406;0,427121997;0
15137;15;3,298559508;5,166666667;8,686581605;12,94178486;0,968199737;0,028359771;0
15138;10;9,512685904;16;10,06963452;12,9431591;0,944373201;0,724932551;0
15139;10;23,39853874;50;12,05834621;12,94394588;1,720882336;5,248801708;0
15140;15;22,97526836;37,83333333;11,06805005;12,94613552;1,773211917;4,558870196;0
15141;15;8,302852126;19,5;9,673958834;12,94727135;1,131761649;1,161655545;0
15142;15;19,48985774;30;10,63760351;12,94832993;1,475647258;3,216085315;0
15143;15;19,95169923;35,5;11,31053808;12,94993401;1,445266022;3,29018259;0
15144;15;16,97046052;29,66666667;11,18568157;12,9502821;1,494431179;3,28115809;0
15145;15;22,65768622;36,33333333;10,87603172;12,9503336;1,645657636;4,565410614;0
15146;15;20,47840734;32,16666667;11,36759647;12,95088577;1,423379286;3,721099734;0
15147;15;8,922514933;15,83333333;10,82846811;12,95323086;1,14132988;0,979865313;0
15148;10;11,18976625;16,5;11,67433684;12,95398045;1,157858211;1,179999232;0
15149;15;10,01906832;17;12,11116347;12,9548769;1,278801471;1,540018201;0
15150;15;4,734994943;6,333333333;12,82040755;12,95597839;0,962204669;0,169703603;0
15151;15;15,96750335;26,66666667;11,03604501;12,95677853;1,294746872;2,277300835;0
15152;15;4,638968135;6,333333333;12,697527;12,9568243;1,00520463;0,054591417;0
15153;15;18,5886489;27,16666667;11,97124797;12,95806599;1,505225863;4,238202333;0
15154;15;13,52578665;21,16666667;10,86455245;12,95878029;1,322170467;2,022334695;0
15155;10;11,32475673;13,33333333;11,20939606;12,9602766;1,089823039;0,68849647;0
15156;15;5,283485595;6,333333333;10,50062709;12,96397305;1,059399304;0,202725887;0
15157;15;5,138391611;6,5;13,56939054;12,96514416;1,059435108;0,761476994;0
15158;15;13,29773114;19,16666667;10,899417;12,96554089;1,215064423;1,786386967;0
15159;15;20,70153061;36,5;11,56572848;12,96729469;1,595878851;4,592745423;0
15160;10;7,878665316;10,66666667;9,829605137;12,968853;1,03769663;0,296372771;0
15161;10;9,169475534;10,5;10,42308835;12,96938229;1,165451611;0,438706875;0
15162;10;21,56224548;51,5;10,2963579;12,96941662;1,496806004;4,576550364;0
15163;10;4,745351575;5,5;14,01979383;12,97098064;1,007055093;0,117862225;0
15164;15;19,68818819;29,16666667;11,34923956;12,97366428;1,480032741;3,269109488;0
15165;15;8,456220126;7,666666667;10,81990783;12,97405148;1,058839464;0,56223774;0
15166;10;11,42396694;13,33333333;9,110218051;12,97516632;1,158898326;0,907728672;0
15167;15;16,28458446;19,33333333;10,54080708;12,97745895;1,288053683;1,970936418;0
15168;10;12,31904847;16,33333333;12,19140521;12,97797585;1,172864213;1,209532976;0
15169;15;3,798597544;5;14,07951207;12,97844315;0,968418393;0,005900264;0
15170;15;10,07082787;12,5;10,86601765;12,97949886;1,105490984;1,210748792;0
15171;15;17,18417993;21,83333333;11,53284299;12,9795208;1,40893162;2,775116801;0
15172;10;19,18109354;33,16666667;9,043227038;12,97992992;1,008572648;2,161581993;0
15173;15;8,60531275;9,5;13,40759229;12,98007679;1,119338648;0,882353783;0
15174;10;12,02891932;24,16666667;9,446276779;12,98081589;1,038036641;1,391779065;0
15175;10;8,610115556;14,16666667;10,17846049;12,9812851;1,024672378;0,771485567;0
15176;10;7,843135703;7,166666667;9,64271129;12,98239803;1,057563705;0,446910024;0
15177;15;7,302605738;6,166666667;9,074218755;12,98326492;1,017746295;0,233709693;0
15178;15;23,51463517;35,5;12,00988737;12,98394394;1,786690896;5,10107553;0
15179;15;8,466718956;8,5;14,37601039;12,98396969;1,201546694;1,096841455;0
15180;10;8,26990354;10;11,04714035;12,98465729;1,065200572;0,401437044;0
15181;15;17,13108535;26,66666667;10,0246475;12,98732376;1,34561398;2,409740329;0
15182;15;5,051088608;6;12,56059322;12,98871899;1,036255238;0,295231938;0
15183;10;8,11970329;12,33333333;9,191631523;12,99118328;1,026638817;0,586877704;0
15184;10;13,59052613;19,16666667;10,16097609;12,9913168;1,071350539;1,322850108;0
15185;15;4,168337553;5,166666667;11,90103406;12,99160385;1,000084818;0,036521912;0
15186;10;11,30277263;13;11,49198027;12,99356937;1,14672974;0,901542425;0
15187;15;9,902470434;22,33333333;8,548456309;12,99358559;1,047846163;1,292146921;0
15188;10;12,01202974;13,16666667;10,03234494;12,99360561;1,067841791;0,923913479;0
15189;15;11,49181718;16,66666667;10,83862409;12,99507999;1,077354559;0,988418937;0
15190;15;23,34313435;39,83333333;10,53096731;12,99542618;1,743791969;5,011867762;0
15191;10;5,192511437;8,5;13,62808557;12,99650097;0,802858601;0,221830845;0
15192;15;9,682637194;20,66666667;8,860901387;12,99703121;1,090345393;1,262239695;0
15193;10;9,061183275;9,666666667;10,27133733;12,99837303;1,064958788;0,474283814;0
15194;15;11,39835699;35,16666667;11,69645661;12,99913216;1,371708735;3,338094234;0
15195;10;11,61974428;15,83333333;10,0327566;12,99984837;1,19640243;1,172768474;0
15196;10;7,796641821;7,166666667;11,74939952;13,00065804;1,053791959;0,501863718;0
15197;15;11,6565579;14;11,06489793;13,00120258;1,19667826;1,439310789;0
15198;15;21,1200594;29,5;10,6127812;13,00366497;1,508588371;3,442050576;0
15199;15;19,20974784;30,33333333;10,46080247;13,00547028;1,412866282;2,985653877;0
15200;15;11,15144701;25,66666667;12,21109719;13,00638676;1,18689495;1,350426555;0
15201;15;3,627395927;11;9,643625882;13,00654793;1,111420441;0,810262561;0
15202;15;8,455746831;16,66666667;11,58056541;13,01008701;1,239320357;1,811109185;0
15203;15;7,772841973;11;12,82036528;13,01234818;1,136560941;1,467871785;0
15204;15;7,805960085;11,66666667;12,1373976;13,01315594;1,112507191;0,788963914;0
15205;15;19,40316059;26,83333333;10,64114546;13,0144825;1,42837384;3,052200913;0
15206;10;12,73603312;15,83333333;9,983515677;13,01618195;1,119932264;1,046711922;0
15207;15;9,928888181;10,5;11,90050464;13,01755619;1,137528075;0,704212666;0
15208;15;14,61705971;34,5;10,03482742;13,01849651;1,228965601;2,633884788;0
15209;15;11,84422983;16;10,39983629;13,021348;1,289671116;1,568191886;0
15210;15;12,56542497;14,5;12,69573656;13,02164268;1,286741607;2,034004569;0
15211;15;5,100911466;7,5;14,5561294;13,02168941;1,084595596;0,657347679;0
15212;15;6,762223609;9,833333333;13,99814296;13,02241421;1,083535682;0,724593282;0
15213;10;7,49613462;10;12,13779682;13,02312851;1,024414983;0,244599104;0
15214;10;24,18583439;32,33333333;10,82227371;13,02332211;1,252291546;2,510886192;0
15215;10;11,24352544;13,16666667;9,994799443;13,02630043;1,068676418;0,810365677;0
15216;10;13,41902947;26,5;12,33028526;13,02641201;1,21324025;1,976231217;0
15217;15;16,37998491;24;10,10802594;13,02664185;1,500956152;2,688803434;0
15218;15;15,96172426;26;12,12774974;13,03111839;1,541156608;3,63431561;0
15219;15;4,90701753;6,666666667;12,88200942;13,03273392;1,010198687;0,33840239;0
15220;15;11,51816209;13,16666667;10,22214227;13,03363705;1,180628922;1,20535779;0
15221;10;5,735042476;7,5;10,39695594;13,0340414;0,917482026;0,235158205;0
15222;10;21,98660985;38,83333333;10,76704682;13,0354414;1,412448029;3,32106936;0
15223;15;14,08293779;25,5;9,853548985;13,03590012;1,494485518;2,440150499;0
15224;15;16,00147004;29;9,328166859;13,03671074;1,21557811;2,091727495;0
15225;15;15,53920349;26,66666667;11,74871671;13,03675938;1,385829172;2,712891579;0
15226;15;24,03925354;42,66666667;10,45757016;13,03680992;1,40684268;3,945137978;0
15227;10;14,23153443;16,66666667;10,20684766;13,0376997;1,233489155;1,419382095;0
15228;15;6,96775057;8,333333333;12,455299;13,03770447;1,053751282;0,686531186;0
15229;15;14,95127313;12;11,96155236;13,03947735;1,181620965;1,40631175;0
15230;15;13,53026895;22;9,420929706;13,03964043;1,256502046;1,912898421;0
15231;15;20,37328441;45,66666667;11,16270884;13,03979301;1,749739645;5,184294462;0
15232;15;19,22229014;51,5;9,738409203;13,03993893;1,29152379;3,947909832;0
15233;15;4,323879472;5,166666667;14,90209075;13,04005051;1,028181576;0,222207308;0
15234;15;20,78594557;32,83333333;10,59402469;13,04033661;1,47870915;3,803494811;0
15235;15;12,3947776;17,33333333;12,05279254;13,04071522;1,235937949;2,159196496;0
15236;15;14,81318032;29,33333333;11,951786;13,04071903;1,270449583;2,328191876;0
15237;10;6,707265429;8;11,85858031;13,04219532;1,048576394;0,363936067;0
15238;15;17,46712249;27,33333333;10,79320867;13,04341507;1,42228919;2,979448676;0
15239;10;17,00851513;29,33333333;10,89020006;13,04350948;1,059050072;1,82321918;0
15240;15;12,40624441;15,83333333;11,61941206;13,04370403;1,200631445;1,531491637;0
15241;15;15,28908258;25,33333333;11,77674462;13,04656029;1,312954754;2,328523993;0
15242;10;6,744055099;7;9,506134691;13,04838943;1,011324113;0,192676902;0
15243;15;18,71203539;40,83333333;11,02642604;13,04877853;1,567674034;4,186585784;0
15244;10;13,36919692;18,83333333;12,28138265;13,04898357;1,116745053;1,462657332;0
15245;10;6,432221432;5,666666667;11,88329126;13,05028057;1,005444528;0,143934727;0
15246;15;5,433203236;9;11,3887678;13,05088425;1,005272539;0,313240528;0
15247;15;9,308819693;58,66666667;11,30968699;13,05090714;1,255053594;1,83384788;0
15248;15;22,52431592;29,16666667;9,739855289;13,05169201;1,41757419;3,325903535;0
15249;10;6,870721721;8,333333333;10,71522068;13,05329704;1,026471367;0,325832605;0
15250;15;6,432978525;11,33333333;8,896321509;13,05330563;0,985442961;0,617075682;0
15251;10;7,382236108;9,333333333;9,426910155;13,05357647;1,000171052;0,336657643;0
15252;15;19,33969986;31,5;10,51351152;13,05531597;1,408951621;3,117778063;0
15253;15;4,783634475;16,33333333;10,86435959;13,05541134;1,193657865;1,204241753;0
15254;15;12,41219054;17,83333333;10,46868735;13,05689526;1,227719345;1,402250648;0
15255;15;16,16112432;24,5;11,08361078;13,05744171;1,372843953;2,468287706;0
15256;15;8,669378551;26,5;13,59969992;13,05882835;1,584098318;3,818110347;0
15257;15;8,716140913;14,83333333;10,93302666;13,05940819;1,117864416;0,986228347;0
15258;15;14,29521059;21,33333333;11,36394969;13,05971909;1,393022774;2,430732965;0
15259;15;12,47041568;19,5;11,29783709;13,06029129;1,125271366;2,015895367;0
15260;15;5,850363153;7,666666667;14,32137049;13,06185246;1,102561255;0,742014527;0
15261;15;21,03394447;44,33333333;11,38357894;13,06212139;1,530599964;3,806256413;0
15262;15;14,81493179;20,66666667;10,868066;13,06381607;1,289328224;1,444315791;0
15263;10;10,99431519;13,66666667;10,69437504;13,06460381;1,043614264;0,818370819;0
15264;10;3,654348091;6,166666667;11,81972033;13,06564522;1,005665876;0,086531043;0
15265;15;6,86191576;8,833333333;10,6616731;13,06665516;1,057178698;0,469954252;0
15266;10;5,335782026;6;11,75979719;13,07083988;0,979858413;0,161535025;0
15267;10;8,701608992;12;10,70229275;13,0709734;1,035958137;0,67000401;0
15268;15;8,488900272;12,33333333;12,52290448;13,07287216;1,065681611;0,920984745;0
15269;15;26,80600604;41,83333333;8,883824747;13,07314205;1,792990667;5,224303722;0
15270;15;18,34011334;32,66666667;11,04866094;13,07512093;1,550377727;4,033034921;0
15271;15;5,732106547;5,833333333;12,62133101;13,07841206;1,01784065;0,243983269;0
15272;15;15,30776413;27;9,515045166;13,07879448;1,318102518;2,372403741;0
15273;15;17,40753218;36,83333333;10,88415622;13,07993221;1,277086483;2,641769171;0
15274;15;21,77705952;29,83333333;11,74887694;13,08142567;1,557552353;4,124111891;0
15275;10;10,79458369;16,16666667;10,0260946;13,08158016;1,090836057;0,963436604;0
15276;10;15,70694236;20,5;12,07570173;13,08469677;1,258589783;1,740214944;0
15277;10;22,32004615;39,83333333;10,28192533;13,08475399;1,311590167;3,320337057;0
15278;15;10,11406807;19,5;11,58870813;13,08705997;1,143591746;1,435004115;0
15279;15;4,373792133;10;11,61727328;13,09034348;1,077988722;0,457298636;0
15280;10;8,626473073;11,5;12,01713939;13,09044743;1,061917156;0,705461264;0
15281;15;5,710234667;15,83333333;11,72752886;13,09330082;1,270652502;1,582521915;0
15282;15;6,716446021;27,83333333;11,52800945;13,09376431;1,434218539;3,30116415;0
15283;15;9,783550866;20;10,87982419;13,09396839;1,05945072;0,466593981;0
15284;15;16,20394836;31,33333333;9,745855986;13,09399796;1,259876143;2,500150323;0
15285;15;8,00155323;14;11,77867028;13,09412956;1,098660844;0,666817188;0
15286;15;14,2406114;18,5;10,35141281;13,09428596;1,212725335;1,66967833;0
15287;15;12,8902097;22,83333333;10,97885477;13,09578705;1,210896544;1,501158953;0
15288;15;12,17837266;19,16666667;10,24738138;13,09609032;1,378604013;1,826772213;0
15289;10;4,371233258;17,5;10,47853012;13,09628105;1,167331803;1,270877957;0
15290;15;7,063727553;8,833333333;12,51166279;13,09664631;1,173589075;0,7246629;0
15291;15;21,10510053;40,5;10,41597012;13,09753513;1,737723609;4,723787665;0
15292;15;18,95406407;34,33333333;10,92579081;13,10035992;1,451793557;3,420540571;0
15293;15;17,55080781;30,33333333;10,12645161;13,10067654;1,364661184;2,709347844;0
15294;10;8,616094569;11,33333333;11,75595504;13,10311699;1,025835562;0,632126451;0
15295;15;6,316945944;38,5;11,86348188;13,10314465;1,80139589;5,341821551;0
15296;15;8,562758896;6;14,2181647;13,10329342;1,078129584;0,499383926;0
15297;15;18,66527259;26,83333333;10,10954704;13,1037178;1,353585965;2,527329922;0
15298;15;19,37904855;25,83333333;11,83798369;13,10464764;1,460313102;3,024461031;0
15299;15;11,70379922;22,33333333;11,65070197;13,10665512;1,262171735;1,826813102;0
15300;15;17,54133942;23,16666667;9,44088919;13,1108923;1,262417168;2,041104436;0
15301;15;6,103541477;19,66666667;11,49239416;13,11284065;1,140296773;0,794740319;0
15302;10;7,854080448;7,333333333;13,25606021;13,11352444;1,02696021;0,349362254;0
15303;15;16,29369887;30,16666667;10,64225394;13,11419773;1,362486728;2,730324149;0
15304;15;11,52804662;19,66666667;11,96565131;13,11426353;1,216220509;1,556072474;0
15305;15;5,736107141;29,16666667;11,67979088;13,11468029;1,232980186;2,570561528;0
15306;15;9,622849315;10,66666667;12,21991129;13,11521053;1,113615785;1,122953057;0
15307;10;12,70671001;21,66666667;9,588393681;13,11560154;1,057788077;1,206846476;0
15308;15;3,738973158;8,333333333;12,02911203;13,11898232;1,121164426;0,843308926;0
15309;15;8,040352736;12,66666667;9,526760344;13,119174;1,066722108;0,71817112;0
15310;15;11,99397102;32,33333333;11,08564223;13,12023735;1,648127173;3,959903598;0
15311;15;21,74523173;34,33333333;10,93654346;13,12052155;1,509729472;3,932358146;0
15312;15;13,90969279;23,83333333;9,728532535;13,12104321;1,300313377;2,106078267;0
15313;15;12,31694461;16,5;11,45387244;13,12333775;1,236688259;1,819815993;0
15314;15;13,87664645;24,83333333;11,01600695;13,12360096;1,316958951;2,193189383;0
15315;10;14,5197888;18,66666667;12,78208154;13,1240921;1,235618836;1,932717323;0
15316;15;10,25583321;12,66666667;12,16085428;13,12425423;1,193934303;1,33436048;0
15317;15;21,54286736;41,66666667;10,63351954;13,12477493;1,567070773;4,470985532;0
15318;15;5,915823954;6,166666667;10,77661392;13,1258049;1,039601991;0,229038715;0
15319;10;6,568366538;8,166666667;11,51781831;13,12658215;1,024680126;0,306651235;0
15320;15;5,36223013;6,166666667;11,5360009;13,12673664;1,02354241;0,395749927;0
15321;15;13,06836796;16,66666667;11,45510929;13,13104343;1,237892811;1,63916707;0
15322;10;13,97860525;18,66666667;11,13973978;13,13118935;1,241113621;1,622310638;0
15323;15;4,376427301;7,5;11,84779622;13,13167572;1,029208511;0,353906512;0
15324;10;10,52365289;16;10,11329838;13,13240242;1,129648985;1,027030349;0
15325;10;7,914468056;9,166666667;11,94552276;13,13272381;1,025651884;0,443616867;0
15326;10;7,876624351;8,666666667;9,950695587;13,1340332;1,023086357;0,380090594;0
15327;15;9,224820042;14,5;12,21100436;13,13462734;1,211362386;1,255374551;0
15328;10;17,62320392;27,5;12,26172193;13,13605213;1,250128067;2,453385592;0
15329;15;7,682684596;12;10,32119191;13,13727856;1,060718537;0,848555326;0
15330;15;5,699943831;29,5;10,83419541;13,13790321;1,525237012;3,41239202;0
15331;10;6,646022445;8,5;9,427397113;13,13829994;1,026034987;0,246834278;0
15332;15;11,41119825;25,16666667;10,04469389;13,13870525;1,280747387;2,193356395;0
15333;20;19,14704273;48,66666667;8,605704965;13,13941288;1,174252237;3,4732306;0
15334;15;11,18831482;21,5;9,656843852;13,14111519;1,159552384;1,183028221;0
15335;15;20,68942595;44,66666667;11,30298801;13,14203262;1,579643232;4,551786184;0
15336;20;21,99979235;35;10,13827518;13,14233875;1,47011181;3,552965164;0
15337;10;17,38892636;38,83333333;11,43143113;13,14687252;1,114290131;2,553005695;0
15338;10;6,977268876;8,833333333;11,22344449;13,14740181;1,014380713;0,425076365;0
15339;10;6,391006235;5,666666667;12,54920834;13,14778996;1,000825339;0,115936041;0
15340;15;17,56380248;32,83333333;10,91002393;13,14889145;1,161564183;2,474256158;0
15341;10;12,35251555;16,66666667;8,296561669;13,14896011;1,071848436;0,981517196;0
15342;10;12,57585754;26;10,40825439;13,14900303;0,990771337;1,37469542;0
15343;10;9,733076351;10,33333333;10,91516633;13,15076065;1,103145677;0,686605573;0
15344;15;13,61734502;33,16666667;11,49013563;13,1517868;1,478914533;3,158691287;0
15345;15;15,63937112;19,83333333;10,87272543;13,15329361;1,252257575;1,847790956;0
15346;15;4,180852778;7,5;13,96420205;13,15343189;1,11142036;0,692518473;0
15347;15;14,75178449;26,83333333;10,09902551;13,15459633;1,245547624;2,226453185;0
15348;15;40,5401998;88,83333333;10,34587112;13,1550951;2,273198833;12,28794897;0
15349;15;5,805732585;6,166666667;10,13114998;13,15697002;1,044495057;0,209310532;0
15350;10;12,12237169;17,16666667;10,48579508;13,15754604;1,231224674;1,286743879;0
15351;15;7,522699109;7,333333333;13,62317527;13,15899086;1,056900726;0,423160791;0
15352;15;14,15072071;16,83333333;9,15809711;13,15952396;1,281772493;1,4151299;0
15353;15;20,63299047;31,83333333;10,90940549;13,16128635;1,489415074;3,50546658;0
15354;10;5,553395387;7,833333333;12,25445318;13,16164303;0,813782941;0,227923393;0
15355;15;14,05081032;23;10,64361531;13,16192341;1,137229044;1,884809971;0
15356;15;4,53711384;5,5;12,20602;13,16221142;1,002826532;0,092966676;0
15357;15;11,40567515;13,33333333;9,95507187;13,16417408;1,161915485;1,11256361;0
15358;15;19,13549176;30,33333333;11,06415008;13,16428471;1,398556666;3,769007802;0
15359;15;7,545234087;8,166666667;12,84150871;13,16463757;1,087914324;0,763466954;0
15360;15;5,661816198;6,833333333;14,4981095;13,16519737;1,10338362;0,744382381;0
15361;15;12,04301078;19;11,9043088;13,16813946;1,233719662;1,974437237;0
15362;15;12,61194017;17,66666667;11,79038422;13,16914368;1,307423413;1,854256272;0
15363;15;16,4979819;21,66666667;10,93957873;13,17096901;1,358822452;2,457099438;0
15364;10;6,209895794;7,333333333;12,50883415;13,17184639;0,815621949;0,21908462;0
15365;15;16,82451626;32,5;10,60336764;13,17220306;1,590372139;3,730826735;0
15366;15;11,36848044;17,83333333;10,58297861;13,17230892;1,176707095;1,471072912;0
15367;10;6,454492499;6,666666667;11,31136723;13,17233658;1,020667727;0,075608253;0
15368;15;13,44361717;17,33333333;10,11418338;13,17285919;1,222833973;1,86452949;0
15369;15;16,50490518;22;11,43854789;13,17571259;1,292244517;2,204957843;0
15370;15;14,88570899;26,33333333;10,49179957;13,17588139;1,305905005;2,344791412;0
15371;15;15,56322562;60;9,034824426;13,17655373;1,149400158;4,055638671;0
15372;15;29,65748644;46,5;11,47472443;13,17919827;1,691619657;5,705806851;0
15373;15;16,397359;23,66666667;10,86688559;13,17930794;1,201533861;1,96838367;0
15374;15;10,73502303;20,83333333;10,57310251;13,18086052;1,16124757;1,495146155;0
15375;15;7,922887687;12,16666667;10,45774675;13,18100357;1,053198827;0,479835153;0
15376;15;15,90945903;32,16666667;12,18006531;13,18160534;1,600563417;3,705098391;0
15377;10;8,480570156;10,16666667;7,802963452;13,18566227;1,052144996;0,479415298;0
15378;15;7,951365084;15;12,21181343;13,18581009;1,02592496;0,909165502;0
15379;10;12,84039999;14;9,277708739;13,18629646;1,048843367;0,661260247;0
15380;15;21,628962;31,16666667;11,81229631;13,19281101;1,587481448;4,39718914;0
15381;15;8,425951595;11,66666667;12,06409556;13,19522667;1,096012282;1,017365098;0
15382;15;11,3874819;20;11,58034983;13,19892406;1,242812657;1,611966252;0
15383;10;9,929738365;11;10,09791669;13,19971657;1,066087672;0,631611347;0
15384;15;5,713014942;8,333333333;7,029335959;13,20105457;0,97556579;0,287014008;0
15385;15;29,69999994;58,5;10,37248523;13,20128155;1,728147955;7,216311097;0
15386;15;9,072369402;9,166666667;9,036054433;13,20280075;1,061810769;0,534495234;0
15387;15;18,15650972;33,33333333;11,03251945;13,20287323;1,615136918;3,689878821;0
15388;15;8,933186494;27,66666667;8,972198022;13,2030611;1,318331427;2,140900254;0
15389;15;5,700005556;14,33333333;12,1990286;13,20359802;1,1722343;1,084656477;0
15390;15;23,37814853;52,16666667;11,61701154;13,20445728;1,590277411;4,29183042;0
15391;15;11,90937484;45,5;9,456274798;13,20492649;1,690145372;4,685403585;0
15392;15;12,42836845;16,16666667;11,47296979;13,20663357;1,207597338;1,565969944;0
15393;15;21,45488602;36,66666667;11,66564803;13,20774555;1,742710567;4,869812489;0
15394;15;10,79689432;17,66666667;10,18035854;13,20814991;1,077948894;1,168877482;0
15395;15;17,05869314;26,83333333;10,20376595;13,20823383;1,396261005;2,916525006;0
15396;15;13,45234914;22,66666667;10,81084129;13,21045303;1,29099212;2,112042189;0
15397;15;15,11431748;19,33333333;11,58734503;13,2131443;1,336269673;2,256518006;0
15398;15;4,184957778;5,5;12,93106215;13,21616459;0,936075523;0,054677367;0
15399;15;10,87490114;14,5;10,9453683;13,21768761;1,201916895;1,422867298;0
15400;15;10,05331986;11,33333333;10,7045807;13,21926785;1,11644354;0,936870575;0
15401;15;19,60767112;21;11,16438704;13,22188282;1,359743138;2,603574872;0
15402;15;6,494130878;6,833333333;11,80100743;13,22324562;1,058670947;0,51468873;0
15403;15;9,740868276;13,33333333;9,358175206;13,22337055;1,156515856;1,014238834;0
15404;15;12,50648068;22,33333333;12,34873434;13,22375584;1,331466262;2,283200979;0
15405;15;7,886543842;7,5;13,48926526;13,2244072;1,099524915;0,699427128;0
15406;15;4,668934544;15,5;11,4235784;13,22615242;1,253051094;1,679519176;0
15407;15;12,40153054;16,16666667;10,62944332;13,22646332;1,192321783;1,472679138;0
15408;15;16,67411969;16,5;13,90231129;13,23027706;1,46795446;2,354660988;0
15409;10;11,38188956;34,5;12,96053197;13,23061562;1,240640429;2,669543743;0
15410;15;9,273370668;14,33333333;9,413727352;13,23305225;1,125741554;1,008502245;0
15411;15;16,96514139;31,66666667;10,53600103;13,2339325;1,45984289;3,096249104;0
15412;15;11,99163016;22,5;10,83246255;13,23429775;1,229544958;1,785426378;0
15413;15;11,69271381;21,33333333;10,91632971;13,23437405;1,17307374;1,712036252;0
15414;15;11,30588961;16,66666667;10,44766828;13,23615742;1,202452125;1,318304896;0
15415;15;8,936155127;8;10,9179528;13,23707962;1,126624294;0,736463547;0
15416;10;6,420491479;7;9,207877914;13,23722553;1,051384056;0,13970983;0
15417;15;18,27524349;29,16666667;10,67900967;13,23762035;1,376345953;2,889699697;0
15418;15;15,57955214;25,66666667;10,52674244;13,23789978;1,292249441;2,451661825;0
15419;15;6,479599093;33,83333333;11,20425368;13,23870945;1,326121442;2,195324898;0
15420;10;8,118802152;14,33333333;11,82122449;13,23896885;1,03820424;0,805564761;0
15421;15;23,06489686;27,66666667;10,78579213;13,23949814;1,471423546;3,485515714;0
15422;15;3,267588305;5,166666667;7,480302844;13,2399931;0,933681829;0,018887877;0
15423;15;22,71930598;42,5;11,27365995;13,24035645;1,691020242;5,201184154;0
15424;10;19,45061163;26,5;10,52118282;13,24064827;1,206689903;2,028979063;0
15425;15;15,45480398;47,5;11,43363349;13,24164104;2,097406568;7,509938478;0
15426;15;7,946163035;8;11,26899292;13,24438286;1,088687227;0,691545725;0
15427;10;10,39232712;10,16666667;9,698627208;13,24754715;1,022890259;0,504791617;0
15428;15;10,33904575;14,66666667;9,448302905;13,24817848;1,150125615;0,777228594;0
15429;15;9,236282354;16,33333333;11,53681093;13,24818516;1,125005163;1,247552872;0
15430;15;14,12678577;18;11,49275772;13,24893475;1,267743515;1,872269869;0
15431;15;18,33234025;36,5;10,89662152;13,24896336;1,601008016;4,029692531;0
15432;15;8,815916531;14,33333333;12,34086405;13,24897766;1,157352823;1,049919605;0
15433;15;20,03921185;37,16666667;10,05971895;13,25039196;1,292423694;3,252779603;0
15434;15;12,08663519;16,66666667;9,82986459;13,25049305;1,204618834;1,426796794;0
15435;15;12,78488202;17,83333333;10,83853508;13,25183868;1,225282242;1,694965482;0
15436;15;8,500263896;11;11,46284671;13,25358105;1,177474824;0,978557825;0
15437;15;15,91649384;19;10,99304891;13,25477886;1,242315317;1,985504508;0
15438;15;9,900557682;16,83333333;11,64497098;13,25584698;1,188427441;1,399586678;0
15439;15;16,56271607;22,16666667;10,8926474;13,25884724;1,373020797;2,46613121;0
15440;15;10,19938573;14,33333333;11,62932305;13,25915432;1,190072144;1,801683784;0
15441;15;9,996686678;14,66666667;11,93718257;13,25936127;1,188621537;1,427571535;0
15442;15;5,939205072;7,833333333;11,91711957;13,26199245;1,037752598;0,411665559;0
15443;15;12,99460359;23;11,434247;13,26215553;1,331222993;2,115256906;0
15444;15;10,70499725;16,33333333;11,21333238;13,26235199;1,159932983;1,155854821;0
15445;15;5,675188818;6,166666667;11,74831771;13,26254368;1,047939322;0,308205009;0
15446;10;7,634113448;8,166666667;10,99303419;13,263134;1,021369723;0,410638809;0
15447;15;8,256388845;9,166666667;10,59046311;13,26350498;1,078855042;0,46578598;0
15448;15;14,86707569;26,16666667;11,34053773;13,26415062;1,216690204;2,385282159;0
15449;10;7,520463051;8;10,3006616;13,26434326;1,044027778;0,328762054;0
15450;15;20,33651469;24,33333333;10,30229897;13,26508999;1,357141554;2,469511032;0
15451;15;11,2745672;11,83333333;11,58181853;13,26647282;1,166397297;1,156168103;0
15452;15;15,20864359;21;10,74500795;13,2714138;1,235821919;2,098190069;0
15453;15;5,155256775;5,833333333;11,8036135;13,27304077;1,025233674;0,257726431;0
15454;15;7,606515222;14,66666667;14,17826475;13,27538681;1,19656915;1,562547565;0
15455;15;4,279475182;22,83333333;11,21627655;13,27662468;1,255598061;2,026968002;0
15456;15;4,265127387;5,166666667;11,18659155;13,27710342;1,006707167;0,045374393;0
15457;15;18,42643715;32,5;9,355851974;13,27743626;1,277297484;2,667055011;0
15458;10;8,017564711;10,66666667;8,922267646;13,27807426;1,102261762;0,558729291;0
15459;10;6,219285833;6,5;11,41090238;13,27945709;1,012470968;0,171832085;0
15460;15;8,232247171;10,33333333;11,70458118;13,27962875;1,164657087;1,105543971;0
15461;15;8,839809811;21,33333333;11,52830413;13,27999592;1,013044654;0,142368078;0
15462;15;8,092500265;25,66666667;13,9837393;13,28305626;1,356394554;2,462452292;0
15463;10;4,624497974;5,166666667;14,46565392;13,28336334;0,927017004;0,020978212;0
15464;15;5,130725708;8,833333333;13,63206602;13,28367996;1,082566652;0,802530766;0
15465;15;8,871049063;11,16666667;10,26518705;13,28456306;1,109018937;0,815486073;0
15466;10;12,61660815;19,5;9,201047092;13,28558064;1,08561189;1,10439074;0
15467;10;13,45576983;21;11,99802567;13,28703976;1,178661462;1,738111258;0
15468;10;13,13207819;19;10,18706937;13,28822517;1,134533986;1,239388824;0
15469;10;5,254823064;5,833333333;13,61448681;13,28890038;1,030355826;0,128350258;0
15470;10;4,738194011;5,333333333;11,06836997;13,29014683;1,002643232;0,070313215;0
15471;15;15,56358877;27,66666667;10,51043697;13,29043865;1,447185953;2,817359328;0
15472;15;17,01326528;19,5;10,40541932;13,29106903;1,333198822;2,313692093;0
15473;15;6,470569362;15,83333333;10,60766774;13,29135704;1,20863562;1,646871209;0
15474;10;10,64205273;18;10,86170507;13,29177284;1,002315316;0,895153761;0
15475;15;6,135567388;8,5;11,51219281;13,29289627;1,020425787;0,415694594;0
15476;10;7,192438808;8;8,658538327;13,29297924;1,023064289;0,277365446;0
15477;15;13,01690794;18,5;12,07433215;13,29304028;1,272739786;1,963433743;0
15478;15;12,1095831;12,66666667;12,05200348;13,2932806;1,14323635;1,340432286;0
15479;10;10,98012706;14,16666667;10,2087196;13,29428768;1,107585168;0,862012148;0
15480;15;14,52723807;19,5;11,73589827;13,29455566;1,307517641;1,983071804;0
15481;15;11,31030618;14;11,24313099;13,29508114;1,205115986;0,985985756;0
15482;15;5,910142275;28,16666667;12,0698761;13,29700279;1,468605122;3,36729157;0
15483;15;3,457720664;5,333333333;11,18610745;13,2989378;1,008231008;0,035537362;0
15484;10;5,114757418;5,833333333;11,09251541;13,30096722;1,000570307;0,094582558;0
15485;15;4,745794587;8;14,64247194;13,30340195;1,049951079;0,447585464;0
15486;15;9,769607636;28,5;9,469366618;13,30349064;1,392378304;2,809896946;0
15487;15;11,56161977;16;11,77760246;13,30381584;1,288770783;1,79825747;0
15488;15;12,66449289;18,16666667;11,38671052;13,310009;1,296435071;1,885228992;0
15489;15;4,983794477;6,666666667;12,88330394;13,31007767;1,041024711;0,382418036;0
15490;10;12,46676701;17,83333333;9,694836569;13,31439209;1,127940757;1,224479795;0
15491;15;4,397203419;5,166666667;10,94837473;13,31545544;1,000300945;0,079140902;0
15492;15;13,89213767;26,33333333;11,18945902;13,31603432;1,126605969;1,935952067;0
15493;15;17,3634652;37;10,81893286;13,31751537;1,304660257;3,367759943;0
15494;15;10,08490709;16,83333333;10,72721598;13,31755161;1,203042418;1,24925077;0
15495;15;7,617529197;26;10,82567847;13,31764221;1,136098673;1,377218723;0
15496;15;11,218115;18,33333333;10,83608951;13,31768322;1,119315708;1,220424533;0
15497;10;5,005957793;8,166666667;11,1691617;13,32114124;0,980248714;0,382159472;0
15498;15;9,507515182;12,5;10,57004345;13,32479668;1,125055527;1,070115805;0
15499;#N/A;12,1902024;19,5;11,31032746;13,32614803;1,241177489;2,027716875;0
15500;10;6,648386563;6,833333333;10,199312;13,32619953;1,040315369;0,251328707;0
15501;15;14,00769074;24;11,59480384;13,32620621;1,236612128;2,126764297;0
15502;15;10,82662657;16;11,08738994;13,32709312;1,195925924;1,302261949;0
15503;10;8,619099863;13,66666667;9,330650107;13,32812881;1,000153995;0,567548394;0
15504;10;5,454686305;6,833333333;12,73029585;13,3296814;0,939841168;0,239012718;0
15505;10;7,758547316;11;10,54136488;13,33030605;1,004995367;0,511844754;0
15506;15;4,578595753;51;10,86734991;13,33215809;1,803932525;5,751501918;0
15507;15;5,097689601;10,83333333;12,0472641;13,33293915;1,09217356;0,717370749;0
15508;15;13,16631323;22;11,61041929;13,33352947;1,362589354;2,263576031;0
15509;10;10,56136874;13,5;12,34655075;13,33560467;1,078748515;0,990402102;0
15510;15;9,037929688;18,5;12,77048481;13,33634186;1,073894216;1,155967832;0
15511;15;12,12897102;17,33333333;9,817319663;13,33648014;1,2498633;1,762496114;0
15512;15;12,27237581;14;12,29971514;13,33687305;1,188760743;1,623342991;0
15513;15;13,11234757;34,66666667;10,73455543;13,33881664;1,134764183;2,283039808;0
15514;15;5,851878776;6,333333333;11,9675107;13,33924294;1,003946084;0,317176819;0
15515;15;6,04866471;6,166666667;11,38677131;13,33987427;1,005401361;0,155994296;0
15516;15;5,437925496;23,83333333;10,44112917;13,34092808;1,40534156;2,418286204;0
15517;15;7,727508974;39,5;10,14835231;13,34287453;1,601911348;3,037042737;0
15518;15;7,276137438;8,5;11,5902736;13,34331608;1,095262746;0,689919353;0
15519;15;20,56716314;11,83333333;11,44625343;13,34394741;1,154505049;1,287918925;0
15520;15;12,37950261;25,5;13,76551839;13,34449387;1,441721094;3,331736088;0
15521;10;8,077348248;12;10,24475591;13,34951019;1,033885508;0,505554557;0
15522;15;12,15402222;19,5;10,14250848;13,35028553;1,17142256;1,497491717;0
15523;15;8,623757075;9,5;12,09359775;13,35098934;1,107360816;0,797739029;0
15524;15;12,3787359;12,16666667;10,28931034;13,35379505;1,159027586;1,176080346;0
15525;10;16,62330282;28,83333333;10,63344146;13,3541317;1,059585362;2,113057017;0
15526;15;6,828960629;11,88888889;13,93958547;13,35450268;1,071845722;0,664800406;0
15527;15;5,292844008;7,166666667;13,82974279;13,35582542;1,182360897;0,638859868;0
15528;15;9,717095269;15,66666667;10,82967685;13,35592842;1,229166415;1,297346473;0
15529;15;8,714722514;12,5;12,58735941;13,35740376;1,141995616;1,232049942;0
15530;15;9,32688205;14,66666667;12,71067437;13,35853386;1,160773587;1,363736153;0
15531;10;11,28264416;16,5;9,988468028;13,35919094;1,034676414;0,712679029;0
15532;15;27,44032828;70,16666667;11,7733369;13,35923672;1,614806305;6,901146173;0
15533;10;9,894963807;9,833333333;10,51637523;13,36000061;1,061093966;0,612752438;0
15534;10;19,79516234;29,33333333;11,36876763;13,36123466;1,328446814;2,68208468;0
15535;10;9,962009435;14,16666667;10,94550908;13,36160469;1,041499331;0,51865077;0
15536;15;13,62747011;17,83333333;10,44444292;13,36165905;1,272037231;1,76149106;0
15537;15;21,2733625;30;10,24886517;13,36168957;1,63435072;3,584489703;0
15538;15;10,65556064;17,66666667;11,50142635;13,36203384;1,207355498;1,495396018;0
15539;10;8,273262975;9;10,23856412;13,36381054;1,110560453;0,484438062;0
15540;10;6,041985948;6,333333333;10,96333532;13,36692429;1,029230171;0,172924042;0
15541;15;10,53668669;16,83333333;10,84579726;13,36709118;1,127398598;1,193958998;0
15542;15;15,63873857;29,66666667;11,85386246;13,36734104;1,484745038;3,296917319;0
15543;10;8,97489142;12,16666667;9,914967219;13,36773968;1,046598454;0,247925878;0
15544;15;16,14535505;26,83333333;10,13166472;13,3710165;1,19083036;2,140430093;0
15545;10;20,30663961;32,16666667;9,358795812;13,37262058;1,123363297;2,170109987;0
15546;15;7,984027875;10,66666667;10,78732015;13,3726902;1,063456969;0,472336769;0
15547;10;5,41092439;5,333333333;12,77951841;13,37272453;0,986741816;0,053864837;0
15548;10;6,997137511;6,333333333;10,13047451;13,37594986;1,00807544;0,123410821;0
15549;15;7,423667462;7,333333333;13,4763556;13,37811184;1,099185514;0,58627224;0
15550;15;14,30425698;26,66666667;10,52927118;13,3800087;1,27210885;2,279990435;0
15551;15;7,937857043;6,5;11,64899788;13,38019085;1,050142226;0,548817635;0
15552;10;6,483425952;7,5;11,7820198;13,38036251;1,092053433;0,424964786;0
15553;15;10,46234313;15,16666667;9,590520575;13,38125324;1,087522151;1,058246732;0
15554;10;4,833960028;5,166666667;11,81508216;13,38148594;0,96918462;0,028346658;0
15555;15;14,56076656;27,16666667;10,87871961;13,38435555;1,371544588;2,64613533;0
15556;15;22,89484847;40,33333333;9,698940534;13,38479137;1,442716043;3,891165733;0
15557;10;5,599774994;5,5;10,71992748;13,38793373;0,982539445;0,083880782;0
15558;10;14,47150603;17,33333333;9,743434431;13,38909531;1,179764734;1,358088613;0
15559;15;11,62308078;21,16666667;10,60393368;13,39544582;1,232904135;1,504722714;0
15560;15;4,890893166;5,666666667;13,27824916;13,39596844;1,01236688;0,121444464;0
15561;15;13,65755157;28,33333333;9,93236119;13,39753342;1,1437809;1,851659417;0
15562;15;12,64662756;21;11,37279197;13,39848423;1,387635556;2,189480066;0
15563;15;7,085721258;10;12,85708146;13,39886856;1,107248256;1,003791332;0
15564;15;8,286186549;12,33333333;12,93436394;13,3995142;1,08828607;0,95861721;0
15565;15;17,21864975;29;11,63049594;13,39985943;1,395292516;3,149291515;0
15566;10;17,68441562;16,66666667;9,124069875;13,40235615;1,112308949;1,250514746;0
15567;10;13,22571301;26,16666667;11,39618851;13,40240192;1,151723914;1,870504498;0
15568;15;20,64850972;25,66666667;11,17933025;13,4076252;1,420194427;3,102954507;0
15569;15;4,284075034;11,83333333;11,64179345;13,40796375;1,002919007;0,607377648;0
15570;15;8,033577157;14,66666667;12,36093416;13,40820122;1,177547245;1,240269423;0
15571;15;9,964265753;15,66666667;10,1929995;13,40832806;1,092070293;0,945125937;0
15572;10;6,394325791;5,833333333;10,89623473;13,40905666;1,005693546;0,20950532;0
15573;15;25,65889571;39;11,12834684;13,40923214;1,860247749;5,791467071;0
15574;15;5,508132001;8,833333333;11,26616246;13,40940857;1,056095222;0,679519057;0
15575;10;16,74871925;15,16666667;11,78919135;13,40950012;1,06103674;1,197814107;0
15576;10;9,814353874;11;10,1139569;13,40979671;1,107904051;0,622407079;0
15577;15;6,642959289;10;12,28967285;13,41231823;1,102129576;0,903930783;0
15578;15;11,33741505;15,16666667;10,25060214;13,41247463;1,216925952;1,269086599;0
15579;15;13,41514715;33,83333333;11,97661936;13,41281605;1,240076214;1,856515408;0
15580;10;5,225244013;5,666666667;8,892506004;13,41424465;1,000041936;0,0762676;0
15581;15;26,93923893;53,33333333;11,61320074;13,41574097;2,114076096;8,383558631;0
15582;15;28,66683269;41,5;11,37014787;13,41624546;1,76549065;5,903108835;0
15583;15;18,13747174;30,66666667;11,44101347;13,41751862;1,667564107;3,883504748;0
15584;15;10,63161544;19,83333333;8,658423684;13,41775894;1,396682219;1,5696069;0
15585;15;13,67446628;25,33333333;11,65291333;13,41818333;1,199690615;1,966227651;0
15586;15;17,22838541;31,5;10,91723803;13,41978741;1,593781027;3,816038728;0
15587;10;6,871189827;7,166666667;12,42960965;13,42051029;1,030914921;0,287022591;0
15588;15;14,56144798;28,16666667;9,535569053;13,42457199;1,319982893;2,533810019;0
15589;10;11,70591667;24,66666667;10,0725353;13,42736435;1,014065365;1,328053832;0
15590;15;21,05555944;56,16666667;11,086367;13,42854214;1,990162331;7,368088722;0
15591;15;14,54153849;28,16666667;11,67559793;13,42984295;1,323162716;2,547747016;0
15592;15;18,6827626;25,66666667;11,38099004;13,43050194;1,40210552;3,004661679;0
15593;15;5,946328162;7,666666667;10,87595923;13,4317112;1,038822141;0,358015299;0
15594;15;9,21631289;9;11,18968627;13,43233109;1,107038817;0,700392127;0
15595;15;28,37960783;62,66666667;11,01607506;13,43248367;2,192312798;8,937816262;0
15596;10;4,962296217;5,333333333;12,04292714;13,43285847;0,988909904;0,037011027;0
15597;15;13,34757173;34,5;11,42257647;13,43382263;1,76474824;4,85889256;0
15598;15;3,838043193;9,666666667;12,10216107;13,43395996;1,085878714;0,545414805;0
15599;15;11,65798241;12,66666667;9,656970927;13,43663597;1,136596596;0,993207455;0
15600;15;3,988808881;7;14,25198101;13,43685722;1,002240452;0,321729183;0
15601;15;9,395274824;13,66666667;11,52686662;13,44123363;1,110176405;1,314844489;0
15602;10;10,53007255;10,33333333;9,220274904;13,44128895;1,053670298;0,486676216;0
15603;15;23,91250131;31,33333333;11,00654162;13,44174576;1,513072541;3,84395802;0
15604;15;6,909061905;11;10,83153115;13,4417572;1,074006322;0,695235252;0
15605;15;11,48308884;20,83333333;12,99657558;13,44214916;1,30009829;2,687589288;0
15606;15;7,941467533;14,5;11,01723786;13,44244957;1,054073128;0,904703617;0
15607;15;9,857449241;10,16666667;12,69857608;13,44254398;1,165921585;1,196958303;0
15608;10;6,055913432;32;12,33667509;13,44254589;1,35234634;2,708393335;0
15609;15;9,94652812;14,33333333;10,54050878;13,44513416;1,124457471;1,183036327;0
15610;15;17,80194074;30,83333333;10,13827196;13,44572258;1,450779556;3,147774935;0
15611;15;4,094199034;5,166666667;11,56712545;13,44658756;0,997670884;0,065229177;0
15612;15;10,10304086;11,66666667;10,76810616;13,44734573;1,135994647;1,167636514;0
15613;10;5,300715574;6,5;11,26438451;13,44749355;0,937350172;0,102798223;0
15614;15;11,20744387;21,33333333;11,05137798;13,44815922;1,280319402;1,780825377;0
15615;15;3,747401049;12,5;12,94569924;13,45083427;1,175089522;1,122352958;0
15616;10;8,286382283;7;9,664213099;13,45630455;1,038531719;0,265680194;0
15617;15;12,11584424;12,66666667;11,79976515;13,45645142;1,15978343;1,32053113;0
15618;15;17,60689806;26,83333333;11,85375021;13,45709705;1,420237127;3,04848206;0
15619;15;16,40947423;29,5;11,08471764;13,45711803;1,375587262;2,972314;0
15620;10;9,401304985;9,833333333;8,100178214;13,45812607;0,883803018;0,349032521;0
15621;15;12,87812262;20,5;10,73852881;13,45820999;1,269343449;2,029730558;0
15622;15;11,50316595;13,33333333;11,27202012;13,46011257;1,123590229;1,136414528;0
15623;10;12,81090514;30;9,963007732;13,46119881;1,009543787;1,747699618;0
15624;10;10,47488531;18,16666667;12,74042447;13,46252251;1,168183231;1,429658651;0
15625;15;16,66898849;20,83333333;10,78372429;13,46306133;1,317545894;1,988150001;0
15626;15;16,8587038;26,5;9,969222816;13,46623421;1,392091379;2,653145432;0
15627;15;15,9664832;26;11,44652505;13,46700764;1,303693794;2,614168048;0
15628;15;16,3196148;37,33333333;11,73001071;13,46787739;1,4340095;3,697863698;0
15629;10;26,63426446;52,33333333;9,651878533;13,46899128;1,373262956;4,317760944;0
15630;10;17,42317847;22,33333333;12,73425926;13,46972084;1,267622606;2,125835657;0
15631;15;8,989962102;9,666666667;11,54529837;13,46984196;1,157132077;0,888852;0
15632;10;6,23555549;8;11,99136072;13,47000217;1,037932247;0,327116847;0
15633;10;5,780426154;7;11,70906687;13,47266579;0,992481691;0,221131325;0
15634;15;21,86736038;43,33333333;11,11134423;13,47363853;1,631364615;4,915207028;0
15635;10;10,73819082;18,33333333;9,764540554;13,4743309;1,016465528;0,778996944;0
15636;10;9,069959713;11,83333333;12,40887695;13,47436619;1,078755703;0,584545612;0
15637;15;4,99366719;38;11,40384248;13,4745369;1,543388335;3,954902887;0
15638;10;13,59660668;19,33333333;11,18979018;13,47504616;1,130539408;1,608222127;0
15639;15;22,45057709;38,5;11,16929493;13,47675037;1,631781632;4,577322483;0
15640;15;5,217644935;5,5;14,31841581;13,47698498;1,019215385;0,304987073;0
15641;10;4,825021133;5,666666667;9,855460518;13,47772598;0,965640769;0,040266752;0
15642;15;18,34352262;28,16666667;11,0943141;13,47926521;1,508360459;3,306043386;0
15643;15;11,20037538;17,33333333;11,25752063;13,47992611;1,199478705;1,524843931;0
15644;10;6,87593735;9,166666667;12,0783004;13,48049355;1,00930132;0,502732277;0
15645;15;3,689227741;13,5;10,74195157;13,48103046;0,996063241;0,708726525;0
15646;15;5,181855317;20;12,03304331;13,48226929;1,187887461;1,451434374;0
15647;10;17,84594021;20,5;9,346057747;13,48253345;1,084049098;1,674541712;0
15648;15;9,42088797;21,33333333;10,48864845;13,48332596;1,019216512;1,290443063;0
15649;15;15,83885392;31,5;9,979478302;13,4835434;1,253820509;2,573971033;0
15650;10;13,21669728;40,83333333;10,6838879;13,48367882;1,189059463;3,54549396;0
15651;15;11,57239903;16,83333333;11,56979851;13,48494434;1,256368495;1,587243557;0
15652;15;11,58776401;25,66666667;10,47289555;13,48772049;1,299642908;2,100225806;0
15653;10;5,454183638;5,5;12,21700284;13,4889307;0,960343929;0,059267879;0
15654;10;15,47231251;29,66666667;9,791087898;13,48893929;1,134915833;1,969527006;0
15655;10;19,63590079;27,5;9,79777965;13,48953533;1,23892029;2,46843338;0
15656;15;9,215763932;12,66666667;10,58929892;13,49362278;1,13590501;1,505597711;0
15657;15;16,97214946;19,83333333;11,57088287;13,49362564;1,401445405;2,453007698;0
15658;15;3,497299382;5,166666667;10,36653793;13,49615479;0,96011396;0,026567221;0
15659;15;15,88015825;26,66666667;11,1267778;13,49619102;1,328077674;2,46764338;0
15660;15;6,216784512;14,83333333;12,56798193;13,4966116;1,065392653;1,518305421;0
15661;10;29,98933889;85,33333333;10,4582914;13,49723244;1,481069007;7,872472167;0
15662;15;31,23630969;53,83333333;9,104758455;13,49740887;1,55543103;5,538106084;0
15663;15;8,498478849;19,33333333;10,67897483;13,49848747;1,199994705;1,677561164;0
15664;10;5,949734308;5,666666667;12,5228893;13,49900246;1,008533697;0,100034714;0
15665;15;4,790647544;6,333333333;12,21911448;13,49915504;1,003007437;0,118072033;0
15666;15;19,48892396;29,16666667;10,74415549;13,49954128;1,40835819;3,101613522;0
15667;10;6,605303422;5,833333333;13,49865373;13,49969196;1,159424072;0,16444838;0
15668;15;9,708564476;27,5;10,56348361;13,50119686;1,300837057;2,504213214;0
15669;10;8,822458625;12,33333333;11,41222754;13,50215244;1,046496507;0,678746223;0
15670;10;12,54545795;21,5;8,66583633;13,50223637;1,032427164;1,1440835;0
15671;15;5,199027395;6;11,60598283;13,50480843;1,010846549;0,144483566;0
15672;15;8,635468023;17,33333333;11,73882407;13,50624275;1,12645351;1,717264771;0
15673;10;6,67914741;5,5;12,62223594;13,50710869;0,986587612;0,082790256;0
15674;10;6,586531235;9,5;9,897662515;13,50770473;1,022456133;0,373595357;0
15675;15;20,71356049;28,66666667;11,87497997;13,51201534;1,528756496;4,228559613;0
15676;15;11,31176166;20,16666667;9,1498478;13,5128727;1,081664403;1,322696447;0
15677;15;8,042024323;13,33333333;9,797371108;13,51409531;1,015437347;0,555063963;0
15678;15;14,36486965;24,33333333;11,78190515;13,51558018;1,370482939;2,663357615;0
15679;15;4,615983673;10,33333333;12,20622534;13,51608276;1,071669178;0,949862957;0
15680;10;9,113054663;10,66666667;10,9224855;13,51699162;1,086047812;0,623041749;0
15681;10;12,61423831;13,16666667;9,029623019;13,51953697;1,11685064;0,862289906;0
15682;15;17,55143211;35,33333333;10,13682794;13,51969242;1,462112835;3,352171659;0
15683;15;20,95983689;38,5;10,93909244;13,52081776;1,642930588;4,656301022;0
15684;10;17,88926866;24,83333333;11,43023234;13,52111149;1,190615711;1,978739262;0
15685;10;8,047703229;8,666666667;9,01930104;13,52303696;1,00193115;0,384737015;0
15686;15;16,38736074;32,5;11,11415689;13,52441883;1,358824861;3,029248714;0
15687;15;7,315776323;8,166666667;12,38159645;13,52449322;1,11385116;0,891913414;0
15688;15;10,08831811;13,16666667;11,06375463;13,52692795;1,108011542;1,018628955;0
15689;10;13,05582193;30,16666667;8,971360901;13,52694702;1,009189201;0,074202538;0
15690;10;7,347847875;7,333333333;10,51994014;13,52710056;1,035177165;0,267495632;0
15691;15;6,14405831;6,333333333;12,29656585;13,52790833;1,063923551;0,439163923;0
15692;10;6,030335729;5,666666667;11,09050671;13,52841949;1,024672104;0,129268646;0
15693;10;8,338618895;9;9,980273358;13,52967167;1,008732251;0,512179017;0
15694;15;11,72899737;16;11,37791088;13,52974033;1,289402474;1,685391903;0
15695;15;15,6453406;21,16666667;10,56597458;13,53002262;1,347987947;2,291685581;0
15696;15;5,997033218;38,66666667;12,61521613;13,53014278;1,603623787;4,543083906;0
15697;15;15,82698038;32,5;11,39501085;13,5334692;1,443499546;3,703782916;0
15698;15;4,512945093;6,833333333;12,03417103;13,53679848;0,999859493;0,126316547;0
15699;15;16,02391602;24,33333333;10,82785356;13,53868198;1,395368034;2,520820498;0
15700;15;5,706288777;6,333333333;9,850000345;13,53869343;1,002075754;0,292953968;0
15701;15;22,50927388;42;10,69241435;13,53869534;1,692553841;5,174080968;0
15702;10;5,88497076;7,666666667;10,72708419;13,5396719;1,04965169;0,228853583;0
15703;15;21,27117591;38,66666667;10,5952168;13,54326344;1,527076346;4,199778318;0
15704;10;8,796608708;21,16666667;10,88455066;13,54390907;1,119963418;1,5995363;0
15705;10;8,943194871;12,66666667;10,35903412;13,54570675;1,042697476;0,661185384;0
15706;15;14,39364959;28,66666667;11,07102134;13,54660225;1,393387699;2,782483339;0
15707;10;11,25400984;14,16666667;8,5285093;13,54718399;1,066145886;0,817938328;0
15708;15;22,36237302;43,83333333;10,25312721;13,54778099;1,487840034;4,477772593;0
15709;10;8,62066748;9,5;10,07688254;13,5481472;1,059906952;0,518429399;0
15710;10;9,659351491;12,83333333;11,74691965;13,54889774;1,075660545;0,791357875;0
15711;10;5,51713867;5,666666667;12,5971697;13,54964733;1,005046635;0,122881293;0
15712;10;8,663349209;10,16666667;11,47192947;13,55086231;1,02864093;0,292532682;0
15713;15;13,50938581;27,33333333;11,52153814;13,55435371;1,281220314;2,355825782;0
15714;15;18,9812752;38,33333333;11,59803082;13,55736256;1,57055539;4,442612171;0
15715;15;7,74286021;13,16666667;9,026905203;13,55842113;1,167151423;1,170709372;0
15716;15;15,88003221;36,16666667;12,42278555;13,55930901;1,474981073;3,183723807;0
15717;15;7,953998968;8,5;11,36428759;13,55939293;1,0741694;0,555527091;0
15718;10;7,529235339;8,666666667;11,88860349;13,55946541;1,080434574;0,638171673;0
15719;15;5,324537017;7;12,32765823;13,5594883;1,021191788;0,289057374;0
15720;15;18,6958434;34,5;10,69175844;13,56222343;1,539189419;3,706763387;0
15721;15;4,481878811;7;10,92017121;13,56568623;1,034520722;0,367738008;0
15722;15;10,51835852;13,83333333;8,792254389;13,56600857;1,079276319;1,009111404;0
15723;15;10,6681999;18;12,13545377;13,56837463;1,246254704;1,745577216;0
15724;10;15,54679193;14;11,86927188;13,56864834;1,157029901;1,241680741;0
15725;15;11,32692257;27;10,1218003;13,56964302;1,050261929;1,711069703;0
15726;10;7,500816695;9,833333333;10,34648906;13,56997681;0,986628246;0,591542125;0
15727;15;12,52796865;28,16666667;10,44577323;13,57169151;1,238791815;2,142845154;0
15728;15;14,5403994;19,5;10,58358276;13,57308674;1,311353091;1,970979095;0
15729;15;11,57161447;16,66666667;11,32338327;13,57348156;1,144544726;1,535904169;0
15730;15;4,342489706;12,16666667;11,06783781;13,57390022;1,187257167;1,130780578;0
15731;15;6,680406227;6,111111111;13,83220648;13,57517529;1,108206812;0,356021523;0
15732;10;5,888317294;5,833333333;10,72643596;13,57618332;1,033412507;0,178147793;0
15733;15;7,299795939;32;8,810097083;13,57707024;1,022709144;1,809565425;0
15734;15;31,97021989;46,66666667;9,479599116;13,57796001;1,427950195;5,656238079;0
15735;15;9,776762995;11,5;10,74121055;13,57943439;1,118580795;1,200512767;0
15736;15;7,34573661;6,833333333;11,67491229;13,57980251;1,045384552;0,494553566;0
15737;10;5,978697535;11;10,32245331;13,58020782;1,00513952;0,604719043;0
15738;15;12,72354345;25,5;10,8579505;13,58180237;1,200818784;2,109521389;0
15739;15;10,48871161;12;9,609475739;13,58252144;1,09240558;0,688864708;0
15740;15;12,7822788;19,16666667;10,46472094;13,5842495;1,262716854;1,812800646;0
15741;15;5,222973551;6,333333333;14,647252;13,58529854;1,056305952;0,586643815;0
15742;10;5,822545609;6,666666667;9,044861304;13,58594418;0,999202482;0,148127556;0
15743;10;11,2459429;13,5;11,23341469;13,58596706;1,11751138;0,947105527;0
15744;15;18,83244043;40,16666667;11,47600777;13,58653736;1,275210819;3,4823246;0
15745;15;15,37475013;33,5;10,81750776;13,58663273;1,375540723;3,076776743;0
15746;10;4,947496181;37,5;10,51793434;13,58670139;1,354480923;3,070148468;0
15747;10;6,940150204;26,83333333;10,59744011;13,58900261;1,297543241;2,405699611;0
15748;10;7,17504514;10,33333333;13,41276301;13,59015083;1,02674397;0,699469447;0
15749;15;18,05269931;21,5;12,51408209;13,59082794;1,437183377;3,35068202;0
15750;15;5,925312044;6,166666667;10,73605071;13,59142399;1,045576265;0,254948735;0
15751;10;7,780951389;13,33333333;11,5886146;13,59655666;0,993663853;0,747817993;0
15752;15;4,175041911;5,5;14,67112984;13,59663105;0,9937474;0,127772808;0
15753;15;17,47096428;29,16666667;10,60475867;13,59917927;1,583860418;3,345474958;0
15754;10;10,1425157;15,33333333;12,40236785;13,59981537;1,140498951;1,34312439;0
15755;15;3,451330795;5,333333333;11,95593207;13,60055637;1,147952414;0,082761526;0
15756;10;18,12632174;34;10,77444748;13,60070324;1,144380897;1,405357599;0
15757;15;5,389244607;7,833333333;12,47277129;13,60076237;1,043818497;0,523798943;0
15758;15;9,941839018;12,83333333;11,69729939;13,60081768;1,165263462;1,222767234;0
15759;15;22,12659539;48,66666667;10,00041756;13,60355949;1,443085702;4,508500695;0
15760;15;9,733527701;8,833333333;10,95105196;13,60396194;1,11772361;0,8691504;0
15761;15;10,68996024;23,16666667;10,74069214;13,60564518;1,384719414;2,515961766;0
15762;15;21,95805951;30,16666667;10,84362355;13,60598183;1,617432077;4,288605213;0
15763;15;13,38971556;25,16666667;12,20695735;13,60604286;1,14317438;1,79018414;0
15764;15;11,57543076;12,5;10,30477117;13,60755444;1,164916069;1,102647901;0
15765;15;6,980004822;8;10,38149191;13,61151791;1,085606301;0,505228519;0
15766;15;11,53767364;17,83333333;9,841896756;13,61216545;1,217441678;1,485158443;0
15767;15;29,02980506;41,16666667;11,48118364;13,61224174;1,40222575;4,705883741;0
15768;10;8,052413326;10,16666667;10,3975646;13,61400509;0,999996214;0,428631544;0
15769;15;10,25185865;13,83333333;11,92281232;13,61428738;1,158614077;1,129533887;0
15770;10;4,744416117;5,166666667;11,81181382;13,61478519;0,875017407;0,020396352;0
15771;15;19,26323975;43,33333333;8,444225312;13,61541557;1,179502771;3,211375594;0
15772;15;17,22657223;29,83333333;11,89178422;13,61543941;1,649688674;4,148071289;0
15773;15;12,61173326;19;11,0650012;13,61762142;1,310270293;2,214112163;0
15774;15;10,93961707;16,83333333;9,604939039;13,62092304;1,079883948;1,134397149;0
15775;10;38,58699952;84,33333333;9,585479613;13,6212101;1,233413422;5,473236442;0
15776;10;5,638061326;5,333333333;9,249694155;13,6224184;0,941028329;0,104974985;0
15777;15;20,080697;45;10,27092952;13,62256527;1,739467925;5,00925076;0
15778;15;3,295006678;5,666666667;9,068822812;13,62264347;0,940384163;0,110431552;0
15779;15;5,036081334;19,83333333;11,150883;13,62265396;1,277645997;2,054659843;0
15780;15;14,97336028;23;10,90674685;13,62496281;1,215446962;1,998264313;0
15781;15;23,43166172;56,83333333;10,4734771;13,62503815;1,767330352;7,291230083;0
15782;10;8,463101167;11,5;10,88169238;13,62631989;1,078548141;0,613685727;0
15783;15;11,16813939;15;11,94068624;13,62652111;1,18538184;1,200362682;0
15784;15;11,09202663;14,33333333;11,0889255;13,62778091;1,255825512;1,424397945;0
15785;15;9,438703597;12,16666667;10,30284208;13,62826824;1,151192497;0,937791824;0
15786;15;15,73391311;19,83333333;12,34195163;13,62938213;1,343833833;2,833978176;0
15787;15;3,903526316;15,5;10,23941411;13,62970734;1,196939184;1,41473031;0
15788;15;16,82232548;26,16666667;11,04968609;13,63124847;1,335575052;2,816608429;0
15789;10;5,972088037;6,5;11,00973638;13,63131428;1,066495074;0,195260763;0
15790;10;5,670499617;6,833333333;11,45100809;13,6325407;1,039339223;0,187929511;0
15791;10;7,276500798;9,833333333;10,60212681;13,63289928;1,037357332;0,493795991;0
15792;10;11,00924241;13,33333333;10,80696752;13,633605;1,083444353;0,886888862;0
15793;10;8,09947237;8;10,18504277;13,6355257;1,009800256;0,30733788;0
15794;15;23,78442848;45;11,41103611;13,63610172;1,917342058;6,473287821;0
15795;15;9,390204233;12,16666667;9,773507385;13,63620377;1,106546397;0,978926539;0
15796;10;5,020397157;5,666666667;11,85109433;13,63709736;0,921134979;0,063646555;0
15797;15;19,66628485;44,33333333;8,965390774;13,63732624;1,184606855;3,278888941;0
15798;15;11,43608002;18,16666667;8,652049467;13,63889885;1,182062767;1,51298213;0
15799;15;17,07219158;30,16666667;11,64916643;13,64267159;1,363607295;3,190320969;0
15800;15;10,53406299;22;10,25429032;13,64290142;1,107923826;1,488087416;0
15801;10;15,96479646;25,83333333;9,028736895;13,64429283;1,109639541;1,556408525;0
15802;10;10,01166838;8;9,503750089;13,6455183;1,027847052;0,459915638;0
15803;10;6,032137169;7,833333333;11,98445486;13,64618683;0,986283303;0,194637656;0
15804;15;16,28344255;36,33333333;11,23999228;13,6471138;1,375421142;3,2669698;0
15805;15;11,89395429;23,33333333;8,236622191;13,64817333;1,207829222;1,716831326;0
15806;15;6,396294434;10,83333333;10,32894796;13,64960003;1,083709401;0,61034739;0
15807;15;9,395083577;26,5;9,974308437;13,65001297;1,275294678;2,292930245;0
15808;15;14,93872865;30,5;11,66540526;13,6528883;1,271917193;2,643719077;0
15809;15;11,39212837;14;10,8679851;13,65425682;1,1318041;1,273198128;0
15810;15;13,98535877;25,83333333;10,22329771;13,65480709;1,521423072;2,840273976;0
15811;10;17,47516044;30;9,566887373;13,65731716;1,208724288;2,183519483;0
15812;15;7,498231889;9,666666667;12,19566403;13,65793419;1,063570333;0,520447135;0
15813;15;9,39867586;15;9,212369834;13,65872192;1,071041256;1,106991053;0
15814;15;19,73987613;34;11,38226772;13,65899467;1,538394252;3,99773109;0
15815;15;14,64973843;16,66666667;11,07601361;13,66076756;1,29164889;1,903118968;0
15816;15;25,929878;43;11,25505113;13,66215038;1,771555122;6,291936755;0
15817;15;9,00331567;18,33333333;10,26605513;13,6630106;1,0683977;1,219731092;0
15818;15;7,201765536;19,66666667;12,26256207;13,66356945;1,091512615;1,376240969;0
15819;15;14,03425604;25,33333333;10,96188117;13,6657095;1,186113847;2,056124806;0
15820;15;10,04175732;13;9,644688604;13,66723728;1,104351978;0,693420291;0
15821;15;12,91854174;22,16666667;11,44621682;13,66816139;1,25770484;1,514442444;0
15822;15;16,51022511;25,66666667;8,657037177;13,66868687;1,251044474;2,100999236;0
15823;15;17,72232624;31;10,55467015;13,6694622;1,358038658;3,391997099;0
15824;15;16,55093256;48,66666667;11,53534182;13,67006302;1,096924901;0,729464054;0
15825;15;7,810949015;10,83333333;8,952222984;13,67035866;1,039154954;0,493526578;0
15826;15;12,46353123;18;10,51368751;13,67045498;1,231239572;1,510496974;0
15827;15;8,749249977;21,83333333;8,562288626;13,67173481;1,014911691;0,108264208;0
15828;10;9,292220065;17,33333333;10,71582028;13,67174435;1,029611317;0,183269262;0
15829;15;7,294813439;9;12,14121979;13,67342567;1,110093641;0,970799923;0
15830;10;8,615992855;12,33333333;12,44942817;13,68036366;1,044830113;0,574034095;0
15831;15;12,39370996;12,83333333;10,87430057;13,68062401;1,23521732;1,502874255;0
15832;15;12,92065164;19,5;10,71906391;13,68223286;1,187256309;1,674214959;0
15833;15;16,23107673;28,5;11,76154526;13,68287373;1,195282389;1,163289428;0
15834;15;5,549408873;7,833333333;12,42129505;13,68295574;1,039721213;0,459406018;0
15835;10;5,937768674;7;11,61769858;13,68482685;0,996596598;0,205888867;0
15836;15;17,91297021;29,83333333;10,08885236;13,68710613;1,435528805;3,249464869;0
15837;10;10,79061911;17,66666667;8,626033686;13,6906929;0,94388121;0,872173309;0
15838;10;6,032118718;5,666666667;11,91992916;13,69260788;0,942418367;0,099166274;0
15839;15;12,4534862;23,83333333;11,7253926;13,69433022;1,293302656;2,360177636;0
15840;10;11,50341592;17;10,66018481;13,69474506;1,083936735;1,097792268;0
15841;15;15,48271107;24,33333333;9,927517246;13,69707394;1,33820512;2,430177569;0
15842;10;6,733845183;8,166666667;10,72339033;13,69781399;1,033445351;0,347995281;0
15843;10;5,859503607;7,666666667;12,1235554;13,69840813;1,007121647;0,261413574;0
15844;15;15,00399251;21,5;11,190462;13,70128345;1,358101124;2,37765038;0
15845;15;27,95049282;49,66666667;10,37359654;13,70209885;2,047932391;7,448523879;0
15846;15;10,56922542;13,33333333;11,51441338;13,70267487;1,102283701;1,068417549;0
15847;10;10,73570777;14;10,93681367;13,70544052;1,032874008;0,76589036;0
15848;15;9,899497316;13,66666667;9,603414465;13,7068367;1,130720092;1,072433233;0
15849;15;7,930575683;13,16666667;9,169356491;13,70692825;1,06357489;1,200973511;0
15850;10;10,12692177;21,33333333;13,87337025;13,70740795;1,116716927;1,555740118;0
15851;15;12,53283418;18,66666667;10,03521262;13,70747662;1,132637255;1,344156981;0
15852;15;12,67918732;18,83333333;12,31678435;13,70855618;1,284401667;2,326399565;0
15853;15;7,105824545;9;12,02604575;13,70920086;1,060588339;0,61943841;0
15854;10;5,353933049;7,166666667;10,85351683;13,71058369;0,986968519;0,240270853;0
15855;10;12,72696489;16,83333333;8,552943249;13,71085453;1,072933958;1,070153713;0
15856;10;8,274028463;10,66666667;12,33258167;13,71150589;1,10337187;0,651147962;0
15857;15;9,509692195;10,66666667;11,30598654;13,71179295;1,127784317;1,085400701;0
15858;15;7,154316773;8,666666667;10,40629993;13,71326256;1,090451976;0,627143383;0
15859;10;7,299450482;9,666666667;10,87702356;13,71516323;1,021819058;0,464386821;0
15860;10;6,933529024;8;11,13871901;13,7157135;1,000046354;0,246923804;0
15861;15;12,71090052;17,5;10,36827505;13,71610546;1,314397521;1,895850897;0
15862;15;8,991773651;10,16666667;11,39109775;13,71694565;1,148944257;0,961382747;0
15863;10;7,798789602;11,33333333;12,36297972;13,71722889;1,088168883;0,771505475;0
15864;10;5,280044357;6,666666667;12,38866651;13,71796703;0,916012159;0,108903408;0
15865;10;13,03364873;19,16666667;10,31135614;13,71912003;1,18762871;1,434548259;0
15866;15;5,293832509;18,5;12,21204975;13,71984005;1,188995016;1,70633781;0
15867;10;3,662858594;5,333333333;8,336680481;13,72099495;0,860553006;0,036499977;0
15868;15;9,329557431;14;11,84918166;13,72257614;1,152754973;1,120916486;0
15869;10;13,16951672;17,16666667;12,17881634;13,72725677;1,228917862;1,652581096;0
15870;15;13,59383426;22,1875;9,784112331;13,72727489;1,326104612;2,012040615;0
15871;15;15,42000536;16;12,37223719;13,73221207;1,271895763;2,119068265;0
15872;15;4,12095381;10,5;11,23474815;13,735075;1,041511283;0,386406064;0
15873;15;25,01075399;52;11,03135905;13,73658085;2,128765569;8,094381452;0
15874;15;15,41403569;33,83333333;10,57636564;13,73699093;1,515372062;3,573291183;0
15875;10;7,766572905;14,66666667;10,29686113;13,74154472;1,001883627;0,724922061;0
15876;15;12,25325729;17,5;11,87135749;13,74307537;1,238378574;1,812637329;0
15877;15;4,445993094;20,16666667;11,01125237;13,74323845;1,284838533;2,066428304;0
15878;10;10,17854375;10,16666667;12,2174283;13,74531174;1,094154314;1,160260797;0
15879;15;5,81452623;6,5;11,48914119;13,74554539;1,084274116;0,360864878;0
15880;10;7,680926946;7,166666667;11,04195884;13,74603844;1,029043832;0,3553195;0
15881;15;15,95171403;30,83333333;11,77329806;13,74611282;1,468465429;4,066003084;0
15882;10;26,66302464;63;7,595035978;13,74722958;0,999449193;3,803268671;0
15883;10;9,911540709;12,16666667;10,28868603;13,7474823;1,075881912;0,463881612;0
15884;10;5,949350465;5,666666667;12,01368597;13,7482748;1,032219773;0,07980895;0
15885;15;11,68439032;19;10,71616391;13,7493763;1,284127739;1,753419995;0
15886;15;10,2086319;12,5;10,85726857;13,75036335;1,16446042;1,090650082;0
15887;10;9,279319952;11,16666667;9,19343678;13,75278568;1,051536755;0,627037644;0
15888;15;20,18450528;39;11,00390774;13,75683212;1,641561211;4,685249329;0
15889;10;8,933504116;14,5;11,6367462;13,75756073;1,028549961;0,969867229;0
15890;10;4,473353204;8,5;10,41352534;13,75915813;0,831770765;0,219586015;0
15891;10;5,573659014;6,166666667;11,85894483;13,7597065;1,000075035;0,131171942;0
15892;10;10,81370945;11,16666667;10,4334901;13,76002216;1,094551735;0,820256352;0
15893;10;10,09171664;13;9,278089985;13,76092434;1,017404971;0,655223846;0
15894;15;10,0029001;13,33333333;11,00504742;13,76220894;1,181383128;1,197986603;0
15895;15;16,21732002;26,66666667;11,22283624;13,7635231;1,456768052;3,089619637;0
15896;15;11,43027596;10,5;11,86062409;13,76436234;1,178594054;1,422545791;0
15897;15;12,88516979;17,83333333;10,44041186;13,76517296;1,270509874;1,785378337;0
15898;10;5,12016485;5,166666667;11,70413011;13,76561165;0,997564399;0,039654493;0
15899;15;6,048551572;8,333333333;12,55168569;13,76564217;1,028541337;0,370193124;0
15900;15;10,27074797;23,33333333;14,0304131;13,76592827;1,325997313;2,932044744;0
15901;10;15,93897009;38,33333333;12,31028142;13,7660284;1,447474589;3,790554285;0
15902;15;22,69546087;39,33333333;10,11879112;13,76949978;1,431456339;4,2679286;0
15903;10;10,67959502;17,16666667;11,78837797;13,77023315;1,053929838;1,138325691;0
15904;15;6,618707469;11;10,12565595;13,77045918;0,980316371;0,602051139;0
15905;15;18,14939499;25,33333333;10,42024469;13,77393341;1,305051469;2,693715453;0
15906;10;16,8147131;28,33333333;10,68952668;13,77466583;1,422694403;2,613213539;0
15907;15;14,13521517;21,16666667;10,59070633;13,77642727;1,354339989;2,208039641;0
15908;10;7,614478604;9,333333333;10,64786369;13,777565;1,135280457;0,415095448;0
15909;10;7,898885859;21,5;11,6649749;13,7791872;1,045889127;1,401406646;0
15910;15;17,01583681;30,33333333;10,28416425;13,77957916;1,270940436;2,677409172;0
15911;15;7,601993933;11,33333333;11,49834879;13,78029633;1,096085764;0,939890027;0
15912;10;4,316042879;14,33333333;11,30549316;13,78067398;1,070151076;0,607669234;0
15913;15;28,38065005;42,16666667;10,41689842;13,78072929;1,867887805;6,293707848;0
15914;10;8,072299833;13,5;10,09575349;13,7811985;1,174230176;1,075082302;0
15915;15;9,725690028;17,83333333;9,407518335;13,78166866;1,07870106;1,101789832;0
15916;15;16,72957583;25,16666667;11,13978359;13,78187084;1,377078322;3,264543653;0
15917;10;6,185444112;6,333333333;10,92988094;13,78321838;0,957645375;0,197937846;0
15918;10;10,19997222;10,5;11,36126636;13,78341389;1,102947732;0,882176399;0
15919;15;15,81342912;26,16666667;12,477658;13,78637409;1,33159924;3,627003193;0
15920;10;25,50004556;31,66666667;9,343358704;13,78769588;1,410980737;3,046922326;0
15921;10;5,344101048;5,666666667;10,88393873;13,78859711;1,005153613;0,074697614;0
15922;15;20,94542166;40,16666667;11,87818539;13,7890749;1,742296963;5,480095863;0
15923;15;23,52428122;52,16666667;11,51710672;13,7895031;1,828027713;6,112903476;0
15924;15;20,84171933;31,33333333;11,65291318;13,78969002;1,569484163;4,06975317;0
15925;10;13,97511081;15;11,2255572;13,79039478;1,255878844;1,403620005;0
15926;10;9,280411412;15,33333333;11,13673266;13,79175091;1,047520346;0,825085759;0
15927;15;12,97028964;21;10,57915914;13,79200077;1,256569299;1,791955471;0
15928;15;5,691901436;6;12,58040598;13,79249096;1,037321985;0,358687282;0
15929;10;12,81275452;19,66666667;11,07092787;13,79291439;1,100585705;1,446579099;0
15930;10;18,67630604;17,66666667;9,296902509;13,7945118;1,211032895;1,582825184;0
15931;15;13,34293017;26,66666667;11,51848623;13,79543209;1,09885629;1,782927036;0
15932;15;7,52122968;9,166666667;12,2281073;13,79557991;1,087620344;0,733485818;0
15933;10;13,31395575;12;12,75753951;13,79794788;1,173837546;1,135437131;0
15934;15;10,40500434;11,33333333;10,01409544;13,79952335;1,108636778;0,982506514;0
15935;15;11,71322749;14,16666667;11,25693749;13,80125713;1,136068481;0,962268472;0
15936;10;5,099859051;5,5;9,844865635;13,80155468;1,007808769;0,069435477;0
15937;15;4,698499672;19,83333333;11,04607931;13,80383492;1,327058752;2,156154752;0
15938;15;16,19384872;26,16666667;11,18972181;13,80400658;1,427124625;3,157091975;0
15939;15;14,74328117;22,16666667;12,05169168;13,80429649;1,270785322;2,179658651;0
15940;10;4,767580367;5,166666667;10,19819732;13,80468845;1,008596951;0,024712682;0
15941;15;13,93725947;18,83333333;10,76025819;13,80507946;1,240805794;1,942664027;0
15942;10;8,64602081;12,5;12,22064265;13,8076458;1,034430508;0,676459789;0
15943;10;11,87612868;17,66666667;10,83784534;13,80984974;1,10755373;1,196113348;0
15944;10;6,559736037;8,333333333;12,10091191;13,81789494;1,003420578;0,242399573;0
15945;15;12,68294279;20,66666667;11,21374778;13,82028961;1,271538282;2,000783324;0
15946;10;12,22266398;18,66666667;11,75441278;13,8210392;1,146948642;1,708031774;0
15947;10;12,52470479;26;9,825159599;13,8222084;1,220120619;1,852442145;0
15948;15;6,118090724;8,833333333;12,11321473;13,82285404;0,995325513;0,438580155;0
15949;15;12,54166023;30,66666667;11,99943144;13,82382107;1,328356135;3,449890852;0
15950;15;6,501188076;9,666666667;12,32122032;13,82426071;1,081356735;0,873101592;0
15951;15;14,64843626;18,33333333;9,951604457;13,82569313;1,213230442;2,157698393;0
15952;10;10,33360459;12,16666667;9,951829892;13,82604599;1,069563051;0,785466194;0
15953;15;15,97389229;33,66666667;10,04578925;13,8267746;1,435497518;3,229788065;0
15954;10;14,19681479;19,5;10,19516935;13,8297987;1,265883122;1,69133532;0
15955;15;18,04305841;23,33333333;11,92374089;13,83184052;1,393150242;3,082908273;0
15956;15;21,08441916;29,83333333;11,17861866;13,83265209;1,522455439;3,812128186;0
15957;15;11,49966305;17;10,42412941;13,83285809;1,182664722;1,343926072;0
15958;15;13,21900507;18,66666667;11,96653027;13,83453751;1,202924825;2,007999897;0
15959;15;7,377292382;10,16666667;10,81113693;13,8355732;1,105946526;0,822967291;0
15960;15;6,302194347;5,5;10,59502246;13,83659554;1,030092496;0,284173965;0
15961;15;24,0950407;64,33333333;10,29293982;13,83667088;1,466424885;5,945098162;0
15962;10;7,548996037;17,16666667;12,72622761;13,83838272;1,16989238;1,522860765;0
15963;10;10,23891596;24,16666667;11,78532988;13,8408699;1,033485424;1,339808941;0
15964;15;5,575891531;7,666666667;10,84147214;13,84124374;1,052180175;0,482167721;0
15965;10;19,82753056;35,83333333;11,58048609;13,84189606;1,096672131;2,473670244;0
15966;15;11,71488884;23,83333333;10,1282168;13,84224606;1,240498568;1,889613509;0
15967;15;5,60816757;8;11,62973848;13,84285831;1,011571331;0,384599924;0
15968;10;5,199890412;5,333333333;14,05457789;13,84591579;0,94931345;0,03845644;0
15969;10;7,761699269;12,66666667;12,03800695;13,84759521;1,074193244;1,03332746;0
15970;15;14,4813163;23,33333333;11,78155939;13,84760475;1,25329001;2,271207333;0
15971;10;8,763320956;12,5;11,10928408;13,84815788;1,112220351;0,747995615;0
15972;15;9,354051674;11,66666667;12,11378884;13,84899521;1,118646866;1,722750902;0
15973;15;16,31276785;24,33333333;11,45401702;13,85021496;1,413680052;3,04068768;0
15974;10;19,67177067;34,5;10,25585943;13,85031605;1,262941979;2,416937709;0
15975;10;12,55160026;18,16666667;9,984130797;13,85038376;1,187228059;1,299292445;0
15976;15;13,76239134;20,83333333;10,12593221;13,85360718;1,204283582;1,943727612;0
15977;15;7,349176785;19,33333333;10,24827106;13,85387516;1,097417556;1,392540574;0
15978;10;15,31839379;37,33333333;13,40806213;13,85394669;1,227982476;2,914548039;0
15979;15;7,79898689;9,5;11,23739338;13,85406017;1,090479566;0,652951598;0
15980;15;16,72723855;26,83333333;10,62768311;13,85561085;1,189520412;2,26386559;0
15981;15;9,11988339;11,66666667;11,8263738;13,85643291;1,071613726;0,827638865;0
15982;15;27,57075242;69,66666667;11,04238487;13,85653305;2,01137639;8,4991678;0
15983;15;13,94505075;27,16666667;12,55894913;13,85704136;1,36855021;4,177771926;0
15984;10;11,46873928;13,33333333;11,64773184;13,862463;1,146842316;0,755766392;0
15985;15;5,67978137;7;12,95465437;13,86287403;1,083167205;0,896118283;0
15986;15;9,394746184;14,5;10,75953828;13,8636694;1,098015202;1,034236073;0
15987;10;17,31162236;35,16666667;9,316904801;13,86380768;1,145374968;2,347616434;0
15988;15;14,03009142;23,33333333;10,07303257;13,86529732;1,349210823;2,26277709;0
15989;15;15,83239812;29,83333333;10,62662;13,86619473;1,246490571;2,542776227;0
15990;15;11,33467549;17,33333333;10,71967809;13,86684227;1,21001765;1,553674698;0
15991;15;22,15966523;39,33333333;11,46862728;13,86738396;1,578250883;4,847924471;0
15992;10;21,96842273;42,16666667;11,44181266;13,86783504;1,459320541;4,00178051;0
15993;10;9,426940278;12;9,337329455;13,86826229;1,103181664;0,617076397;0
15994;15;18,35376375;28,16666667;10,38239804;13,86883926;1,414817784;3,069775939;0
15995;15;8,528137425;13;12,27640049;13,87096405;1,151790563;1,564096451;0
15996;15;15,08264134;28,83333333;9,674020787;13,87099075;1,421520487;2,882250071;0
15997;10;15,60852423;27,16666667;9,63125148;13,87121296;1,063276219;1,736335635;0
15998;15;5,459398023;21,66666667;9,804780945;13,87250233;1,246586134;1,800427079;0
15999;15;12,03919919;14,66666667;10,52448304;13,87423134;1,070997775;1,22679472;0
16000;10;12,94984698;42,83333333;11,6444098;13,87434864;1,650410532;4,700306058;0
16001;15;12,45495659;25,5;11,34010883;13,8745451;1,287236359;2,25844121;0
16002;15;11,61789045;13,33333333;10,65716668;13,87625027;1,17174467;1,335695744;0
16003;15;6,706666417;6,666666667;10,61191988;13,8764019;1,068506316;0,485519767;0
16004;10;8,092379449;18,16666667;10,83095777;13,87667465;1,158335903;1,292728305;0
16005;15;7,688191443;13,33333333;11,74314606;13,87762928;1,103582292;0,91649735;0
16006;15;13,10559409;28,66666667;11,33019345;13,87819386;1,319531902;3,210274339;0
16007;10;11,88837947;18,16666667;10,15233658;13,88004398;1,12509547;1,167533517;0
16008;15;8,483031986;24,5;10,50661558;13,88103962;1,014091893;0,278409839;0
16009;10;7,95597807;9,666666667;10,94746612;13,88125896;1,071213383;0,489543676;0
16010;15;7,704317127;12,33333333;12,01973867;13,88299465;1,139336117;1,064461231;0
16011;15;14,44376364;18,83333333;12,04449731;13,88467503;1,334269607;2,313173532;0
16012;15;4,956566263;7;11,69283681;13,88622856;1,016157696;0,267864943;0
16013;10;8,670640939;14,5;11,5549445;13,89091015;1,058150928;0,894174933;0
16014;15;5,224136159;6,333333333;11,84806575;13,89140034;1,08244022;0,270614266;0
16015;15;13,60443304;24,66666667;10,48124194;13,89195156;1,18058949;1,816446424;0
16016;15;4,231402329;5,166666667;13,12153723;13,89355278;1,015001948;0,07765615;0
16017;10;5,126226697;5,333333333;9,079445088;13,89500046;1;0,053336501;0
16018;15;5,64900878;7,333333333;10,92676461;13,89793015;1,065413019;0,304034114;0
16019;15;5,299983222;8;10,49427639;13,89861393;0,97934357;0,302113891;0
16020;15;12,21239319;22,66666667;10,49225747;13,8989563;1,257480412;2,047803521;0
16021;15;11,19836181;14,5;10,52535171;13,89927292;1,122918459;1,317201972;0
16022;15;20,12697852;31;11,16751367;13,90035915;1,513344514;3,679927826;0
16023;15;10,96951358;19;11,18259392;13,90107727;1,219825061;1,338526368;0
16024;15;7,72950617;8,833333333;12,05592602;13,90201664;1,072367333;0,634057045;0
16025;15;10,97566081;12;12,29422302;13,90289402;1,138435918;1,067259789;0
16026;15;7,163305804;11,16666667;9,832298194;13,90455818;1,108935012;0,713007808;0
16027;15;13,94361973;31,33333333;10,3848913;13,90468502;1,138536177;2,29271102;0
16028;15;9,744385443;11,16666667;10,09860099;13,90513229;1,127502165;1,018828511;0
16029;15;5,188399084;6,166666667;12,58672034;13,90591812;1,040175064;0,342372775;0
16030;15;13,77294523;22,66666667;12,20079154;13,91206455;1,363291178;2,782537937;0
16031;15;21,49462651;30,33333333;11,22732832;13,91246033;1,490690237;3,688231468;0
16032;15;17,13691027;31,33333333;10,96703269;13,91261196;1,484860318;3,291965008;0
16033;15;19,46772945;29,33333333;10,98457376;13,91411972;1,526183262;3,549850345;0
16034;10;13,01641761;17,83333333;8,815109881;13,91555023;1,073212077;1,115356326;0
16035;10;16,70632037;28,16666667;9,788816163;13,91702557;1,087471833;1,843102455;0
16036;15;11,54377495;20,83333333;10,33170482;13,91771793;1,179348466;1,760352492;0
16037;10;6,706060397;8,166666667;10,59079482;13,9179554;1,000187864;0,148815513;0
16038;10;9,511326302;9,833333333;9,384881075;13,91833591;1,045658186;0,518149972;0
16039;15;4,061949367;13,5;10,4424404;13,9183836;1,166329814;1,387387037;0
16040;15;10,91095809;36,5;11,17499996;13,92032719;1,515503433;4,048214912;0
16041;15;5,933192153;8,333333333;11,90326186;13,9211235;1,051350704;0,444419742;0
16042;10;19,06899533;30;11,45336709;13,92182446;1,313146962;2,700933576;0
16043;15;11,24038396;19;11,07678838;13,92255878;1,108570725;1,479496598;0
16044;10;19,25449952;24,5;9,072235556;13,92362404;1,164198377;1,963453889;0
16045;15;9,755657864;24,5;14,47564937;13,92456055;1,400586304;3,361007094;0
16046;10;5,400530125;10,5;13,6186053;13,92580509;1,011992151;0,76713872;0
16047;15;3,549318757;5,5;13,68656587;13,92658043;1,024912546;0,356050014;0
16048;10;8,69093963;11,5;10,57482913;13,92837811;0,988772322;0,545998335;0
16049;15;10,15582683;15,83333333;11,59760611;13,92883778;1,265303667;1,589009404;0
16050;15;21,11932276;45,66666667;11,4526611;13,92936134;1,205637803;3,800400972;0
16051;10;8,846386067;9,833333333;10,32194625;13,93166447;1,091214924;0,611422539;0
16052;15;10,26760121;15,66666667;10,43817946;13,93353653;1,171749692;1,307599545;0
16053;15;9,801020482;11;9,950724984;13,93470383;1,114442761;0,953135729;0
16054;10;6,267456008;6,166666667;9,771518666;13,93587494;1,029655723;0,197151423;0
16055;10;12,79720028;16,66666667;9,211749139;13,93875408;1,138853347;0,896259427;0
16056;15;14,79199596;18,66666667;11,96069285;13,93930244;1,251421794;2,279422522;0
16057;10;18,03430934;27;11,30141372;13,93991756;1,140523473;2,219716191;0
16058;15;14,40473141;21,5;10,18672049;13,94162655;1,236314961;1,961737871;0
16059;10;15,38929357;24,83333333;8,889951435;13,94193172;1,212626704;1,188004851;0
16060;15;11,50992925;22,16666667;9,450983668;13,94277954;1,284403086;1,778394938;0
16061;15;26,98590002;52,83333333;11,29764522;13,94334984;1,954013159;7,580825925;0
16062;15;13,70000528;24;10,01423989;13,94473934;1,198668941;2,06736052;0
16063;10;9,034999596;13,33333333;10,69203349;13,9449892;0,966026213;0,632123709;0
16064;15;11,62651735;20,5;11,1920203;13,94707966;1,168842758;1,685618877;0
16065;10;7,714954297;9;10,27514452;13,94734192;1,047646083;0,43566823;0
16066;10;15,3653055;18,16666667;9,846322899;13,94747448;1,045566947;1,287219644;0
16067;15;7,550735793;9,5;11,93315847;13,94755936;1,065733898;0,613347173;0
16068;15;9,237996109;15,66666667;10,92043671;13,94860458;1,216475926;1,306156874;0
16069;10;5,319340245;5,166666667;12,81585809;13,94981766;1,002008331;0,089606285;0
16070;15;6,674881558;9,833333333;12,69072852;13,95077801;1,073643981;1,105377674;0
16071;15;13,94195484;30,83333333;11,53856076;13,9517374;1,197531855;3,251585364;0
16072;15;10,80058318;27,66666667;12,28948661;13,95197678;1,274909492;2,269598246;0
16073;10;5,398273262;8,166666667;11,92596107;13,95222473;1,001598222;0,280389786;0
16074;15;25,86203348;52;9,131268324;13,95450687;1,531152605;5,52462256;0
16075;15;8,378351388;20,83333333;11,55179247;13,95456886;1,237254725;2,002594948;0
16076;15;4,33135964;5,166666667;10,65668972;13,95699978;0,975424072;0,068215966;0
16077;15;19,32780927;39,5;11,44291419;13,95740318;1,663311258;5,047982693;0
16078;15;11,73153486;26,16666667;12,04767388;13,95826817;1,250443304;2,707018971;0
16079;15;12,03524788;17,66666667;10,48549615;13,9591217;1,233142309;1,82187283;0
16080;10;13,57104047;25;9,685740164;13,96300697;1,128749975;1,662617326;0
16081;15;9,511309922;21,33333333;10,04269737;13,96541119;1,003742344;1,20560813;0
16082;15;13,20549976;22;9,739560113;13,9664402;1,142062678;1,630232334;0
16083;10;7,951160214;19,83333333;11,26029122;13,96898174;1,12317618;1,397900939;0
16084;15;15,21878965;38,5;13,31454665;13,9713192;1,518017325;4,469620347;0
16085;15;7,577119709;8,333333333;11,87934288;13,97366428;1,164347562;0,918858409;0
16086;15;8,068202684;8,5;13,66535102;13,97483635;1,208225143;0,868984222;0
16087;10;10,06449211;17,5;11,01517791;13,97553158;0,993369968;0,898370981;0
16088;15;9,841858881;17,33333333;10,2167753;13,97559929;1,18509396;1,278542995;0
16089;10;4,621905534;7,5;10,00157598;13,97695732;0,983187356;0,285977006;0
16090;15;28,79874048;78,16666667;9,72401557;13,97757912;1,490130379;7,446591854;0
16091;10;11,90386838;8,333333333;11,34898317;13,97864532;1,057331631;0,535475969;0
16092;10;9,845798736;18,83333333;11,35215133;13,98287487;1,076242162;0,644274116;0
16093;15;15,32219478;16,83333333;10,52719293;13,98309135;1,255620774;1,900580764;0
16094;15;14,43343546;18,16666667;11,59776128;13,98368454;1,19400371;1,689887762;0
16095;15;25,51909251;62;11,27269288;13,98556137;2,183268354;9,192387342;0
16096;15;13,02081337;20,83333333;13,26903341;13,98584747;1,255609009;2,245769501;0
16097;15;8,40187212;15,16666667;7,827395379;13,98601723;0,989387668;0,777194738;0
16098;15;17,3419966;25,5;11,21073804;13,98871326;1,337303352;2,97939992;0
16099;10;8,024252656;10,83333333;13,88403028;13,98875141;1,128815813;0,880630493;0
16100;15;14,20269278;17;11,08907209;13,98965645;1,241346065;1,582496047;0
16101;15;5,30637386;5,833333333;10,64590847;13,99112701;1,014420584;0,172940016;0
16102;15;14,85950997;14,5;10,48979519;13,99198627;1,273100002;1,669267416;0
16103;15;11,40149171;23,66666667;12,04579029;13,99413967;1,31825726;2,607986093;0
16104;15;9,326698979;14,16666667;11,6714693;13,99417496;1,144895176;1,100890398;0
16105;15;16,74177696;26,66666667;11,53574788;13,99577522;1,453658491;3,371527791;0
16106;15;13,65639698;27,83333333;8,904803431;13,99629021;1,180045169;2,112330556;0
16107;10;4,664408859;6,666666667;10,3038436;13,99694157;1,011236125;0,223150611;0
16108;15;7,943197314;13,5;10,80187813;13,99699211;1,057421775;0,945799708;0
16109;15;15,88667208;23,16666667;10,26442688;13,99904823;1,288460582;2,507890821;0
16110;15;10,81536335;10,33333333;10,87321927;14,00098896;1,087828293;0,868847966;0
16111;15;5,758819242;7,833333333;11,5473619;14,00164986;1,046637936;0,355103374;0
16112;15;17,19830223;30,5;12,08485963;14,00195026;1,461412488;3,842974782;0
16113;10;13,68772638;19;10,55276326;14,00242805;1,183423083;1,481272101;0
16114;10;11,99331038;19,5;12,01089524;14,00436211;1,201488703;1,553780556;0
16115;15;14,63861231;30;12,12266685;14,00564671;1,310523822;2,715861678;0
16116;15;18,12703852;30,66666667;10,74755991;14,00775146;1,400285027;3,256861687;0
16117;15;16,56677682;19;12,08756546;14,00845242;1,334236544;2,743146539;0
16118;15;11,57181068;17,66666667;9,877462631;14,00991821;1,086741389;1,593407512;0
16119;15;4,363082472;5,5;9,559942603;14,01124001;0,999721867;0,060036182;0
16120;15;9,803210261;11,33333333;11,05555816;14,01168442;1,154766569;1,063442826;0
16121;10;6,342719885;8,666666667;12,81542708;14,01168919;1,019793329;0,360671282;0
16122;15;14,43087708;27,66666667;11,48193003;14,01367283;1,524073756;3,295396805;0
16123;15;9,849064534;23,33333333;14,39841989;14,01620579;1,529938703;3,305424333;0
16124;15;13,64708762;21,33333333;10,24881128;14,01746178;1,391595511;2,408794999;0
16125;15;13,53937282;25,5;10,37873153;14,01767921;1,368217014;2,436890841;0
16126;15;9,70523155;12,5;10,72275336;14,01806164;1,126179962;1,087134838;0
16127;15;13,12614343;20,83333333;11,24227194;14,0196209;1,278190151;2,070374727;0
16128;10;14,54749062;17,83333333;10,58479104;14,02007103;1,126714274;1,196936131;0
16129;15;20,10529009;50,33333333;10,48478596;14,02107143;1,808894561;6,03926897;0
16130;10;4,965301129;7,333333333;13,7417468;14,02298546;1,005879246;0,292869925;0
16131;10;11,67270991;15,16666667;12,58554623;14,02449608;1,093131507;0,76835227;0
16132;15;13,77115906;24,5;11,71200722;14,02683067;1,369438866;2,605388641;0
16133;10;14,83434512;38,66666667;10,90540468;14,02705288;1,198544939;2,964919686;0
16134;10;7,138130464;10;11,33795298;14,02802467;1,023839466;0,47515738;0
16135;10;13,24900808;12,66666667;10,80938611;14,02827263;1,133791624;1,101047635;0
16136;15;35,84134462;72,66666667;10,3987425;14,03210163;1,63578725;8,390188932;0
16137;15;22,82332273;38,83333333;10,50607836;14,03396225;1,449317729;4,291434526;0
16138;10;11,23394504;12,66666667;12,45318874;14,03568935;1,066047346;0,936794281;0
16139;10;4,143621132;12,83333333;9,962329276;14,03569126;1,033495933;0,747634172;0
16140;15;5,035493865;5,819672131;12,1413561;14,0363102;1,014684635;0,258525133;0
16141;15;4,96579092;5,888888889;14,19874204;14,03641319;1,061158287;0,272038698;0
16142;10;12,77819901;11,5;10,56482526;14,03664112;1,122022879;0,936809301;0
16143;15;5,558405751;7,5;10,64983665;14,03754044;1,001398896;0,19885242;0
16144;15;27,32675417;44,83333333;11,15431653;14,03771114;1,62488062;5,74831903;0
16145;15;12,14260644;19,16666667;10,82615179;14,03787231;1,238932724;1,7870332;0
16146;10;6,660798202;8,166666667;12,48983267;14,03819561;1,01264188;0,261128664;0
16147;15;20,02557782;45,83333333;9,316389005;14,03891373;1,047701658;3,310063362;0
16148;10;13,58864819;42,83333333;12,71610312;14,04020786;1,641798159;4,860172629;0
16149;15;9,713712446;19,83333333;11,36229671;14,04036427;1,006317891;1,495063186;0
16150;15;8,503796549;10,33333333;13,94806581;14,04051876;1,191956555;1,133714795;0
16151;15;7,298044166;9,333333333;10,14722794;14,04066372;1,113280048;0,672120452;0
16152;15;3,579173613;5,166666667;10,19951364;14,0434742;1,000746049;0,085334539;0
16153;15;12,50065558;28,16666667;10,59047543;14,04475307;1,187012719;2,135856628;0
16154;10;8,137356743;6,666666667;11,71462148;14,04551029;1,034106688;0,342924714;0
16155;15;10,89708972;22,66666667;11,14070651;14,04589939;1,075998772;1,554710388;0
16156;15;15,52837659;32,33333333;11,02884014;14,04623699;1,49033378;3,617017388;0
16157;15;17,6040515;32,5;10,61685544;14,04730511;1,432078605;3,71689558;0
16158;10;5,652400731;35,83333333;8,063809054;14,04826927;1,273608867;2,973612785;0
16159;10;7,646320812;12;9,937315979;14,04828167;1,00088171;0,461229563;0
16160;15;10,03399347;15,66666667;10,28639335;14,049757;1,398527488;1,423685908;0
16161;15;18,54208716;38,66666667;8,455114268;14,0498085;1,394865324;3,27825141;0
16162;15;13,13677792;15,16666667;10,81455905;14,05151081;1,123574136;1,20923686;0
16163;10;12,12258401;17;9,463217351;14,05399036;1,131272627;0,938677549;0
16164;15;7,080680225;15,33333333;12,72100178;14,05645752;1,118398221;1,350020885;0
16165;15;18,75636517;35;12,06289894;14,05718803;1,664885374;4,70972383;0
16166;10;14,50197639;21;10,74920783;14,0585146;1,353905267;2,055049062;0
16167;15;11,44984312;19,33333333;10,63345902;14,05901527;1,215774668;1,953498363;0
16168;15;16,40040984;18,83333333;10,61639736;14,06136894;1,331128048;2,103185654;0
16169;10;4,28684933;10,5;10,65004549;14,06445503;1,026267116;0,474872828;0
16170;15;14,9580921;26,33333333;10,78207888;14,0651226;1,41419939;2,808431029;0
16171;10;13,17931806;26,16666667;11,02389875;14,06639194;1,151175143;1,758942842;0
16172;15;9,476990179;9,333333333;10,64637031;14,06709385;1,126089953;0,997502327;0
16173;15;5,001158362;6,5;10,44435118;14,0673027;1,021690475;0,218169928;0
16174;15;11,3731392;14,16666667;10,43810415;14,06741524;1,203682587;1,345329642;0
16175;10;3,517620241;5,166666667;13,90164217;14,06960678;0,925987812;0,014825821;0
16176;15;7,98008507;12,16666667;13,36627213;14,07148552;1,175408991;1,167251468;0
16177;15;15,19976383;28;10,89288515;14,07151127;1,38414278;2,861924171;0
16178;10;12,49741102;15,16666667;11,82924794;14,0721693;1,052248994;1,127475142;0
16179;15;10,92326781;16,33333333;10,80925344;14,07355881;1,206600046;1,456083298;0
16180;10;10,17144492;13,5;9,72623194;14,07553959;1,049373896;0,778862238;0
16181;15;19,31534444;35,5;10,52476314;14,07634926;1,496938897;3,641368747;0
16182;15;19,33207908;36;11,59972771;14,07889557;1,577588908;4,825874686;0
16183;15;20,26443581;24,66666667;10,87240229;14,07980728;1,394664759;2,984239459;0
16184;15;10,93164881;13,33333333;11,03028572;14,08038235;1,182139516;1,348954916;0
16185;10;6,396140946;7,333333333;10,58842005;14,08129692;0,913462775;0,178873897;0
16186;10;6,984702752;6,833333333;12,90783599;14,0818634;1,055195008;0,509307504;0
16187;10;11,66797759;16,33333333;9,017257922;14,0827961;1,052388715;0,972124338;0
16188;10;6,56728392;7;12,11219192;14,08332253;1,071724678;0,32639277;0
16189;10;6,123364291;5,666666667;12,70697763;14,0852499;1,017293998;0,208207488;0
16190;15;4,567345834;5,666666667;13,29220491;14,08632183;1,072609874;0,118274212;0
16191;15;6,600412848;9,666666667;12,70051835;14,08661366;1,065404496;0,43298924;0
16192;15;20,81829335;42,83333333;12,13730807;14,08673668;1,968993485;6,467378855;0
16193;10;4,021944444;6,333333333;12,44026443;14,08679104;1,009367042;0,155077815;0
16194;10;7,725597244;9,666666667;9,894574186;14,08871078;1,045478706;0,436049938;0
16195;15;17,73852264;22,16666667;11,150623;14,09352016;1,396449745;2,746840954;0
16196;15;6,035425227;7,666666667;10,78702712;14,09453678;1,119471996;0,431614757;0
16197;15;9,666776347;9;12,12382883;14,09609509;1,133826674;1,039899826;0
16198;15;7,911797697;10;12,24017045;14,09726143;1,095452905;0,714172482;0
16199;15;8,724506633;17;12,20074683;14,09775352;1,159629422;1,91426158;0
16200;10;8,392001069;10,66666667;10,95166866;14,09860802;1,031648749;0,776577353;0
16201;15;5,973965564;10,5;11,80532183;14,09915733;1,017343457;0,179927707;0
16202;15;5,741911177;6,333333333;14,42641041;14,09969521;1,048812279;0,512581229;0
16203;10;6,381403046;5,196078431;12,31972231;14,10009861;1,010310246;0,090425372;0
16204;15;4,63956276;8,666666667;12,37306555;14,10053635;1,011044265;0,387005448;0
16205;15;10,21860877;13,83333333;12,19701058;14,10431862;1,124871647;1,281967402;0
16206;15;10,99069316;25,83333333;8,387947414;14,10446072;1,016397009;1,539796829;0
16207;10;10,3339245;12,83333333;10,12196461;14,10666656;1,190522551;0,921269417;0
16208;15;11,68833537;22;10,66810697;14,1069994;1,266104521;2,079144955;0
16209;15;4,623664927;5,5;9,438275754;14,10787487;0,99057035;0,098404884;0
16210;10;6,24226772;7,666666667;8,727748484;14,10985756;1,009018423;0,23712194;0
16211;10;9,318388769;8,333333333;11,05464612;14,11133766;1,009141477;0,468151927;0
16212;15;7,376793629;8,333333333;11,81741468;14,11172771;1,481377449;0,857041955;0
16213;15;9,469970591;11,5;9,08424463;14,11586571;1,04707969;0,836452484;0
16214;15;10,74260001;32;12,24305634;14,11627483;1,029391973;0,40931201;0
16215;15;3,650006472;13,83333333;12,57620788;14,1185503;1,124035953;1,266456008;0
16216;15;10,24058436;17,16666667;10,29340116;14,11903667;1,132469586;1,386579752;0
16217;15;14,15951459;30,83333333;11,50058394;14,11927795;1,106516849;1,589068651;0
16218;15;14,28605696;20,66666667;13,19902058;14,12129211;1,35539351;3,079519868;0
16219;10;5,061053053;15,16666667;10,3487701;14,12346077;0,995670058;0,758823395;0
16220;15;3,445555693;6,111111111;13,8313816;14,12568188;1,033760517;0,34433496;0
16221;15;8,554033107;11;12,11457254;14,12748241;1,13143135;1,054197907;0
16222;10;4,078702333;6,166666667;9,946330083;14,12826347;1,002836739;0,136942267;0
16223;15;5,422533636;7,666666667;8,919783981;14,13077259;1,014870168;0,250051737;0
16224;10;7,059966866;7,333333333;11,02471369;14,13214493;0,969457038;0,308379531;0
16225;15;7,517400512;15,16666667;12,87746225;14,13268852;1,072414622;1,006983876;0
16226;15;5,377716987;6,166666667;14,38846021;14,13368797;1,048200713;0,479582191;0
16227;10;10,80817087;17,5;11,10347421;14,13395309;1,13411215;0,547959328;0
16228;15;5,39955607;7,666666667;10,06040632;14,13408184;1,050430759;0,265426159;0
16229;15;5,292120037;21,33333333;12,51345876;14,13474369;1,022936468;1,217931271;0
16230;10;6,436805868;5,8;11,77774941;14,13489056;0,986108524;0,107053757;0
16231;15;6,844169444;19;14,06393938;14,13561249;1,315720824;2,124737978;0
16232;15;11,74563562;21,16666667;11,02784516;14,13597965;1,35106804;2,094180942;0
16233;10;16,22299715;30,33333333;10,19247844;14,13625431;1,132792532;2,148740292;0
16234;15;10,7125548;16,5;11,31767134;14,1366272;1,148170753;1,35367775;0
16235;15;10,45465537;11,33333333;10,82011956;14,13702583;1,137107061;1,011044264;0
16236;15;17,06790134;34;10,58042665;14,1460228;1,700411195;4,168061018;0
16237;15;15,377655;29,83333333;10,91321225;14,14694595;1,411187101;3,309312224;0
16238;15;3,243699768;6,333333333;13,84185935;14,14737129;1,02126964;0,642721057;0
16239;15;20,10356288;34,83333333;11,75596072;14,14748764;1,67563627;4,756489754;0
16240;15;11,90430405;21;10,71932381;14,14829445;1,234936637;1,816836238;0
16241;15;17,79199218;31,33333333;10,96951381;14,14857864;1,512493759;3,510242701;0
16242;10;10,5593252;13;11,39198158;14,14907837;1,106379633;0,985011816;0
16243;15;10,58552696;11,16666667;11,32079051;14,15104103;1,121467002;1,249671698;0
16244;15;13,69662886;31,5;11,07020732;14,1533556;1,368445043;2,669379354;0
16245;15;12,14735952;23,83333333;11,09041989;14,1540432;1,206896179;1,885440707;0
16246;15;7,272843248;24;10,05651817;14,15596008;1,145000173;1,837663889;0
16247;10;5,494707288;5,666666667;13,08165795;14,15685272;0,927416441;0,103956223;0
16248;10;7,244948611;7,333333333;12,93273522;14,15782928;0,947414916;0,396395564;0
16249;15;15,83529266;39;12,62675662;14,15903091;1,405599206;3,760597706;0
16250;10;3,785843972;14,33333333;7,09204468;14,15928555;0,899509696;0,656799436;0
16251;10;5,616771838;6,166666667;9,567236359;14,15964031;0,98970763;0,111022234;0
16252;15;11,46570259;16,66666667;11,61862054;14,1626339;1,222866213;1,779287457;0
16253;15;12,48541056;23,66666667;11,16696914;14,16342449;1,278772334;2,501010537;0
16254;10;6,25609088;5,5;12,96444696;14,16422272;1,049399217;0,133900285;0
16255;15;16,32026025;32,83333333;10,87880927;14,16523266;1,398927738;3,388762593;0
16256;15;12,47637394;29,83333333;11,20593531;14,1668911;1,240538499;2,487923026;0
16257;15;6,126662204;9,833333333;11,93196853;14,16889095;1,063779295;0,529239297;0
16258;15;4,592843144;6,666666667;14,75773957;14,17249107;1,053101785;0,606418014;0
16259;15;9,355915473;13,33333333;12,36575914;14,17364693;1,148966062;1,124780178;0
16260;15;6,047410364;8;8,901674707;14,17400074;1,037789595;0,374281049;0
16261;15;15,47403553;26,5;10,49545722;14,17512226;1,43163367;2,840968251;0
16262;10;4,069438001;6;11,35783679;14,17576408;1,00033115;0,091885686;0
16263;15;8,169591357;12;11,36585457;14,17595768;1,073999147;0,898046374;0
16264;15;8,722937767;14,16666667;10,82119313;14,18308926;1,184063134;1,247088075;0
16265;10;5,647478057;5,833333333;9,434682655;14,184268;1,020266803;0,161392689;0
16266;10;11,68968519;15,33333333;10,41484183;14,18579483;1,122360678;1,074731112;0
16267;10;5,218871479;5,5;10,44105989;14,18622494;0,967783296;0,090629339;0
16268;15;7,478556164;11;11,48659582;14,18624973;1,063465781;0,741847515;0
16269;15;14,70952705;27,83333333;12,49936329;14,18721008;1,563828272;3,697442889;0
16270;15;11,52802585;19,83333333;11,29903264;14,18771076;1,190809964;1,665125489;0
16271;15;13,43032952;23,16666667;11,83815197;14,18784714;1,320973407;2,485825658;0
16272;15;5,453565635;6,666666667;9,588269473;14,18790245;1,089312634;0,303094745;0
16273;10;14,19120501;16,66666667;10,41477557;14,19245529;1,207030028;1,501998782;0
16274;10;9,435273202;24,83333333;8,690727178;14,19260693;1,025981638;1,554883003;0
16275;15;14,49197281;21;11,1147334;14,19526291;1,20863008;2,295116901;0
16276;15;10,82096541;15,5;11,04740927;14,19565678;1,247265646;1,488059998;0
16277;10;8,844108304;10;9,967551785;14,19614697;1,034854809;0,778303027;0
16278;15;6,546848779;18;11,21977234;14,19652939;1,178626487;1,445231557;0
16279;15;4,564226746;5,166666667;10,39296413;14,19839191;1,011606768;0,073464751;0
16280;15;11,40400972;12,66666667;11,3314503;14,19861984;1,161156109;1,276833653;0
16281;15;7,722071817;10,33333333;11,04344498;14,199049;1,080399321;0,816824555;0
16282;15;5,165025424;37,83333333;9,551123164;14,20018387;1,45638749;3,80735743;0
16283;15;3,977057033;5,166666667;10,52599456;14,20669937;0,996088657;0,003873229;0
16284;15;9,252459961;17;12,3254984;14,20940495;1,217881276;1,678839445;0
16285;15;9,570579679;15,66666667;10,05404826;14,21211624;1,166839508;1,311504722;0
16286;15;10,16889702;13;11,17766968;14,21221924;1,174205874;1,234957099;0
16287;10;21,20704435;36,33333333;10,43563424;14,21285248;1,479782887;3,662997246;0
16288;10;4,313991551;8,5;11,62873551;14,21437073;1,076733567;0,621345639;0
16289;15;10,48158822;11,66666667;10,81399831;14,21438026;1,186345646;0,883784652;0
16290;15;5,551309872;6,833333333;12,47149508;14,21549797;1,087518508;0,36842382;0
16291;15;6,001086971;7,5;11,54375225;14,21635437;1,060001835;0,489386439;0
16292;15;18,18575363;30;9,872870247;14,21749878;1,414127546;3,163099885;0
16293;10;11,32735436;22,66666667;12,2634182;14,2202177;0,837140302;1,126868844;0
16294;15;9,420760213;6;14,33359659;14,22287655;1,087310052;0,573836565;0
16295;10;14,18518949;25,16666667;12,00008943;14,22301865;1,172958472;2,096459746;0
16296;15;16,63809795;28,83333333;9,709997396;14,22388554;1,273547623;2,504804492;0
16297;15;5,715384077;8,5;12,10442965;14,22495079;1,03741747;0,468414307;0
16298;15;3,629194538;7,333333333;10,86605166;14,22581387;1,062882057;0,36895299;0
16299;10;3,678240903;10,16666667;13,9802815;14,22950745;1,024222593;0,63290596;0
16300;15;10,81907827;19,16666667;11,81688483;14,23091316;1,113330348;1,860146523;0
16301;15;14,93327747;25,16666667;11,43433825;14,2317543;1,367049525;2,554772735;0
16302;15;20,26913367;55,83333333;8,578613672;14,23379707;1,025865018;3,587909222;0
16303;15;10,54539731;17,66666667;11,29617737;14,23391914;1,210782546;1,823477626;0
16304;10;14,1895945;31,83333333;10,05864203;14,234828;1,184549459;2,612765312;0
16305;15;9,589908281;14,5;10,50044475;14,23600674;1,230175235;1,2528373;0
16306;15;9,220005867;9,166666667;11,59255026;14,23620319;1,103781086;0,817487121;0
16307;15;13,1547651;28;11,09676564;14,23871613;1,321487487;2,814643145;0
16308;15;15,07342304;26,16666667;9,74042076;14,23930168;1,273531519;2,2935462;0
16309;15;14,33286947;31,33333333;10,96731696;14,23941994;1,367293019;2,907695055;0
16310;15;11,03262142;19,16666667;10,08266743;14,23973942;1,267427984;1,672983646;0
16311;15;4,659661947;14,66666667;11,03415215;14,24048519;1,069750105;0,667482018;0
16312;15;6,008015545;10;11,29597637;14,24320793;1,099835482;0,889915228;0
16313;15;15,00388054;18,83333333;11,01252819;14,24581242;1,306929975;2,234852791;0
16314;15;14,95635098;23,33333333;9,968180262;14,24645042;1,200444047;2,124822617;0
16315;10;6,083158559;9;9,416933907;14,24679756;0,986735366;0,388993621;0
16316;15;8,941767529;9,833333333;12,71560591;14,24899006;1,026403982;0,99052012;0
16317;15;9,248560219;11,55737705;11,93220636;14,25465107;1,206380411;1,451560497;0
16318;15;10,78347371;15,5;11,55191941;14,25835705;1,224454959;1,811784863;0
16319;15;6,493210923;7,166666667;13,81952082;14,26182079;1,104709105;0,709729195;0
16320;15;8,97686637;13,83333333;10,88630833;14,26227665;1,065995761;1,015916348;0
16321;15;18,29173939;34,33333333;10,28665424;14,26230431;1,597877274;4,384924173;0
16322;15;12,92759418;28,5;9,709682363;14,26273155;1,324897715;2,61086154;0
16323;15;11,51251889;16,33333333;9,785088002;14,265131;1,251857163;1,564671755;0
16324;15;5,183852155;6,833333333;12,87714161;14,26574516;1,033074101;0,31897819;0
16325;#N/A;6,300592743;6,333333333;11,71519157;14,26577282;0,954330377;0,169438839;0
16326;15;15,15584894;30,66666667;12,04615671;14,26667213;1,262889896;1,815122128;0
16327;15;6,775109836;7,666666667;12,22368524;14,26895523;1,088940889;0,602391005;0
16328;15;12,44567654;19,16666667;11,70526849;14,26951122;1,243703435;1,996816158;0
16329;10;3,656932056;5,166666667;9,396078713;14,26955891;0,953505104;0,036071062;0
16330;10;4,910908636;5,166666667;10,28902602;14,27078056;0,999288784;0,05736649;0
16331;10;18,62949155;31,33333333;8,248688684;14,27244091;1,066406158;2,148406386;0
16332;15;16,42874991;30,33333333;11,23169992;14,27266026;1,540251837;2,753612638;0
16333;10;11,39883591;16,66666667;9,790132946;14,2749567;1,091623211;1,031997085;0
16334;15;12,29979917;15,16666667;11,93017822;14,27504539;1,201486611;1,550004721;0
16335;10;13,09057338;18,33333333;10,13448502;14,27566528;1,402265517;1,427699566;0
16336;10;5,110241767;5,666666667;12,21584733;14,27787495;0,930016763;0,093483686;0
16337;10;26,68763544;53,16666667;10,83804981;14,27837944;1,527723707;5,640765548;0
16338;10;6,874312655;6,166666667;10,74344416;14,27997971;1,011012014;0,211302161;0
16339;10;7,794137664;9,333333333;10,31560659;14,28169155;1,036198703;0,183389306;0
16340;15;9,764074186;13,83333333;10,9572572;14,28386879;1,181454686;1,353926778;0
16341;15;12,74017288;19,33333333;11,4794349;14,28398323;1,263338668;1,948608041;0
16342;15;11,66029082;18,33333333;10,01341571;14,28515148;1,23279082;1,670408845;0
16343;10;6,832016549;7,333333333;12,14823715;14,28541851;1,056885364;0,449344993;0
16344;15;8,260168638;11,16666667;8,95788567;14,28641415;1,115099781;0,759310126;0
16345;15;7,824144834;13,16666667;12,32820828;14,28763485;1,137822249;1,112488031;0
16346;10;27,88310786;68,83333333;9,167138503;14,29223824;1,002721125;4,362789989;0
16347;15;12,6654544;14,5;11,11621595;14,29254532;1,230502964;1,655923843;0
16348;15;17,72703894;35,33333333;11,8847588;14,29294014;1,680842213;4,963843465;0
16349;10;3,571132328;5,166666667;11,46466507;14,29341412;0,943125508;0,021532178;0
16350;15;15,98884365;12;12,49954444;14,29389381;1,170809658;1,478169084;0
16351;10;25,89465179;58,16666667;9,949822525;14,29669762;1,091950244;3,952585936;0
16352;15;16,98744424;30,5;11,00844326;14,29725266;1,420069278;3,518087864;0
16353;15;16,53983355;29,83333333;11,2871173;14,29986382;1,326047303;2,974608779;0
16354;10;8,492706049;12,66666667;9,714673244;14,30234432;1,056371696;0,537976742;0
16355;15;4,694732811;6;12,88890945;14,303792;0,990076703;0,098163486;0
16356;15;13,05058015;22,66666667;11,7354917;14,30404186;1,346648885;2,414017439;0
16357;10;6,636644493;7,333333333;12,28226056;14,30668354;1,012409448;0,327257872;0
16358;10;8,960846122;17;11,35615037;14,31066227;1,215496953;1,210601449;0
16359;15;10,09794785;12,83333333;11,90551422;14,3107357;1,21047922;1,596981406;0
16360;15;4,105440875;5,5;13,33973199;14,31207943;0,976274641;0,129108191;0
16361;15;6,244850423;11,83333333;14,72652123;14,31219578;1,079797826;1,043556094;0
16362;10;5,349660699;6,833333333;12,89365227;14,3146286;0,947994858;0,038002849;0
16363;15;18,90259428;31,33333333;11,79659581;14,31495285;1,505952172;4,24499917;0
16364;15;5,294110539;5,833333333;14,75533271;14,31526852;1,056672422;0,496112347;0
16365;15;18,38364791;30,33333333;10,17060416;14,31665134;1,433541843;3,425860524;0
16366;15;4,975053732;10,5;14,82316038;14,31756306;1,124485034;0,941057205;0
16367;10;9,122266478;13,5;11,04069783;14,31788254;1,011398555;0,56065774;0
16368;15;8,016575076;7,666666667;9,826462103;14,31927872;1,087177995;0,593112826;0
16369;15;8,672107715;11,06557377;11,13640578;14,31940365;1,112050893;0,967986703;0
16370;15;3,866138836;6,333333333;12,06573094;14,31954479;1,055014946;0,368109226;0
16371;15;9,905211361;26;12,16630619;14,31958389;1,272656712;2,286759496;0
16372;15;6,896296397;7,666666667;10,93560808;14,32192993;1,048393483;0,560537934;0
16373;15;31,70355969;50;9,637632921;14,3228159;2,185946064;8,000845551;0
16374;10;9,180454091;9,833333333;10,24674518;14,32289219;1,052493923;0,700143695;0
16375;10;6,305784957;6,777777778;11,45228685;14,32575989;1,031389549;0,275029063;0
16376;15;11,37604692;16,83333333;11,13845264;14,32925987;1,268975643;1,705152273;0
16377;15;9,256757958;10;10,61882242;14,33107185;1,180472521;0,980954647;0
16378;15;7,153460451;10;9,600769;14,33167553;1,029548981;0,640566468;0
16379;10;12,92738005;26,5;9,516364442;14,33523178;1,104488966;1,677319288;0
16380;10;5,565600251;5,5;13,37001675;14,33590603;0,968946357;0,09566319;0
16381;10;5,297002743;6,166666667;9,953995118;14,33661842;1,000754192;0,115657091;0
16382;10;15,69183234;24;6,864953403;14,33715057;1,03846076;0,70125258;0
16383;15;10,96943112;21;9,69442301;14,33734608;1,136065616;1,56456995;0
16384;10;4,958544444;5,333333333;12,50875148;14,33760452;1,001275604;0,069763422;0
16385;#N/A;6,611468466;8,333333333;11,67702293;14,34420872;1,019125208;0,310806274;0
16386;15;12,27175803;22,66666667;11,01555298;14,34428215;1,364167232;2,367218137;0
16387;10;7,632427778;7,166666667;11,43588263;14,34596539;1,076962056;0,421619058;0
16388;15;3,434638215;5,5;11,70036963;14,34689999;1,002694029;0,073203564;0
16389;15;4,666417216;6,666666667;13,71296669;14,34863186;0,974395054;0,28308785;0
16390;15;17,17699627;46,83333333;9,893626695;14,34871101;1,282048179;2,06598258;0
16391;10;13,57570042;18,16666667;12,35051623;14,35009003;1,104381468;1,467884898;0
16392;15;9,261481285;19,33333333;12,09272787;14,35199547;1,286499202;1,970549703;0
16393;15;22,80689836;43;11,11547836;14,3563652;1,669020535;5,52863276;0
16394;15;15,59776811;22,16666667;9,435505789;14,35689449;1,201492103;2,121780872;0
16395;15;16,0057713;39,33333333;10,34352499;14,35817051;1,241176721;3,1947335;0
16396;15;7,408257204;13,44444444;11,23169843;14,36047649;1,012330569;0,586216927;0
16397;15;5,788817597;7;11,35635046;14,36056137;1,059187534;0,490810394;0
16398;10;10,24226954;15,5;14,58415277;14,36165333;1,054806416;0,66961062;0
16399;15;6,351017045;11;12,34785189;14,3625412;1,050055466;0,661235094;0
16400;15;8,489883687;12,5;10,73782669;14,36485863;1,115511763;1,01121068;0
16401;10;12,25413051;16,83333333;10,4981527;14,36561298;1,167188984;1,29219842;0
16402;10;5,589547069;5,666666667;9,320797288;14,36862373;1,02148522;0,109205961;0
16403;10;7,553559176;9,5;9,616690408;14,36874008;1,01189301;0,147486448;0
16404;15;8,550324495;12,16666667;10,88127089;14,36927509;1,076027043;0,673128128;0
16405;15;6,078476567;6,666666667;11,18321618;14,37160015;1,028573756;0,324452877;0
16406;15;11,96156088;21,16666667;10,37580651;14,37376785;1,23474704;1,84243679;0
16407;15;11,15504545;9;10,8261402;14,37378502;1,081650659;0,989385486;0
16408;15;12,3548326;21,83333333;10,57312435;14,37589264;1,081880841;1,599735141;0
16409;10;7,649893094;8,5;11,39128981;14,37663937;1,050047001;0,413519502;0
16410;15;5,465893544;6,166666667;10,76471379;14,37680817;1,047431149;0,266596079;0
16411;15;9,502283397;42,16666667;10,68043934;14,3774271;1,113430021;2,976497889;0
16412;10;6,667544466;6,166666667;9,545676278;14,37834549;0,996484543;0,225923181;0
16413;10;15,40784668;38;9,473067032;14,37871933;1,002889622;2,224323392;0
16414;15;6,719195845;6,666666667;14,14783431;14,3804245;1,146875503;0,501222968;0
16415;15;9,45292365;12,66666667;12,9032973;14,38246441;1,200030613;1,506481051;0
16416;20;22,26553127;38;11,38115019;14,38361549;1,734668415;5,809650779;0
16417;10;9,122134664;10,16666667;10,94535654;14,38394928;1,067330907;0,734551907;0
16418;10;15,42656991;24,33333333;10,20411973;14,38469028;1,256219318;2,090049624;0
16419;15;10,14568964;19;11,49802131;14,38481712;1,181595487;1,567435265;0
16420;15;5,35313539;8,166666667;11,22738071;14,3921175;1,006332251;0,278656363;0
16421;15;3,485045996;7,5;11,63997276;14,39221096;1,051959371;0,39553237;0
16422;15;4,614078374;5,666666667;11,53343476;14,39285469;1,007813859;0,129236341;0
16423;15;3,59418877;7,833333333;10,79396255;14,39286137;1,027592501;0,457828999;0
16424;15;7,27229727;11,5;11,74661244;14,3971529;1,070190323;0,755548596;0
16425;15;15,30330153;23,83333333;10,921842;14,3986969;1,350818;2,537162423;0
16426;15;20,14911781;33,33333333;8,100393043;14,40074825;1,491791656;3,323215961;0
16427;15;11,23301827;17,5;10,05253539;14,40206623;1,189520043;1,428716063;0
16428;15;14,91403856;23;11,04153238;14,40408897;1,445454801;2,735505342;0
16429;15;7,765914301;9,166666667;12,88468908;14,40443516;1,017507181;0,529834628;0
16430;15;4,110331502;5,166666667;12,86471409;14,40478516;0,977276995;0,035744905;0
16431;15;13,83420217;21;11,25545112;14,40649128;1,23024167;2,035695076;0
16432;15;3,525883267;8,166666667;12,13265097;14,40712452;1,09324029;0,847011566;0
16433;10;6,875882835;10,16666667;11,55113779;14,407341;1,038712672;0,511193395;0
16434;15;11,62000693;16,83333333;11,12902816;14,41184425;1,268857227;1,803272486;0
16435;10;8,260375077;7,5;9,31303039;14,41378593;1,027926512;0,38099432;0
16436;10;15,61790145;26,5;11,73160712;14,41509533;1,431645815;2,6485852;0
16437;15;19,31213263;30,5;10,86638504;14,41621971;1,492027855;3,735790253;0
16438;15;10,38572402;12,83333333;10,49935543;14,41709328;1,110307061;0,898679376;0
16439;15;4,571461568;5,166666667;11,0923213;14,42046928;1,002172359;0,062650919;0
16440;15;4,606557725;19,66666667;10,8980555;14,42047119;1,310587996;2,123939514;0
16441;10;15,16892303;26,33333333;11,5546026;14,420928;1,207248945;2,254633307;0
16442;15;8,812042691;11,66666667;11,9728319;14,42099762;1,096592488;0,888890028;0
16443;15;15,38111141;30,83333333;12,48412448;14,42131805;1,589173565;4,629385471;0
16444;15;4,354486882;6;13,38318373;14,4213829;1,039229175;0,399956346;0
16445;15;12,88802084;28;11,89437851;14,42501926;1,262338976;3,11555779;0
16446;15;11,45133122;22,66666667;10,48534895;14,42617989;1,225000271;1,943934679;0
16447;15;7,436406849;11;10,60000039;14,42622375;1,039384758;0,703811526;0
16448;15;8,082487661;12;13,3854357;14,42829609;1,113339955;0,879205704;0
16449;15;13,44802356;29,5;11,57093227;14,42957783;1,12609394;3,066628933;0
16450;15;18,78093259;63;13,8395222;14,43274307;2,970605259;15,14337015;0
16451;10;13,90531667;14;10,69100245;14,4363966;1,187463459;1,142986178;0
16452;10;6,451302324;7;10,25887737;14,43768692;0,982125484;0,224124193;0
16453;15;6,291034104;15,16666667;10,80912975;14,43828011;1,172094078;1,254371524;0
16454;15;16,46598066;32,5;7,846086184;14,44116497;1,381001575;3,037697911;0
16455;15;19,87961795;37,83333333;11,04567814;14,44378376;1,28848142;3,521515727;0
16456;10;17,64604138;29,83333333;10,88527885;14,44440842;1,192821916;2,493014097;0
16457;15;3,410210899;8,833333333;11,1670061;14,4444685;1,063169799;0,859588504;0
16458;15;8,699593375;21,16666667;14,31583913;14,44503975;1,249423069;2,618824363;0
16459;15;7,450819098;10;11,71551051;14,4454689;1,130096261;1,065010905;0
16460;10;4,99923331;5,5;12,62234881;14,44555092;0,981848854;0,079177856;0
16461;15;4,260715927;15,98360656;10,46208929;14,44579792;1,229818021;1,657690167;0
16462;10;14,3720053;27,5;9,426565055;14,44904327;1,006742534;1,674012542;0
16463;15;12,23954203;11,5;11,46484723;14,45218658;1,215806873;1,235562086;0
16464;15;14,22608416;24,5;10,70748369;14,45344067;1,320322237;2,803543806;0
16465;15;16,95398808;30,16666667;12,33040052;14,45373631;1,460049367;3,851469278;0
16466;15;5,736699718;9,166666667;13,10611289;14,45408916;1,042792277;0,478420138;0
16467;15;15,07353254;21,33333333;11,3410597;14,45409775;1,240676422;2,215186596;0
16468;15;8,080363306;10,33333333;11,65596991;14,45417595;1,114401089;0,842141151;0
16469;10;12,81443878;18,5;11,29817882;14,45652103;1,152629937;1,419545412;0
16470;10;32,89841096;68,5;8,734501702;14,45709991;1,213991124;5,204342365;0
16471;15;8,064131162;16;11,02110705;14,45960331;1,06921236;0,961874843;0
16472;15;7,13056038;9,5;12,40435183;14,46177864;1,065422814;0,761963964;0
16473;15;4,21323031;6,5;11,98381696;14,46367645;1,071111921;0,526737809;0
16474;15;19,25559727;40,16666667;11,67332215;14,46549511;1,499219871;4,531071901;0
16475;15;13,75480437;18,66666667;12,05048688;14,46576691;1,226058366;1,890558362;0
16476;15;13,7436685;20,66666667;12,00370906;14,46793556;1,357027693;2,70585978;0
16477;15;26,34487687;54,83333333;10,30956673;14,47160244;1,682463399;6,54780364;0
16478;10;6,616780772;5,666666667;11,49206106;14,4719162;0,957839134;0,118561745;0
16479;15;7,151094054;16,16666667;13,82212129;14,47355652;1,191600688;1,848367691;0
16480;15;7,544320666;11,33333333;11,40795646;14,47551823;1,105496054;0,871698499;0
16481;10;15,59339096;16,5;11,5440106;14,47555447;1,172330141;1,548583984;0
16482;15;7,127354159;11,66666667;12,4909437;14,47903156;1,136675688;1,098265767;0
16483;15;4,193740262;6,5;11,43130201;14,47925186;1,041865851;0,350980759;0
16484;10;3,916719353;5,5;10,63522131;14,48362064;0,935046235;0,164814353;0
16485;15;12,83198635;23;10,11840424;14,48519135;1,251005151;2,11796546;0
16486;10;10,98907457;14,66666667;9,953069476;14,48697853;1,020571318;0,925065041;0
16487;15;4,15971085;5,666666667;14,90695845;14,48828411;1,017156347;0,225479603;0
16488;15;13,07164723;26,83333333;11,38127868;14,48935318;1,420915579;3,859578252;0
16489;15;8,153822457;9,333333333;12,20409887;14,48940372;1,128901941;1,131390452;0
16490;10;19,24496769;10,5;12,50975942;14,4896183;1,072732377;0,620441675;0
16491;15;8,952252616;9,833333333;11,93159765;14,49021435;1,144827486;1,093693495;0
16492;10;10,37909722;11,16666667;11,44645525;14,49136448;1,05633033;0,828014016;0
16493;15;17,18694789;26,16666667;10,84580087;14,4930954;1,472634616;3,710480213;0
16494;15;5,071024231;20,33333333;11,92458593;14,49494457;1,286004625;2,237025738;0
16495;10;5,796007089;17,16666667;11,1261967;14,49703217;0,685689039;0,673199058;0
16496;15;10,85776298;19,5;10,70761563;14,49715805;1,248996431;1,843801856;0
16497;15;6,992769425;8;11,31727535;14,50019932;1,067060367;0,590306163;0
16498;15;9,622951685;13,5;11,6513178;14,50235271;1,175051449;1,436263323;0
16499;10;8,1594;10,33333333;9,866794899;14,50250912;0,990737838;0,557369113;0
16500;10;18,26665471;39,66666667;8,11895378;14,50408077;1,007672405;2,428218246;0
16501;15;4,363950437;17,33333333;11,23201165;14,50409126;1,161530865;1,329932928;0
16502;15;10,10811611;24,83333333;9,27214355;14,50544262;0,982606564;1,538956046;0
16503;15;10,17467304;13,66666667;11,86655096;14,50600243;1,116018288;1,093700647;0
16504;15;11,05484948;14,16666667;11,40367584;14,50653934;1,177982406;1,609412193;0
16505;15;5,243548647;5,5;12,66459489;14,50730419;1,011205977;0,124534488;0
16506;15;4,946452228;34,66666667;10,11280943;14,50760841;1,216444186;2,996442795;0
16507;15;13,79298151;19,33333333;10,796038;14,50772476;1,335204183;2,157544255;0
16508;10;11,77519311;19,66666667;11,34193182;14,50798225;1,188295941;1,65088284;0
16509;10;5,999905692;7,333333333;9,317522439;14,5085268;1,003102863;0,233159065;0
16510;15;4,570026653;13,66666667;11,49363265;14,51198864;1,185197289;1,392818093;0
16511;15;4,624715477;5,5;12,99448035;14,51207352;1,010792595;0,153597474;0
16512;15;3,977417935;11;10,87011859;14,5121727;1,163152103;1,117316484;0
16513;15;15,87436325;34,16666667;11,20597273;14,51247406;1,427745061;3,429688573;0
16514;15;13,40124175;20,33333333;11,00565959;14,5127182;1,198738615;1,75099659;0
16515;15;13,10166247;17,33333333;10,96260945;14,51384068;1,100057344;1,669494987;0
16516;10;5,817155174;5,666666667;10,92036387;14,51454353;1,009463857;0,122362852;0
16517;15;12,69601961;24,83333333;10,12400534;14,51494408;1,241876383;2,255408287;0
16518;15;13,97164163;22,83333333;11,55868232;14,516819;1,352770305;2,412086725;0
16519;15;8,914906413;10,83333333;11,95704874;14,52006912;1,135963177;1,068378448;0
16520;15;17,6477153;28,16666667;10,27607429;14,52018261;1,393341247;3,031529665;0
16521;15;15,09762923;21,66666667;10,66219133;14,52069569;1,346028244;1,947732925;0
16522;10;13,12540211;17,33333333;12,4323571;14,52155972;1,23950581;1,648872137;0
16523;15;17,54477746;31,66666667;12,9275217;14,52496243;1,572451087;3,16187048;0
16524;15;15,40403215;25,66666667;11,72191337;14,52819729;1,359851044;2,994571328;0
16525;15;21,78837865;25,5;11,69648507;14,53158855;1,474977712;4,015344143;0
16526;15;11,50244759;19,16666667;8,264825139;14,53320026;1,024768335;1,44096005;0
16527;10;12,50585296;20,33333333;11,42275562;14,53385067;1,062670064;0,702350974;0
16528;15;9,638773236;12;12,14710592;14,53444004;1,172411284;1,451813936;0
16529;15;14,78989827;34,33333333;11,35310229;14,5345993;1,445669921;3,573110819;0
16530;15;10,1119914;18,16666667;10,60040483;14,53600979;1,243712315;1,267081499;0
16531;15;5,673014233;24,83333333;12,0158818;14,53658485;1,441887445;3,258667469;0
16532;15;16,0418577;36;9,806503659;14,53705215;1,275371672;3,065139174;0
16533;15;15,91918377;33,66666667;10,73275267;14,53834152;1,495729346;3,63072741;0
16534;10;7,730586833;10,33333333;9,154150302;14,53837109;0,989040566;0,505033135;0
16535;15;12,1425738;21,33333333;10,47107749;14,5399828;1,188916373;0,918072343;0
16536;15;14,81648356;25,5;11,6190618;14,54181862;1,404212956;3,184814095;0
16537;10;12,10464914;26,16666667;8,170531802;14,54221439;0,953406325;1,59094131;0
16538;15;6,036441559;7;9,184273079;14,54264545;1,021276478;0,319625497;0
16539;15;4,546535957;5,333333333;10,70255434;14,54281521;0,984124479;0,075657725;0
16540;10;8,340859064;11;9,836648586;14,54325581;0,995321908;0,544812441;0
16541;15;6,099643046;8,833333333;10,83412946;14,54354286;1,018138981;0,487736821;0
16542;15;14,07523694;25,5;10,42184931;14,54657841;1,295754088;2,236572027;0
16543;15;7,069169331;10,16666667;11,36851036;14,5471468;1,073167212;0,670604706;0
16544;10;13,34623015;19,33333333;10,72222416;14,54725838;1,236760732;1,694471478;0
16545;15;5,549078229;8;11,83164405;14,5474205;1,03205231;0,267971873;0
16546;10;4,798375291;5,5;8,68419727;14,54887772;0,922025805;0,032446265;0
16547;15;12,57563404;23,83333333;10,90887315;14,54894543;1,296797431;2,422893286;0
16548;15;12,60486924;14,16666667;10,35835355;14,55092525;1,157988616;1,403132796;0
16549;15;25,14970945;52,5;11,87380432;14,55116081;1,822425985;7,329669714;0
16550;15;14,67097743;25;10,74515657;14,55475712;1,073824178;1,802349687;0
16551;15;15,20813853;25,33333333;11,89833054;14,55536842;1,304535589;3,539556026;0
16552;#N/A;4,418898664;5,869565217;12,99561169;14,55594158;1,053642469;0,157632828;0
16553;15;6,213850626;6,833333333;11,61514339;14,55748177;1,055525944;0,532673597;0
16554;15;14,31908829;18,16666667;12,1103819;14,56198883;1,252789524;2,386394262;0
16555;15;11,08704871;14,66666667;11,33256079;14,56207561;1,140038024;1,499981284;0
16556;10;6,124789891;6,833333333;11,88226091;14,56459999;1,025433122;0,208818793;0
16557;10;4,809937768;9;11,46232716;14,5650301;1,007810891;0,390926719;0
16558;15;3,813276283;10,33333333;12,32008963;14,56699371;1,131377128;1,129496813;0
16559;10;9,264669117;11;12,06227927;14,56808186;1,07851382;0,897117257;0
16560;15;8,883990006;12,33333333;11,54365824;14,56932354;1,112476548;1,1142658;0
16561;10;15,15052026;26;11,93685188;14,56999969;1,052543753;1,737549782;0
16562;15;6,604798829;7,5;10,25264321;14,57029724;1,064629886;0,503394365;0
16563;15;16,21069879;23,16666667;12,59041041;14,57153034;1,49454579;3,794071317;0
16564;15;5,042209904;5,5;13,46906864;14,57167721;1,052883461;0,563690901;0
16565;15;23,38465242;33,33333333;11,95790977;14,57610512;1,593380931;5,012582898;0
16566;10;9,316837463;22,16666667;9,645888309;14,57675648;1,157635643;1,531141877;0
16567;15;10,46165411;19,33333333;10,37979488;14,57823181;1,244580876;1,881974459;0
16568;15;3,609271399;8;10,75597133;14,57919884;1,100968357;0,53430593;0
16569;15;19,61271279;26;11,55910616;14,5871439;1,416867971;3,711576462;0
16570;15;3,324997903;5,166666667;13,32628591;14,58838654;0,981531585;0,029021621;0
16571;15;12,02247952;17,5;10,19533047;14,58945847;1,174533478;1,569207907;0
16572;15;5,396411986;8,166666667;11,19053827;14,59012985;1,034362745;0,362869263;0
16573;15;9,341634436;12,83333333;11,14413153;14,59126949;1,102223051;1,151256084;0
16574;15;3,590484629;13,66666667;11,11835644;14,59193039;1,144348742;1,115097165;0
16575;15;10,58520263;15,16666667;8,856490121;14,59197521;1,10270115;1,195420265;0
16576;15;17,0776809;25,33333333;11,22257565;14,59222603;1,305917784;2,775100112;0
16577;15;15,7922549;23,5;11,80172098;14,59434605;1,360540914;2,797843814;0
16578;10;23,38357013;31;12,02659812;14,5983057;1,264341528;3,27002883;0
16579;15;9,849110386;16,16666667;11,72214808;14,59846783;1,198742694;1,469399452;0
16580;15;11,64652694;21,33333333;11,13520338;14,59889698;1,302335641;2,184933424;0
16581;15;17,73989041;29,83333333;10,75607017;14,59934521;1,401603615;3,367190242;0
16582;15;5,033446855;42,16666667;10,53702245;14,60072136;1,504750264;5,03138721;0
16583;10;8,727076792;9,5;11,33020372;14,60079765;1,051931259;0,497017741;0
16584;15;17,52202269;39,83333333;10,24261584;14,601408;1,636403446;4,618229032;0
16585;10;6,346468598;6,333333333;12,83410463;14,60560799;1,048033006;0,409110188;0
16586;10;8,336236416;11,83333333;11,1400391;14,60576153;1,006976335;0,71776855;0
16587;10;9,119920802;27,66666667;8,64690778;14,60662746;1,001808892;1,969192147;0
16588;10;6,732082091;8;12,01767537;14,60852051;1,035307523;0,322778225;0
16589;10;6,925935283;8;11,73218462;14,60987282;1,024543128;0,333346725;0
16590;10;4,798979167;5,166666667;13,00908931;14,61006832;0,825161809;0,03397274;0
16591;15;14,24248087;30,66666667;11,10873284;14,61113548;1,395628444;2,97696507;0
16592;15;8,399715684;14;11,6480482;14,6116991;1,091459592;1,034167886;0
16593;15;19,89846271;31,16666667;10,81030959;14,61226559;1,606651005;4,343527794;0
16594;15;9,067885878;18,83333333;7,980236113;14,6129427;1,027796547;1,120826244;0
16595;15;5,291611954;10;10,76012946;14,6136055;1,093947726;0,702088594;0
16596;15;7,161752937;13,16666667;12,09062522;14,61688423;1,065305693;0,793347597;0
16597;15;8,214209125;11,66666667;9,337924403;14,61717129;1,165336241;0,888294697;0
16598;15;11,3780219;16,33333333;11,99622606;14,61780643;1,208369865;1,770006537;0
16599;15;17,86905949;29,5;11,93401241;14,61788368;1,4257524;3,211949587;0
16600;10;9,14970566;17;11,13603467;14,61800289;1,067539108;1,057330608;0
16601;10;6,846816153;7;13,57346441;14,61896229;1,039150138;0,57594347;0
16602;15;12,52883289;28,33333333;12,58824177;14,61897469;1,293104738;3,463747025;0
16603;10;8,86218064;12,16666667;8,956593082;14,62018681;1,015007437;0,356810927;0
16604;15;14,89919169;32,5;10,49533176;14,62092781;1,273460008;2,822084308;0
16605;15;6,070657108;12,5;12,39172173;14,62143803;1,136382357;1,163827777;0
16606;15;7,324040742;8,333333333;12,39627608;14,6237669;1,090250528;0,934805512;0
16607;15;12,99065857;22,5;10,74761249;14,62720776;1,184752908;2,191793084;0
16608;10;6,241967465;7,5;10,41751894;14,62778568;1,005047291;0,283686638;0
16609;15;10,30999609;15;9,791842814;14,62935352;1,214990905;1,508574963;0
16610;15;7,243797587;11,16666667;11,96725021;14,62990093;1,062132145;0,810421705;0
16611;10;7,496106832;9,666666667;10,71461006;14,6330719;1,031897628;0,537907839;0
16612;15;9,678873234;11,66666667;11,71316988;14,6336813;1,173968918;1,389608741;0
16613;15;9,075052578;16,83333333;11,39324192;14,63524723;1,098079506;0,831650257;0
16614;10;6,298776709;11;14,02237576;14,63716221;1,022094083;1,068896055;0
16615;15;7,271950659;10,33333333;10,97086962;14,63807392;1,071919496;0,675483823;0
16616;15;8,315361598;13,16666667;10,52326771;14,64052391;1,063085244;0,807826757;0
16617;10;11,52281048;13,66666667;11,24783133;14,64081478;1,058209976;0,890841603;0
16618;10;6,87286892;9;12,50498398;14,64344597;1,074272999;0,635456443;0
16619;10;4,592165513;6,333333333;14,26792457;14,64427757;0,98470033;0,162000895;0
16620;15;13,66908082;13;10,39671479;14,64497948;1,261619144;1,721514106;0
16621;15;14,41203722;31,5;11,27582151;14,64627266;1,438290824;3,477902412;0
16622;15;17,5942534;31,83333333;11,32257661;14,65040398;1,453784854;3,779977322;0
16623;15;11,24860308;23,66666667;11,44800383;14,65143394;1,166631968;1,370216727;0
16624;15;5,280204688;5,5;13,09291804;14,65219212;1,013653956;0,180243134;0
16625;15;14,0394246;34,66666667;12,3017531;14,65446663;1,586484375;4,341764688;0
16626;15;16,01336535;32,5;11,17987838;14,65487766;1,331622701;3,149598956;0
16627;10;6,031476846;5,833333333;9,930117347;14,65660572;1,005940989;0,149695158;0
16628;10;5,258322261;5,166666667;11,47873617;14,6575489;0,964728537;0,085786223;0
16629;15;16,72754976;25,5;9,944430204;14,66122627;1,380772471;2,718500853;0
16630;15;20,44324682;40,83333333;10,0639285;14,66318035;1,392648449;3,753510952;0
16631;15;5,619655033;8,166666667;12,42541516;14,66344547;1,012243022;0,219388604;0
16632;15;8,167833753;11,5;11,26753473;14,66569805;1,110106721;1,027125835;0
16633;15;16,74732563;19,83333333;9,879845323;14,66799355;1,312365865;2,523401022;0
16634;15;4,090289738;5,166666667;12,11019128;14,66854477;0,870088942;0,021724939;0
16635;15;6,484774326;7,166666667;13,09694124;14,66867733;1,069056989;0,469346166;0
16636;15;9,832243015;13,83333333;9,613322745;14,66909409;1,156450665;1,276426435;0
16637;15;11,01421654;15,5;10,79150751;14,6696701;1,195657423;1,524213076;0
16638;10;4,831738201;5,166666667;12,53978065;14,67076874;0,99958431;0,04611659;0
16639;15;7,010749725;7,666666667;12,26812322;14,67199993;1,07855605;0,71321249;0
16640;15;7,670620287;11,83333333;10,65603531;14,67230129;1,074011536;0,729820609;0
16641;15;9,761996663;19;11,04576184;14,6750803;1,121750241;1,621814728;0
16642;10;11,06799356;28,5;12,03838995;14,67681313;1,250382056;2,462212086;0
16643;10;14,86656061;25,5;11,35288756;14,67748356;1,194212351;2,00738883;0
16644;15;10,93957145;22,16666667;12,15546979;14,68250561;1,203743683;1,714704156;0
16645;15;17,19418885;40;11,40178146;14,68489552;1,398443199;4,678209305;0
16646;10;5,5561031;10;10,36754915;14,68740368;1,016259183;0,549393415;0
16647;15;25,16464568;37,33333333;11,47638337;14,68821526;1,694909479;5,757406712;0
16648;10;14,1046526;33,5;12,12956629;14,68957329;1,164708906;2,96751821;0
16649;10;11,13021083;18;11,1646927;14,68984509;1,111545189;1,20077455;0
16650;10;5,173107859;19,16666667;10,25596821;14,69120121;1,184301389;1,445286632;0
16651;10;19,28712848;39,66666667;9,764219935;14,69340801;0,998554506;2,066693187;0
16652;10;8,074344444;7,833333333;10,10130599;14,69358253;1,093154853;0,430418253;0
16653;15;6,488853138;8,833333333;13,03808692;14,69651794;1,100524056;0,655254602;0
16654;10;11,47975417;12,33333333;11,47739083;14,69973087;1,073216438;0,922285199;0
16655;15;15,50411009;27,83333333;12,0645233;14,70148182;1,43256656;3,921744466;0
16656;10;7,740811273;10,66666667;9,748912477;14,70288372;1,046142932;0,511776805;0
16657;15;4,833030265;5,5;12,83348919;14,70640755;1,001664312;0,055921674;0
16658;15;4,063911111;5,166666667;12,6054452;14,70717621;0,937477228;0,022344947;0
16659;15;6,928277691;6,666666667;12,38936923;14,70767307;1,019306096;0,494610786;0
16660;15;9,744827209;30,16666667;14,28512319;14,70812225;1,540598995;4,50739193;0
16661;10;8,598999275;21,16666667;12,37752444;14,708251;1,073675685;1,308580041;0
16662;10;5,021306668;5,333333333;11,85068687;14,71558571;1;0,049941301;0
16663;10;15,36645607;37;11,68603058;14,71647835;1,331312319;3,434578419;0
16664;10;17,12848998;36;11,53144825;14,71655273;1,187678236;2,87942493;0
16665;15;22,2543399;42,16666667;10,47463296;14,72160435;1,641415652;5,508599639;0
16666;15;9,864672626;12,5;9,884773442;14,72180748;1,012491817;0,686670184;0
16667;15;6,285894407;8,666666667;11,78017508;14,72316265;1,063699085;0,565277219;0
16668;15;5,366684223;9,166666667;10,35406044;14,72690392;0,949916877;0,343067408;0
16669;15;7,394966019;15,16666667;11,16929347;14,72811604;1,025719265;0,900047779;0
16670;15;19,53457256;39,66666667;11,44586059;14,72889805;1,598738293;5,194118619;0
16671;15;25,63536141;45,5;10,65751157;14,7291069;1,740256131;6,267732382;0
16672;10;7,738444519;9,333333333;10,1670868;14,73148918;1,011706897;0,495358706;0
16673;15;4,810265352;6,333333333;11,91325008;14,73160076;1,026477291;0,242033482;0
16674;15;20,88292346;32,33333333;10,72175331;14,73420238;1,479468768;3,842319965;0
16675;10;10,05539231;25;11,88672688;14,73653698;1,072406503;2,095971107;0
16676;15;3,388396527;5,833333333;9,392901108;14,73781681;0,957179586;0,187721372;0
16677;10;14,37902637;17,5;10,91346282;14,74015236;1,346323583;1,809730411;0
16678;10;10,22783865;16,83333333;11,27856403;14,74015236;1,054656545;1,050961018;0
16679;15;20,85103992;32,66666667;10,55337207;14,74113083;1,49721465;4,241698861;0
16680;15;18,98972058;32,83333333;9,191784389;14,74165821;1,435076137;3,324254394;0
16681;15;10,50182173;14,83333333;12,08376924;14,74232197;1,273882262;1,657623053;0
16682;15;10,28358544;29,83333333;10,73880879;14,7447176;1,44121703;3,718043089;0
16683;15;5,42184049;7;11,97393329;14,74480534;1,037961717;0,324165344;0
16684;10;6,235465718;6,666666667;10,00478362;14,74526691;1,00617255;0,226072431;0
16685;10;26,75110927;34,16666667;9,880064541;14,74960041;1,311810371;3,475054979;0
16686;10;5,302028776;6,166666667;10,2430761;14,75470066;0,995419401;0,112962484;0
16687;15;9,236542416;17,5;12,66647525;14,75743294;1,206175015;2,035880327;0
16688;15;26,60559998;34,83333333;11,89839304;14,7595644;1,39937351;5,077687621;0
16689;15;16,414426;38,83333333;11,89654586;14,76004791;1,509510789;4,448003769;0
16690;15;8,696189388;14,5;10,72021859;14,76105976;1,133949548;1,138945818;0
16691;10;14,07617639;14,83333333;11,21153104;14,7611475;1,150409821;1,396660924;0
16692;15;13,22025575;23;11,33457372;14,76264668;1,286486614;2,393710732;0
16693;15;7,097518288;8,166666667;12,34524295;14,76328659;1,096507035;0,874949932;0
16694;15;5,344545624;6,5;11,51972521;14,7636013;1,036435579;0,34528625;0
16695;15;9,316263178;18,5;11,31965371;14,76676559;1,256229574;2,05019784;0
16696;15;8,655020458;12,66666667;11,03314403;14,77107334;1,103710817;1,49760747;0
16697;15;5,633994458;9;11,05491646;14,77288628;1,031621615;0,398895383;0
16698;15;5,270682263;6,333333333;10,05370593;14,77402306;1,003604526;0,162312269;0
16699;10;6,925504603;7,833333333;9,910194636;14,77449226;1,051714932;0,353848815;0
16700;15;5,852409173;7,666666667;9,408847505;14,77681732;1,035331372;0,365720868;0
16701;15;7,981917226;12;11,14117938;14,7773304;1,070181902;0,880214453;0
16702;15;9,454240234;12,66666667;13,13656976;14,77756596;1,237861524;1,852748394;0
16703;15;7,423446895;12,33333333;10,36353416;14,77848625;1,069854076;0,78169322;0
16704;15;17,04447258;31,16666667;11,22633026;14,78240585;1,491719128;3,963120937;0
16705;10;9,055281944;9,333333333;9,954730916;14,78252888;1,080058458;0,569121361;0
16706;15;6,441223496;7,166666667;12,04967947;14,78281212;1,094769829;0,615645051;0
16707;15;5,16359268;7;14,48518377;14,78449631;1,090101205;0,759917021;0
16708;15;17,76669663;37,66666667;10,62320181;14,78540802;1,305761506;3,574111581;0
16709;15;10,12967545;10,5;11,76160306;14,78590488;1,132453079;1,337290645;0
16710;15;8,335246183;11;12,1407982;14,78695679;1,113308059;1,001657367;0
16711;15;4,112694975;11,16666667;11,13296689;14,78745461;1,03657461;0,35841465;0
16712;15;4,281714485;9,166666667;11,52762341;14,79136753;1,008835037;0,493283153;0
16713;15;9,21668357;24;11,69843172;14,79255295;1,107931976;2,314122558;0
16714;15;20,20560399;38,33333333;11,51638989;14,79275417;1,631698554;5,278630733;0
16715;15;11,30455384;18,16666667;11,58434478;14,79378605;1,303021411;1,871652126;0
16716;10;5,204792437;5,5;11,75120964;14,79408932;0,973052215;0,091892004;0
16717;10;3,597257748;5,666666667;11,11601457;14,79601383;1,067039106;0,122291088;0
16718;15;10,04284744;19,5;10,9094264;14,79822254;1,125817998;1,729935527;0
16719;15;10,82998371;14,66666667;11,34060354;14,79925632;1,190612767;1,523314953;0
16720;15;10,63672261;28,5;11,53681544;14,80192471;1,349821551;2,91436851;0
16721;15;4,660998999;5,5;11,94421628;14,80265808;0,98104525;0,094802141;0
16722;15;4,242167267;5,166666667;11,8969419;14,80330944;0,994490627;0,071990609;0
16723;15;3,683153519;10,83333333;8,93842183;14,80676842;1,064356589;0,665140748;0
16724;15;15,4811339;25;10,71885441;14,80757046;1,388788584;2,761764765;0
16725;15;20,056172;38,5;10,83077901;14,81047153;1,58163092;4,752040744;0
16726;10;8,669079557;11,5;10,13318853;14,81241894;1,018955689;0,576346397;0
16727;15;7,243579344;8,111111111;9,963817467;14,81360626;1,03486915;0,352929592;0
16728;15;4,425021556;5,666666667;12,99724321;14,81468964;1,004388496;0,116811752;0
16729;15;4,295052105;25,33333333;10,79731964;14,8148241;1,148686167;1,945069432;0
16730;15;3,699030748;9,666666667;11,53320357;14,8157444;1,079061951;0,642984629;0
16731;15;12,84878188;19,5;10,69648315;14,82099533;1,283279945;2,008723021;0
16732;15;14,5497971;30,16666667;10,1891574;14,82409763;1,168707178;2,610166788;0
16733;15;10,70277004;38;12,11796986;14,8242569;1,583893303;4,052574754;0
16734;10;15,56355855;24,16666667;11,47191601;14,82510853;1,289614519;1,72775352;0
16735;15;6,216103898;6,555555556;13,95124808;14,82612801;1,091188477;0,376522422;0
16736;15;11,97566044;19;11,53026707;14,82650852;1,266893028;2,230991006;0
16737;10;9,67920024;14,66666667;12,57722104;14,82657623;1,119740812;1,28892076;0
16738;15;5,902089692;16,66666667;13,92935857;14,82778358;1,229042449;2,183968186;0
16739;15;14,71700067;22,5;9,614181646;14,8281889;1,277362044;2,320940018;0
16740;15;11,38689348;18,16666667;9,549019029;14,83032703;1,236989873;1,587833166;0
16741;15;7,432420195;8,5;13,19433788;14,83228588;1,03280185;0,608160973;0
16742;15;3,995527591;5,166666667;10,43481928;14,83276844;0,999733475;0,046427727;0
16743;15;11,75138602;22,16666667;10,10473957;14,83316517;1,190951677;1,910139084;0
16744;15;8,835615373;10;10,42034032;14,8370266;1,090540015;0,862315774;0
16745;15;12,19862869;29,5;12,75340027;14,83918476;1,422156022;3,660027981;0
16746;15;15,66317468;45,66666667;11,15560419;14,83949471;1,293592502;4,087429047;0
16747;15;9,56273563;17,66666667;9,453311769;14,84171581;1,196784119;1,485024691;0
16748;15;8,113302743;42,66666667;12,70812824;14,84211445;1,949451013;7,940890074;0
16749;15;8,811142797;10,5;11,05706098;14,84331894;1,084619861;0,777330756;0
16750;15;4,30182873;17,83333333;10,42093983;14,84422112;1,257085482;1,905186057;0
16751;10;4,07299385;8,166666667;11,65566128;14,84474468;0,928209778;0,248183727;0
16752;15;6,071324599;8,666666667;10,79295477;14,84516621;1,059153191;0,460748672;0
16753;15;11,43257486;31,33333333;11,65027334;14,84847069;1,507923842;3,391902089;0
16754;10;6,086718079;6,333333333;12,09701417;14,84905815;1,250082713;0,274220347;0
16755;15;19,49913053;47,33333333;10,64186616;14,85028458;1,206229005;3,984434843;0
16756;10;6,416339253;8;12,38149041;14,85078144;1,009130178;0,360231042;0
16757;10;6,450199353;7;10,71973032;14,85100079;0,975814263;0,257926345;0
16758;10;9,745172513;12,83333333;10,82635631;14,85286808;1,07294521;0,963856697;0
16759;15;5,832323116;37,16666667;10,63519524;14,85486317;1,610441985;4,773942828;0
16760;15;7,160643842;8,833333333;12,1954958;14,85888767;1,095812226;0,831842542;0
16761;15;18,64195025;27,33333333;11,79877679;14,85899258;1,319819068;3,163586497;0
16762;10;11,20616236;16,33333333;12,04376856;14,85945988;1,168851306;1,35401535;0
16763;10;14,19316767;30,16666667;10,87290621;14,86100388;1,423357908;3,02322793;0
16764;15;4,967265248;5,833333333;11,44320511;14,86121941;1,0993645;0,154768348;0
16765;15;15,85911466;28;11,06818032;14,86406708;1,367690452;3,040562987;0
16766;10;6,135711839;5,833333333;11,64281031;14,86483097;0,921903751;0,098545909;0
16767;15;11,83111336;16,33333333;11,26305975;14,86657333;1,230257885;1,958750606;0
16768;15;14,4135875;27,5;9,365356778;14,87092018;1,246422361;2,440962315;0
16769;15;5,136810268;6,5;14,09590776;14,87096786;1,016883559;0,306968927;0
16770;10;8,537752776;9,5;11,07813885;14,87299252;1,088388511;0,576761842;0
16771;10;5,236293642;6,166666667;11,09417556;14,87421417;0,963311264;0,121511817;0
16772;15;8,053874933;11,33333333;9,838860068;14,87524128;1,073775184;0,898010731;0
16773;10;5,358696072;5,666666667;12,54585146;14,87686539;0,944020095;0,102404714;0
16774;15;8,085740339;12,37704918;10,8528031;14,87726784;1,109330116;0,988308907;0
16775;15;7,91958039;11,5;9,131471629;14,87767506;1,115108263;0,813637018;0
16776;10;9,687851492;12,5;11,44890473;14,87799835;1,04244238;0,539949894;0
16777;15;11,4330144;23,5;12,06329737;14,87805843;1,283003194;2,399563909;0
16778;10;15,20277256;23,66666667;12,15425346;14,87813663;1,237040704;2,517092586;0
16779;15;5,113625505;5,833333333;8,620443077;14,87963295;1,002525997;0,138685584;0
16780;15;7,789266369;19,33333333;11,16227566;14,88076591;1,245421205;2,187911868;0
16781;15;9,401013975;14,83333333;11,91679423;14,88547611;1,077404572;1,148123264;0
16782;10;19,6097358;29,66666667;12,16733666;14,88734722;1,37268076;3,112048149;0
16783;10;5,633313666;6,333333333;14,16232449;14,8907032;1,115992296;0,253022432;0
16784;10;11,52749417;11,33333333;12,12172408;14,89289951;1,155026878;1,265676856;0
16785;15;4,088397195;5,333333333;13,05623422;14,89321995;1,002366738;0,050379038;0
16786;15;6,250529884;6;14,57966165;14,89376545;1,087790525;0,395792484;0
16787;15;12,8826539;29,5;9,820047224;14,89469719;1,059533161;2,059736848;0
16788;15;6,709769193;7;10,90015785;14,89561558;1,073294935;0,485413074;0
16789;15;6,326988213;10,66666667;11,29023324;14,89828968;1,046143852;0,274564743;0
16790;10;21,06270697;37,5;8,910349663;14,89952469;1,200304378;3,248558998;0
16791;15;4,687850878;16,33333333;11,92333481;14,90006828;1,14372266;1,231591105;0
16792;15;4,729942068;17,33333333;10,79705694;14,90310192;1,270279652;2,132389069;0
16793;15;3,283267206;5,166666667;14,37866541;14,90341949;0,987030214;0,059490323;0
16794;15;8,212341872;15;11,5282005;14,90459538;1,07332972;1,076620817;0
16795;15;7,679898502;7,166666667;9,795354521;14,90559387;1,044414581;0,471186996;0
16796;15;15,72038906;21;10,8143407;14,90910625;1,330684538;2,457179666;0
16797;15;13,94506984;21,83333333;9,811966742;14,91088867;1,30645591;2,214150906;0
16798;20;4,450996031;6,833333333;11,2952296;14,91152954;1,015029527;0,220293522;0
16799;10;7,272465335;13,5;14,41074808;14,91166878;1,157820167;1,204243302;0
16800;15;14,72950003;18,66666667;10,66725602;14,91451168;1,182059471;1,780016065;0
16801;15;8,380565725;10;12,53659467;14,9154129;1,115064934;1,109432101;0
16802;15;5,165266333;5,833333333;9,095832787;14,91702843;1,022157706;0,132728457;0
16803;10;9,805383159;10,66666667;10,47521178;14,91784954;1,061406688;0,614616036;0
16804;10;9,52069091;9,5;8,935644631;14,92131042;1,046989509;0,632505298;0
16805;15;6,200750074;6,166666667;11,21821474;14,92287827;1,066093617;0,478337169;0
16806;15;22,12978215;35,5;10,95259216;14,92325687;1,502060566;4,603008986;0
16807;15;10,43099938;9,666666667;11,95335574;14,92417526;1,192651592;1,056013465;0
16808;15;9,673050453;17,16666667;9,746309985;14,92438507;1,149437101;1,38488543;0
16809;15;30,59663022;75,33333333;11,19264452;14,9253931;1,964747904;10,37333775;0
16810;15;4,460426219;7,333333333;10,63539184;14,92610931;1,032139407;0,385938644;0
16811;15;19,12395348;31,66666667;10,71264445;14,92620659;1,425728472;3,378749013;0
16812;15;10,61761323;13,5;10,46269079;14,92642879;1,166350017;1,352338195;0
16813;15;5,361401178;6,666666667;11,3722467;14,92739105;1,016609459;0,265102148;0
16814;15;12,25982506;19,83333333;11,63065792;14,92901707;1,301466165;2,117826939;0
16815;10;7,197792368;10;11,47801079;14,92976761;1,014071615;0,481099486;0
16816;15;6,591387895;8;11,83746816;14,93031979;1,03174041;0,388840079;0
16817;15;7,907791967;12,5;10,29841893;14,93371391;1,164161206;0,960915208;0
16818;15;8,626612339;12;10,7070647;14,93410301;1,075558828;1,027079582;0
16819;15;5,630365855;7,166666667;9,219746249;14,93714619;1,013943579;0,357635736;0
16820;10;11,95231376;15,83333333;11,03218151;14,93905258;1,07150237;1,012118697;0
16821;10;9,298339671;19,5;10,56942697;14,94036102;1,219122586;1,627182722;0
16822;15;7,238460355;8;10,85473969;14,94129658;1,042247382;0,545175314;0
16823;15;21,35335161;32;11,01016243;14,9439373;1,524925508;4,70714879;0
16824;10;21,89680178;21,5;9,346806708;14,94433022;1,14098612;1,967616558;0
16825;15;5,520521;6,833333333;9,013150596;14,94759369;1,013803035;0,244607449;0
16826;15;4,664593545;5,666666667;12,57539195;14,9503994;0,98762172;0,170637488;0
16827;15;10,5989316;15,83333333;11,59088497;14,95068645;1,216123079;1,878087521;0
16828;10;14,17235018;36;11,26648332;14,9511652;1,122694595;2,805680037;0
16829;15;7,515976855;12;12,5784915;14,95152855;1,06787618;0,850186229;0
16830;15;4,120908502;5,5;14,82360406;14,95166397;1,022641221;0,358166933;0
16831;15;8,054591171;12,5;9,779648887;14,9520359;1,173432868;0,857904434;0
16832;15;11,49964638;20,83333333;10,60658291;14,95252705;1,271773799;1,991504431;0
16833;15;6,719566953;7,5;11,89124605;14,95471764;1,066673028;0,737389922;0
16834;15;4,169768631;5,166666667;10,26573373;14,95488548;0,998507463;0,02623868;0
16835;15;13,11551022;26,5;12,68019216;14,95623207;1,380843211;3,063772798;0
16836;15;5,853788366;7,666666667;8,904002112;14,95960045;1,014691344;0,329477906;0
16837;15;11,44517415;13,83333333;11,87384773;14,96041775;1,157094799;1,501230597;0
16838;15;13,59617244;19,5;11,48026513;14,96801949;1,222239927;2,176221728;0
16839;15;6,796508711;8,166666667;12,21511919;14,96948624;1,073017921;0,665177464;0
16840;15;16,59492925;34,66666667;11,85346085;14,9697752;1,25545816;3,32039392;0
16841;10;7,68219039;8,166666667;10,88233615;14,97008133;1,033089365;0,383886576;0
16842;15;11,93036753;21,83333333;12,23549625;14,97051907;1,273795924;2,457510591;0
16843;10;6,606377157;12,33333333;12,58795456;14,97071266;1,04786389;0,616845727;0
16844;15;8,593668834;9,666666667;11,86015296;14,97131443;1,120860463;1,048587084;0
16845;10;12,25784657;16,5;12,17498919;14,97280598;1,126217426;1,370596886;0
16846;15;11,89928219;21,16666667;11,31910267;14,97354221;1,232542975;2,516965032;0
16847;15;6,857918238;11,16666667;11,87824105;14,97578049;1,042179537;0,712999344;0
16848;15;10,01174424;13,16666667;11,1384574;14,97581387;1,135077733;1,21649313;0
16849;15;22,89543782;62,66666667;10,06415776;14,97592449;1,274481647;5,542470455;0
16850;15;12,42500596;14,83333333;11,17477438;14,97595978;1,242000127;1,853194356;0
16851;15;15,13053212;22,5;10,14980054;14,97712421;1,321410989;2,362559319;0
16852;10;15,73377757;21,66666667;11,44673859;14,97912121;1,063834014;1,661721468;0
16853;15;9,563917804;13,5;10,3335735;14,97942257;1,127428035;0,910937548;0
16854;10;7,571185943;11;10,4390908;14,97947502;1,02417098;0,55680573;0
16855;15;7,492040041;12,16666667;9,501580061;14,98186874;1,02374075;0,78300488;0
16856;15;7,250261883;11,66666667;12,77169149;14,98581219;1,102003295;1,13395679;0
16857;15;15,6441951;23,5;11,32482016;14,98706436;1,336111464;2,799131632;0
16858;10;6,275900039;5,666666667;10,90919248;14,98827839;0,984116238;0,067528129;0
16859;15;6,337257528;6,666666667;10,0318946;14,99286366;1,050791064;0,384960532;0
16860;15;7,841218158;19,66666667;10,91728605;14,99311733;1,018356833;0,35189271;0
16861;10;11,51428899;8,666666667;14,23999744;14,99345207;1,099771364;0,690374494;0
16862;15;7,585817805;9,833333333;12,03341408;14,99349594;1,051529677;0,770866871;0
16863;10;5,683064314;6;11,62648395;14,9940443;0,998825379;0,188470125;0
16864;15;11,01574301;22,83333333;10,18176915;14,99487591;1,358567147;2,167719722;0
16865;15;14,72141325;32,83333333;10,73761277;14,99541759;1,260888675;3,030687094;0
16866;10;16,90284703;15,66666667;11,48820495;14,99693966;1,062459427;1,240606427;0
16867;15;4,511203073;6,333333333;11,76355309;14,99842548;0,962983387;0,174843788;0
16868;10;5,865361377;6,166666667;11,90051581;14,99889469;1,01452813;0,200650215;0
16869;15;11,04533512;23;11,50541188;14,99993896;1,206473961;1,8272475;0
16870;15;4,483251839;5,666666667;11,5635359;15,00209713;1,000529829;0,08442986;0
16871;15;3,694514647;7,166666667;10,73023913;15,0053196;0,958716828;0,198065519;0
16872;15;10,18719085;15;12,60571244;15,00768375;1,191144492;2,228458047;0
16873;10;13,14509511;21;10,76349259;15,00779819;1,241974171;1,812904716;0
16874;10;6,177062236;12,16666667;11,86390069;15,0086956;1,023886968;0,840302587;0
16875;10;8,608221527;10,5;10,91876909;15,01320553;1,085166575;0,775745988;0
16876;15;4,191187255;7,666666667;11,12971808;15,02058125;1,098662155;0,816256046;0
16877;15;4,483428798;18,66666667;9,970259371;15,02112579;1,192668959;1,535651922;0
16878;10;14,09126365;23,66666667;11,10215033;15,02150631;1,179103448;2,022529006;0
16879;15;18,76071454;32,83333333;12,08978797;15,02614021;1,35396118;4,097244382;0
16880;15;14,08848873;23,33333333;12,08591181;15,02799511;1,408641549;2,829553962;0
16881;15;13,39023449;23,33333333;11,96631241;15,02802753;1,39073711;3,163029075;0
16882;15;14,40603029;18,66666667;12,24011122;15,03248596;1,169157466;1,871005654;0
16883;15;7,8861275;10,66666667;9,048823389;15,03375244;1,034937515;0,668329835;0
16884;10;6,453827778;5,666666667;12,89745641;15,03462315;0,906724617;0,100580215;0
16885;15;9,203440601;13;11,63470507;15,03693962;1,157299444;1,519764423;0
16886;15;18,17725925;30;10,88259699;15,0375948;1,340750334;3,767262936;0
16887;15;15,97003284;30,16666667;11,89110087;15,04152489;1,369741886;3,463436723;0
16888;15;9,80869351;23;11,03338542;15,04218197;1,092214102;0,630051017;0
16889;15;10,48503379;29;13,22263353;15,0433321;1,361176795;3,071099162;0
16890;15;7,122137905;9,666666667;11,27262926;15,04453182;1,058597449;0,723679543;0
16891;15;8,839701575;18,83333333;13,19905744;15,04562569;1,215606742;2,337150931;0
16892;15;6,543977018;9,5;11,26227318;15,04596996;1,088375509;0,698986053;0
16893;10;9,055173941;8,333333333;11,97438234;15,04607487;1,045042255;0,647650003;0
16894;15;10,91715154;15,66666667;11,02071344;15,04711246;1,146719809;1,423874259;0
16895;10;5,68505299;5,666666667;10,52989042;15,04847717;0,865663743;0,178995371;0
16896;15;3,182462969;5;13,91766728;15,04912949;1,000091752;0,018826127;0
16897;15;5,894341803;12,83333333;14,74419684;15,05251026;1,180630586;1,898043513;0
16898;10;5,013137262;5,333333333;12,58902151;15,05297661;0,997642914;0,14734447;0
16899;15;9,781888022;13,5;11,73840847;15,05759239;1,181564569;1,57676816;0
16900;15;3,515694034;18;10,75007703;15,05804157;1,18193303;1,718028903;0
16901;15;13,55916362;21,16666667;8,575881651;15,05844975;1,214616335;1,945458055;0
16902;15;8,990485207;12,16666667;10,72872743;15,05856419;1,133370596;1,132040858;0
16903;15;16,60081762;30,66666667;11,10441821;15,05883694;1,321661524;3,432295322;0
16904;15;5,530826537;9,166666667;12,81617939;15,06047916;1,085876581;0,682293653;0
16905;15;9,436189764;13;12,65616309;15,06164169;1,202197658;1,546762347;0
16906;15;5,106046574;12,33333333;10,50021321;15,06411839;1,117884868;0,85259819;0
16907;15;3,346142542;5,333333333;12,8355865;15,06626415;1,013648772;0,154060602;0
16908;15;20,58271399;28,83333333;11,48734597;15,06695175;1,47098139;4,089015961;0
16909;15;11,98048576;28,55555556;12,04971475;15,06702709;1,178482881;2,165095925;0
16910;15;18,2648134;42,16666667;11,21755474;15,06845856;1,67445475;5,476693034;0
16911;15;4,233301962;5,5;12,79885188;15,06996918;1,003319953;0,059720397;0
16912;10;9,56103734;13,66666667;12,50149895;15,07092285;1,018112295;0,877792478;0
16913;10;14,09139541;13,33333333;12,99832369;15,07271481;1,104828477;1,09678936;0
16914;10;16,46310873;22;10,32379468;15,0753479;1,150273178;1,705639005;0
16915;15;10,82986147;21,83333333;11,33733334;15,07606888;1,208121005;2,023017645;0
16916;15;15,63307131;24,66666667;10,39601826;15,08015156;1,35522121;2,567666411;0
16917;15;15,77883682;27,83333333;10,09666527;15,08174324;1,324289956;2,915274143;0
16918;15;7,475114289;10,33333333;11,81275365;15,08256054;1,081982675;0,818824053;0
16919;10;4,466140712;12,16666667;11,77915461;15,08554745;1,065966328;0,575906754;0
16920;10;16,64094777;41,16666667;13,03830339;15,08815098;1,447411852;5,000465512;0
16921;15;14,6170931;26;14,1446063;15,0882206;1,402090663;3,650618792;0
16922;15;7,924638801;12;11,05608756;15,08876991;1,098912255;0,90732193;0
16923;15;9,715538447;19,83333333;10,85031444;15,09068584;1,091523832;1,434768677;0
16924;15;4,98265424;6;12,41609426;15,09081364;1,032237488;0,22038579;0
16925;15;14,97260498;27;11,81112686;15,09149075;1,419143273;3,324442506;0
16926;15;12,94576727;20,5;10,0930004;15,09383392;1,135015945;1,709277987;0
16927;15;8,52484357;10,33333333;12,03296658;15,0971632;1,14346774;1,205138922;0
16928;15;13,66540815;20,16666667;11,90045118;15,09776497;1,372746256;2,603038192;0
16929;15;6,019194102;9,5;9,558023329;15,10020351;1,038227077;0,47427547;0
16930;15;3,880304719;5;11,07645363;15,10314178;0,943347953;0,004618049;0
16931;15;8,559716523;12,55555556;11,5833501;15,10426331;1,225836825;0,971138477;0
16932;15;12,40215578;20,66666667;11,087348;15,10498714;1,363775773;2,477299452;0
16933;15;5,809558282;9,333333333;10,83505177;15,10657597;1,063044225;0,456850767;0
16934;15;15,21817225;23,83333333;10,78078506;15,10658455;1,33580153;2,745849609;0
16935;15;6,881507563;8,666666667;11,63117878;15,10750198;1,067168296;0,696796536;0
16936;15;11,01249904;21,16666667;9,740063895;15,10774803;1,303955989;2,147168994;0
16937;15;18,58840172;25,5;8,946275359;15,1081028;1,301196425;2,586714864;0
16938;15;4,04525704;11,83333333;11,09140486;15,10949802;1,143077223;1,075850487;0
16939;10;7,083022097;9,166666667;11,40216652;15,11173534;1,011106559;0,489045739;0
16940;15;7,660510601;12,33333333;12,1848892;15,11240768;1,0914486;0,903194547;0
16941;15;15,18325114;20,77777778;11,57681426;15,11412048;1,36033273;2,193667889;0
16942;15;12,27736928;18,33333333;11,32471645;15,11501694;1,200233508;2,009753346;0
16943;15;8,219929709;9,833333333;11,67401442;15,11672306;1,158919352;1,04691577;0
16944;15;9,755735604;15,33333333;10,40376292;15,1180706;1,183395595;1,330780387;0
16945;15;6,966697909;8,333333333;10,8297939;15,11946201;1,044771544;0,522086501;0
16946;15;10,77459947;22,16666667;11,97997404;15,12305641;1,241871639;1,690567732;0
16947;10;12,46041408;22,16666667;10,64365363;15,12353516;1,174463721;1,583671689;0
16948;10;10,1553419;16,83333333;12,31044462;15,12422943;1,086157445;1,351180196;0
16949;15;4,878813255;5,444444444;12,73301318;15,12611961;1,007753547;0,148821354;0
16950;15;27,21538591;59,5;8,441266989;15,12660599;1,351435947;5,653990507;0
16951;15;11,34948149;19,5;11,25224433;15,12843704;1,209680764;1,746178031;0
16952;15;5,150503779;7,5;14,12306938;15,13192844;1,064260731;0,797510982;0
16953;15;13,79966788;16,66666667;10,48165696;15,13342094;1,221594804;1,658685327;0
16954;15;7,721863198;24,66666667;12,64101014;15,13349915;1,070463442;0,521961451;0
16955;10;5,907098569;6,166666667;12,02821636;15,13450623;1,036504158;0,208802342;0
16956;15;11,60126491;38;11,0400221;15,13487625;1,47368401;4,182259917;0
16957;15;9,270024009;10,83333333;12,27673111;15,13708401;1,182628314;1,513454318;0
16958;15;12,52680625;19,5;10,18512254;15,13845825;1,313425215;2,21904552;0
16959;15;13,1793533;26;10,4838298;15,13853645;1,2027127;1,865875244;0
16960;15;31,22242119;92,5;9,884883324;15,14233208;2,024527989;12,79816639;0
16961;15;15,05459367;32,5;12,12183875;15,14448738;1,361294319;3,185549498;0
16962;10;9,325056225;10,33333333;10,54184928;15,14482689;1,056717154;0,788622141;0
16963;10;7,051020471;6;10,65844372;15,14616394;1,004979532;0,22119236;0
16964;15;8,70760399;8,833333333;11,18773004;15,14622211;1,161752645;1,07676816;0
16965;15;6,888266008;16;11,53790283;15,14637661;1,067085302;1,741232157;0
16966;15;23,67671676;48,83333333;11,32483532;15,14685917;2,00367827;7,723200679;0
16967;15;10,53555198;16,83333333;11,3471056;15,14724636;1,200327729;1,715532422;0
16968;15;5,114926308;23,5;14,19720489;15,15237236;1,29517499;3,161417842;0
16969;15;5,202759386;15,83333333;12,11349842;15,1535759;1,226887505;1,982019186;0
16970;10;11,91871745;8;11,68705783;15,15458298;1,032808856;0,54157269;0
16971;15;13,56934964;28,33333333;11,97486507;15,15531349;1,422852757;3,322460532;0
16972;15;3,465979501;8;11,23387925;15,15537357;1,027492507;0,488044262;0
16973;15;15,23319879;21,66666667;11,76378189;15,15599728;1,408010439;2,990461946;0
16974;15;14,44120005;24,66666667;11,94659469;15,15746975;1,288328585;2,696401238;0
16975;10;3,797451265;21,66666667;10,08174572;15,15977192;1,049095136;1,476832151;0
16976;10;7,462711433;15,66666667;10,75491732;15,15980721;1,111340519;1,179944992;0
16977;10;11,26095417;12,83333333;11,27635957;15,16000366;1,099478287;1,052366495;0
16978;10;12,26534329;19,5;11,83447331;15,16067982;1,106773521;1,680264592;0
16979;15;12,03351749;16,83333333;10,85956162;15,16225243;1,241036164;2,017908335;0
16980;15;14,10811254;20,16666667;10,67257232;15,16551113;1,216638268;2,234467387;0
16981;15;5,795533431;7,5;10,59386993;15,1674633;1,022103608;0,220895886;0
16982;15;16,70709342;25,66666667;11,96425429;15,17085743;1,382543833;3,295358658;0
16983;15;13,23765549;16,66666667;11,38505265;15,17739582;1,212221562;1,949164271;0
16984;20;12,30138529;24,33333333;10,41215661;15,17795944;1,258362222;2,103663206;0
16985;15;10,76989457;21,5;10,23320754;15,17839909;1,214779828;1,800026178;0
16986;15;6,080113215;7,5;11,86759613;15,17882156;1,07451981;0,516654134;0
16987;10;5,923232215;5,833333333;11,35625791;15,17886639;1,017499687;0,176225305;0
16988;10;4,747677471;7;12,25856011;15,18084049;1,030716108;0,465651393;0
16989;15;6,995836579;9,166666667;10,40828568;15,18089676;1,152715879;0,643132567;0
16990;10;12,77349785;17,16666667;12,43434038;15,18153763;1,189957976;1,781821012;0
16991;10;5,102782745;19;10,44427046;15,18287659;1,030814682;0,325859785;0
16992;15;12,14868483;24;11,69841158;15,18313503;1,198694631;1,766106129;0
16993;15;10,83511442;10,33333333;11,59424101;15,18404102;1,115605896;1,009790421;0
16994;15;4,901261036;8,333333333;13,27148675;15,1846981;1,114287385;0,82779932;0
16995;15;6,813412408;8;10,09037309;15,18673897;1,049224637;0,529900551;0
16996;15;11,72777723;14,83333333;9,827723616;15,18703175;1,082878538;1,247226954;0
16997;10;4,830364274;5,166666667;11,33736857;15,19223404;0,883946997;0,02947855;0
16998;10;12,30582917;30,33333333;11,87098396;15,19255543;1,123912087;3,056548476;0
16999;15;15,27801112;41,33333333;11,02320915;15,19445038;1,386371798;4,289271474;0
17000;15;5,049051908;6,5;11,34458737;15,19556999;1,005937438;0,248860836;0
17001;15;12,99661574;32,66666667;11,29119074;15,19650269;1,152639664;1,446338415;0
17002;15;13,40520311;19;10,4661276;15,20106697;1,270327927;2,028642654;0
17003;15;8,16345535;19,83333333;12,30175786;15,20421982;1,118799367;0,803804159;0
17004;10;7,653595014;10,16666667;10,49998248;15,20454597;1,053252325;0,459692121;0
17005;15;11,97493201;15,5;10,11528218;15,20484352;1,2237249;1,560052872;0
17006;15;11,54335757;24,16666667;7,838060168;15,20606422;1,230886811;1,756029963;0
17007;15;4,726684001;16,33333333;12,30295058;15,20609474;1,056582021;0,564846992;0
17008;15;11,04758344;17,16666667;11,56837229;15,21047401;1,215141165;1,987472057;0
17009;10;7,50632663;8,333333333;10,83682192;15,21049213;0,947454809;0,398778677;0
17010;15;10,28827526;20;11,05081778;15,21097088;1,232092155;1,584733009;0
17011;15;7,94985412;12,83333333;11,65938194;15,2111063;1,152790539;1,419672847;0
17012;15;7,306444946;9,166666667;11,22257069;15,21290493;1,115639865;0,766429663;0
17013;15;7,021612556;9;10,78940611;15,21464252;1,069818681;0,621749163;0
17014;15;5,899018624;7,833333333;9,184335967;15,21488762;1,037277474;0,392398834;0
17015;15;9,014223052;12,16666667;11,54751337;15,21548653;1,12890857;1,193019509;0
17016;15;4,940310875;7,166666667;10,04870315;15,21555519;0,99578343;0,402653337;0
17017;15;8,813139184;14,66666667;10,03195835;15,21556377;1,154331382;1,23973918;0
17018;15;11,696965;19,83333333;12,33816542;15,21667194;1,136328507;1,845647812;0
17019;15;13,56236343;24,83333333;12,31014213;15,2172966;1,322191062;3,120801806;0
17020;15;8,103516142;13;8,839687068;15,21745968;1,0542301;0,852326393;0
17021;15;7,016952505;7,666666667;13,97791173;15,21957302;1,156068934;0,874595761;0
17022;15;4,421445999;6;11,16760144;15,2198019;1,00793211;0,115504622;0
17023;15;19,84637178;36,5;12,31123084;15,2209692;1,622440821;5,202777386;0
17024;15;7,238975274;10,16666667;13,65403229;15,22136688;1,11956804;0,99345243;0
17025;10;9,66786489;10,66666667;11,15360923;15,2220459;1,102890973;0,734561086;0
17026;10;5,278920093;6,333333333;12,11025688;15,22232056;1,000233685;0,170877576;0
17027;15;5,752071038;7,666666667;9,891208511;15,22448921;1,115642278;0,332163095;0
17028;10;7,983969178;10;12,43781955;15,22558975;1,046187284;0,714654207;0
17029;15;4,778892734;5,333333333;12,72142462;15,22628593;0,984575871;0,128726125;0
17030;15;12,69505706;20,66666667;10,94224188;15,22633743;1,181866196;1,925262451;0
17031;15;30,20382707;66,83333333;10,52603304;15,22723389;2,031602788;10,10023928;0
17032;15;16,40785805;31,66666667;10,59757751;15,22841072;1,489063902;3,774582148;0
17033;10;11,13066701;10,16666667;11,46452777;15,23028755;1,106464005;0,903625488;0
17034;10;6,088082495;10;14,78071011;15,23042774;1,03633006;0,644953132;0
17035;15;10,22194569;22,83333333;10,76130129;15,23176956;1,238700429;2,061772346;0
17036;15;9,132545774;16;11,02126193;15,23434639;1,127425473;1,267824173;0
17037;15;8,602266281;11,66666667;11,4805257;15,23444366;1,124786838;1,264944673;0
17038;15;16,28502928;40,83333333;9,859820475;15,23555756;1,452625409;4,487855911;0
17039;15;9,491736366;15,83333333;11,72625033;15,23596764;1,129093653;1,363037109;0
17040;15;9,00110558;16,66666667;10,38780528;15,23799515;1,052370576;1,084371448;0
17041;15;7,704800712;11,33333333;11,83473728;15,23819542;1,04951247;0,83840692;0
17042;10;17,62085572;20,83333333;11,14657558;15,23869514;1,144700176;1,843930125;0
17043;15;4,115223905;5,166666667;9,68731726;15,24338245;1,000543148;0,05661869;0
17044;10;7,732356937;8,5;12,4610377;15,24499035;1,085087661;0,591632843;0
17045;10;13,6602883;17;9,996926506;15,24681091;1,106866043;1,625103593;0
17046;15;6,587613251;21;11,92041073;15,24858856;1,277210657;2,781511426;0
17047;15;15,02051893;23;11,36059695;15,2489624;1,281929204;2,557880759;0
17048;15;22,02750383;33,16666667;11,23059393;15,24915123;1,517340579;4,228351474;0
17049;15;6,63379814;10,16666667;10,01029286;15,25078392;1,048865213;0,647198677;0
17050;10;17,44703611;31,83333333;12,55179039;15,25097656;1,409222842;3,645544648;0
17051;15;12,48152303;21,16666667;12,2663848;15,25113487;1,274968085;2,928787351;0
17052;10;12,58842027;22,33333333;10,70183122;15,25484753;1,204201122;1,805007935;0
17053;10;4,793281988;5,333333333;12,77804799;15,25485229;0,898683903;0,020985723;0
17054;15;20,20168416;34,33333333;10,68772244;15,25625801;1,647372863;4,696106195;0
17055;15;11,87162886;27,5;10,96389555;15,25659466;1,143050995;2,229092836;0
17056;10;7,335001963;13,66666667;11,95463695;15,25872612;1,002776331;0,689843416;0
17057;15;16,71179691;30,5;11,39569731;15,25955772;1,371901371;3,862542152;0
17058;10;7,223628274;9,166666667;9,820913097;15,25977898;0,963538054;0,19709301;0
17059;15;12,63079526;16,33333333;12,44418824;15,26095486;1,288808965;2,419262767;0
17060;10;7,420431944;7;12,33560831;15,26166725;0,991769044;0,295064807;0
17061;15;11,98259137;22,83333333;11,79619138;15,26229382;1,219151828;2,435058236;0
17062;15;7,087471416;12,33333333;11,18155308;15,26990414;1,144292331;0,934052467;0
17063;15;11,23172167;19,33333333;10,07805251;15,27244568;1,134807194;1,606176019;0
17064;15;16,66103989;25,83333333;12,22500198;15,27250767;1,348632766;3,899610758;0
17065;10;15,28508758;31,33333333;12,00035019;15,27403831;1,383750816;2,887991548;0
17066;15;8,507757418;11,16666667;11,43868927;15,27613544;1,081636986;1,140891075;0
17067;10;5,402943766;5,5;12,21407146;15,27932167;1,162512534;0,089929938;0
17068;15;5,267387311;26,16666667;11,90343974;15,28081989;1,393092386;3,208499074;0
17069;15;16,01961762;28;13,04804214;15,28229046;1,742102854;5,241589665;0
17070;15;9,89202608;12,33333333;11,8930385;15,28269768;1,111733816;1,302480459;0
17071;15;17,55687263;34,66666667;10,47320584;15,28447533;1,438632176;3,815807581;0
17072;15;12,58927525;24,5;12,59012128;15,28517056;1,276983939;2,154776096;0
17073;15;6,643542199;8,333333333;12,92683472;15,28643513;1,115077285;0,798494339;0
17074;15;15,63736139;19,33333333;10,21113871;15,28996181;1,240215255;2,106221795;0
17075;15;11,74255421;18,33333333;11,45685585;15,2915535;1,2527024;1,957034826;0
17076;15;4,640899567;5,833333333;12,3607889;15,2919426;1,027864314;0,291708946;0
17077;15;7,519414568;8,666666667;10,88051234;15,29257679;1,123585993;0,764493227;0
17078;15;13,37075603;14,83333333;10,69060484;15,29334259;1,19173141;1,522694826;0
17079;10;10,18508444;36,33333333;10,80973123;15,29424667;1,188323356;1,622908592;0
17080;15;15,93240061;43;10,15911228;15,29532623;1,323923273;3,881992579;0
17081;15;5,179441747;9,333333333;12,20075325;15,29624844;1,008926328;0,417356014;0
17082;10;8,39678241;12;11,9076479;15,29684448;1,118389547;1,01612699;0
17083;15;12,73899083;20,33333333;11,27858942;15,29799652;1,255889553;2,248203039;0
17084;10;24,92810919;46,16666667;12,49739006;15,29948902;1,734274936;6,499849081;0
17085;10;20,21240575;39,33333333;9,071691819;15,30066776;1,090184193;2,715476871;0
17086;15;12,63265632;27,16666667;12,17010417;15,30151081;1,299924441;2,548186302;0
17087;15;8,972452336;16;11,53338662;15,30356407;1,239229167;1,53366065;0
17088;10;8,406435526;8;11,50261148;15,30410671;1,056058269;0,475872517;0
17089;15;10,08374052;17,83333333;11,44709544;15,30424976;1,190449069;1,620622277;0
17090;15;5,444364595;7;12,87953261;15,30445766;1,00673784;0,271572828;0
17091;15;6,621716613;7,666666667;10,75597799;15,30606747;1,056487955;0,530626893;0
17092;15;7,219107116;11,66666667;11,74089325;15,30774689;1,056366951;0,786642194;0
17093;15;5,476672369;7;9,776289129;15,31005573;1,007173755;0,273662925;0
17094;15;5,422415431;5,666666667;11,06006084;15,31048298;1,031719406;0,161623597;0
17095;15;10,36856347;14,11111111;10,14727961;15,31093884;1,113007334;0,831823111;0
17096;15;23,25849748;59;9,884130576;15,31272125;1,106938016;4,59325707;0
17097;15;4,286877495;9,333333333;11,09819626;15,31390762;1,089155291;0,681675076;0
17098;15;10,03495115;12,66666667;9,874594878;15,31599998;1,101392926;0,999745727;0
17099;15;18,86194781;40,66666667;10,42465289;15,31825733;1,269432905;4,575265408;0
17100;10;13,39130456;29;11,29969755;15,31835175;1,004014041;2,296547174;0
17101;10;4,928600676;6,833333333;14,68640625;15,31862068;1,000634059;0,858799577;0
17102;10;7,2330036;7,166666667;11,98009732;15,31911469;1,061012697;0,367622972;0
17103;15;7,157533067;9;9,832491008;15,31915855;1,082517625;0,48510623;0
17104;15;11,00748891;13,5;9,929836663;15,31940842;1,154219625;1,309833169;0
17105;10;6,999749714;11,16666667;12,00211109;15,32018757;1,003213064;0,671157479;0
17106;15;6,071700008;6,833333333;11,49273414;15,32330227;1,040189554;0,398869514;0
17107;15;5,199617622;6,333333333;9,443325075;15,32409;1,01100981;0,214488149;0
17108;15;10,34557426;16,66666667;10,90771306;15,32559013;1,244190631;1,79312849;0
17109;15;16,03024227;22,66666667;10,22630978;15,32988834;1,304464946;2,345131159;0
17110;15;7,482661676;13,33333333;13,5649039;15,33112907;1,322784188;1,451327562;0
17111;15;4,184313147;6,166666667;9,94737263;15,33196831;1,005990846;0,206638098;0
17112;15;3,527372545;6,166666667;10,80162476;15,33229828;1,046355416;0,362730265;0
17113;15;12,12044195;24;11,85719898;15,33269024;1,311652804;2,47098875;0
17114;10;5,756416873;6,166666667;9,387511726;15,33308506;1,011990303;0,127428293;0
17115;10;6,436211526;8,166666667;11,76868276;15,33422756;0,942226867;0,303254962;0
17116;10;7,181998744;8,333333333;11,44888219;15,33533192;1,099700739;0,304316998;0
17117;15;5,183331893;6;11,83963348;15,33576679;1,0104703;0,213836908;0
17118;10;5,332430766;5,666666667;11,0686593;15,33630657;0,937405503;0,113350272;0
17119;15;8,536669701;10,16666667;10,67670924;15,33655834;1,072629429;0,745948434;0
17120;10;11,43873478;11,16666667;9,830518094;15,33761978;1,08561129;0,905777335;0
17121;10;10,52916933;8,555555556;8,917614555;15,34475136;1,032127056;0,804327846;0
17122;10;7,994375393;20,33333333;11,02853389;15,34537315;0,831098861;0,914006114;0
17123;15;10,30323713;17,83333333;12,34183768;15,34703922;1,232087753;3,118400931;0
17124;10;26,84463803;47,5;8,408969283;15,34771156;1,589143384;4,821655154;0
17125;15;3,214608739;5,5;10,91405538;15,34921932;1,003285031;0,150884628;0
17126;15;14,0949917;29,83333333;10,32166358;15,34990788;1,361716927;3,116533756;0
17127;15;18,43662348;24,83333333;11,41183472;15,35208797;1,353324412;3,460964203;0
17128;15;4,213958481;5,5;13,71814815;15,35742378;1,003078589;0,118703842;0
17129;15;7,935954204;14;10,42475906;15,35758877;1,016952615;0,966011643;0
17130;15;9,294536557;9,166666667;9,711597612;15,35817909;1,079536348;0,712739587;0
17131;15;6,334614391;8,5;12,71096961;15,35901833;1,066715547;0,663280964;0
17132;10;7,870799342;9;12,86778057;15,3625536;0,98895668;0,432803273;0
17133;15;7,795710604;9,333333333;10,77176257;15,36353111;1,074164132;0,728971243;0
17134;10;8,552489469;12;12,03113954;15,36474705;1,070795354;0,784290791;0
17135;15;4,582749749;5,666666667;9,125089486;15,36512947;1,003016113;0,133398414;0
17136;15;10,58042227;22,16666667;11,16298028;15,36588669;1,140671919;1,775050759;0
17137;10;12,70713154;21,66666667;9,837923504;15,36611652;1,164474391;1,767763019;0
17138;15;12,15412134;18,66666667;11,40134013;15,36878586;1,173148972;1,97863543;0
17139;10;11,51016983;13,5;9,692908772;15,36910725;1,120596387;1,154906154;0
17140;10;7,398728428;8,666666667;10,61878691;15,3707056;1,104785225;0,428241372;0
17141;15;9,581994058;13,5;12,54071582;15,37469959;1,181114251;1,565576434;0
17142;15;8,227604026;8,5;10,63551366;15,37835503;1,088188113;0,731227398;0
17143;15;6,060868271;6,833333333;11,58007168;15,37950897;1,043712388;0,495711207;0
17144;15;13,52624454;25,66666667;11,36425542;15,3819685;1,343030615;2,548868537;0
17145;10;11,16704492;15,33333333;10,19952904;15,38315773;1,06659468;1,168340206;0
17146;20;4,523111456;7,5;11,51820395;15,38537598;1,003711604;0,090301037;0
17147;15;10,75558355;17,66666667;10,96808811;15,38657856;1,164691813;1,404116154;0
17148;15;8,445419434;14,83333333;11,99616335;15,38672352;1,172835996;1,452870607;0
17149;15;4,355864482;8,5;7,971197852;15,38995838;1,042377983;0,425679088;0
17150;10;3,68750507;7;9,991009403;15,39139366;0,919103095;0,165307879;0
17151;15;25,20333279;40,33333333;10,7385683;15,40018463;1,610102901;5,224354148;0
17152;15;10,05503486;14,33333333;11,88389284;15,40659428;1,22812242;1,732236505;0
17153;15;10,54600144;23;12,55046684;15,40701008;1,420845092;2,758347273;0
17154;15;15,83930444;23,33333333;11,43654834;15,40899849;1,342229426;2,955600142;0
17155;15;13,74749016;30;11,78150677;15,40910912;1,153585408;2,524315119;0
17156;15;8,430507795;11;10,55368933;15,410326;1,146027822;1,02701056;0
17157;10;5,446367682;7,833333333;10,49640368;15,41094398;1,001377674;0,231013298;0
17158;10;7,789782245;11,66666667;10,37465147;15,41216755;1,017075559;0,473301888;0
17159;15;4,481161399;5,333333333;11,57988855;15,41865921;1,003128277;0,11595273;0
17160;10;6,107075038;8,166666667;13,73185887;15,41960812;1,083629861;0,667257786;0
17161;15;3,861750067;5;7,519407619;15,42242241;0,841216216;0,000878453;0
17162;15;11,63152413;24;10,23548727;15,42281151;1,27245793;2,397290111;0
17163;15;5,528081512;10,16666667;11,38095665;15,42358685;1,133097421;0,892524838;0
17164;15;16,10608195;28,5;10,64515393;15,42596626;1,426570123;3,348389149;0
17165;15;12,40448608;20,16666667;12,01552784;15,42698574;1,302400591;1,834944487;0
17166;15;4,043893519;24,83333333;10,95692499;15,42953968;1,10188466;1,861823082;0
17167;15;4,228533098;5,833333333;14,5305625;15,42996788;1,054706957;0,637963057;0
17168;15;11,61396781;15,16666667;11,32496461;15,43301201;1,215447514;1,64411664;0
17169;15;7,599214418;12;11,32392284;15,43595982;1,07683447;1,082008481;0
17170;15;13,84497276;28,66666667;8,485453931;15,43757248;1,049615427;2,043248773;0
17171;15;18,30627459;33,16666667;10,83044903;15,43833065;1,372527066;3,722561836;0
17172;15;6,118028223;7;12,46537798;15,43921566;1,056238957;0,521510601;0
17173;15;5,768551467;8,666666667;11,21309901;15,43947792;1,061945049;0,401288748;0
17174;15;23,46330514;31,66666667;10,82472241;15,4395628;1,47217147;4,614325047;0
17175;15;11,12501188;18,66666667;11,2152971;15,44006062;1,207417808;1,896225214;0
17176;10;20,43816282;46,5;10,17714707;15,44150543;1,155941601;3,769977927;0
17177;15;14,62643244;47,66666667;11,38110619;15,44301414;1,300924809;5,035068274;0
17178;15;9,942323697;13,66666667;11,59150304;15,44387913;1,213610171;1,527330875;0
17179;15;12,3811006;19,33333333;9,552418537;15,44530964;1,178391507;1,807137847;0
17180;10;4,487356059;6,666666667;12,0034168;15,44562721;0,90040021;0,248964429;0
17181;15;3,88636721;9,666666667;12,08727358;15,44629383;1,053270391;0,719371676;0
17182;15;8,087116151;12;12,47222114;15,44662476;1,110580576;1,044169903;0
17183;10;4,291697964;10,83333333;9,86400608;15,45031261;1,06956486;0,766855001;0
17184;10;5,598189248;7,666666667;12,01083975;15,45047569;1,008318239;0,211207509;0
17185;15;15,99718367;35,66666667;10,28162377;15,4504776;1,592181972;4,18161881;0
17186;15;10,26384078;14,83333333;10,58837778;15,4528656;1,138851227;1,183716416;0
17187;15;12,05525237;18,83333333;12,36198126;15,45348358;1,322615443;2,859534621;0
17188;20;16,44633506;25;10,61517529;15,45524502;1,500986845;3,973653793;0
17189;10;13,8506731;19,66666667;12,84121009;15,45555401;1,244219357;1,374568224;0
17190;15;11,171443;13,33333333;11,94625084;15,45641994;1,166905229;1,653822064;0
17191;10;7,94276583;12,33333333;10,49772289;15,4574604;1,034633774;0,697392702;0
17192;15;13,70254098;20,77777778;12,76164306;15,45786095;1,402958138;3,238852382;0
17193;15;10,51552222;19,16666667;12,57866667;15,46195316;1,286129617;2,254559159;0
17194;15;4,114286956;5,166666667;14,43555067;15,46235466;0,975201445;0,051754951;0
17195;10;5,313625;5,5;11,96579572;15,46332932;0,99554015;0,083119512;0
17196;10;7,543584726;9;11,01508085;15,4642086;0,931532992;0,489516973;0
17197;15;9,063011648;11,66666667;11,26492853;15,46744061;1,0677244;1,180671334;0
17198;15;13,02370989;23,66666667;11,40785368;15,46908474;1,351367847;2,425328016;0
17199;15;16,34739011;45,33333333;11,65923664;15,47041035;1,448364186;4,617638111;0
17200;15;14,17740588;30,83333333;11,25918021;15,47059345;1,378903693;3,395475388;0
17201;15;4,043881385;8,166666667;13,86674139;15,47123241;1,078364654;0,574563026;0
17202;15;10,10825556;11;12,69937769;15,47312737;1,18394654;1,410468459;0
17203;15;11,32696644;16,66666667;10,69555978;15,47463322;1,148024591;1,417549253;0
17204;15;10,32422139;24,5;11,94488265;15,47523499;1,347038408;2,4666785;0
17205;15;3,358118478;7,166666667;11,12658647;15,47553539;1,150031074;0,314074516;0
17206;15;3,978447953;8,166666667;9,636068011;15,47717667;1,033765871;0,436698556;0
17207;15;27,9097214;45,22222222;9,316041699;15,48101902;1,340489184;5,56448245;0
17208;10;12,13480344;19,33333333;12,9162396;15,48275661;1,211587084;2,25889194;0
17209;15;16,00826838;29,33333333;10,95308972;15,48505497;1,396927976;3,401274323;0
17210;10;12,6471297;17,5;11,12756103;15,48530102;1,177485265;1,762768865;0
17211;10;17,1929847;27,16666667;12,15117752;15,48612213;1,399956535;3,175200224;0
17212;15;23,41831599;46,66666667;10,71096102;15,48648643;1,360580193;5,107325077;0
17213;15;3,394795924;7,5;10,21001104;15,48692417;1,007516507;0,232120872;0
17214;15;14,88026111;24,16666667;10,39830873;15,49123383;1,256823935;2,397439957;0
17215;10;7,596627396;11,83333333;11,7638115;15,49551201;1,44143221;0,808115125;0
17216;10;6,015023919;10;11,60173157;15,49719906;1,00106165;0,425042868;0
17217;15;12,42441728;18,33333333;12,56229784;15,49774837;1,360145848;2,491326332;0
17218;15;30,04814111;71,33333333;11,30903391;15,49985409;2,655522762;14,13265634;0
17219;10;4,19007085;25,5;12,29109029;15,5003624;1,202832288;2,17244339;0
17220;15;13,41101648;23;11,28149403;15,50143433;1,11823475;1,100551605;0
17221;15;7,940782416;10,66666667;11,61163884;15,50175381;1,098615003;0,899735093;0
17222;15;15,17904636;25,16666667;11,24627072;15,503232;1,390199012;3,329382658;0
17223;15;5,251242392;6,166666667;10,61675767;15,50612831;1,012529833;0,282317519;0
17224;10;5,446711242;5,5;12,81394269;15,50911713;1,007729154;0,16608417;0
17225;15;4,645241365;27,83333333;9,40615528;15,50952435;1,324595536;2,750795007;0
17226;10;3,708129589;5,333333333;10,78842505;15,51174355;1,000749251;0,082483649;0
17227;15;10,15005914;25,33333333;11,46609132;15,51294041;1,300908522;2,470835567;0
17228;15;15,31188435;22,66666667;10,68064915;15,51453781;1,419011633;3,102634549;0
17229;15;5,326162443;6;10,09442578;15,51858139;1,012810547;0,241034865;0
17230;15;6,536535543;10,16666667;11,26196604;15,5215559;1,01893187;0,665332079;0
17231;15;3,614720358;6,666666667;12,55843225;15,52414417;1,04650259;0,46844244;0
17232;15;9,199040858;12,5;11,02190921;15,52484035;1,046407698;1,238921285;0
17233;15;12,57608533;16,66666667;10,866299;15,52500916;1,242257663;1,849842548;0
17234;15;8,761693822;12,33333333;9,91195502;15,52513313;1,077658996;0,884141088;0
17235;15;21,58568441;40,83333333;10,63793322;15,52604675;1,392834138;4,702592611;0
17236;15;11,15818125;25,33333333;11,2630581;15,52740669;1,242388434;2,146551013;0
17237;15;6,131385528;7,166666667;11,13510476;15,52910805;1,060048516;0,391537309;0
17238;15;8,748634336;17,83333333;11,03859262;15,52954865;1,00261067;1,212198138;0
17239;15;4,272936511;5,333333333;11,91117284;15,53017998;0,998610921;0,081186891;0
17240;10;9,646288;12,16666667;11,75876214;15,5306921;1,033437171;0,692202449;0
17241;15;3,546164684;12,16666667;11,44878014;15,53076458;1,115898525;1,311802745;0
17242;15;10,50695523;12,5;10,81178296;15,53101444;1,11182914;1,16362524;0
17243;15;11,33438285;13,33333333;10,84203053;15,53211403;1,139020965;1,549775243;0
17244;15;4,214653185;27,33333333;10,93822375;15,53213882;1,256825313;2,553648114;0
17245;10;6,744955556;14;11,02455982;15,53990173;0,445793743;0,328192711;0
17246;15;4,538049411;5,333333333;12,55167858;15,54052448;0,987047425;0,089646101;0
17247;15;16,08712042;25,83333333;10,9170394;15,54114151;1,385736708;3,389183164;0
17248;15;5,914966406;15,5;10,73309882;15,54328442;1,258815999;1,46129632;0
17249;15;13,92781664;26,5;10,86272898;15,54389;1,804947956;3,724704266;0
17250;15;10,6805987;15;10,72202751;15,5442543;1,16697103;1,381870747;0
17251;15;12,0857225;30,66666667;14,35788373;15,54460335;1,549234943;5,15683794;0
17252;15;12,62506146;20,5;10,68934178;15,54783726;1,217974848;2,021387458;0
17253;10;5,598604734;5,333333333;12,10917068;15,55118942;0,94458965;0,040198803;0
17254;15;15,48471794;33,83333333;10,66147819;15,55380058;1,534697493;3,999464154;0
17255;15;21,76098311;36;10,83537595;15,55481434;1,237945725;4,521856308;0
17256;15;3,538388021;10,66666667;11,2084323;15,55778313;1,077036053;0,899001479;0
17257;15;7,763648043;16,5;9,524226107;15,55894852;1,015761199;0,254608154;0
17258;15;9,913351949;26,5;12,7475132;15,56023026;1,291052282;2,907337308;0
17259;10;3,694585506;5,333333333;11,04856813;15,56064415;0,95465587;0,043740273;0
17260;10;7,789856763;11;9,463265809;15,56100941;1,030792814;0,481499314;0
17261;15;12,16614314;21,33333333;12,9321808;15,56151104;1,206996373;2,283308148;0
17262;15;4,083790267;13,16666667;11,29551822;15,56432724;1,140149372;1,271206141;0
17263;15;31,26361818;59,5;9,360345162;15,56699562;2,232038006;10,29508412;0
17264;15;13,16559718;18,33333333;10,50505517;15,56820965;1,239378005;2,114066482;0
17265;15;6,157649364;10,5;10,85763108;15,56973362;1,151173217;1,20334661;0
17266;10;11,32243753;27;9,817620367;15,56999969;1,023424413;1,818925977;0
17267;15;4,593767715;6,111111111;12,89174581;15,57393456;1,006868867;0,020954967;0
17268;10;6,238898641;8;9,669148236;15,5744791;0,988718677;0,30003047;0
17269;15;17,60876745;25,5;11,168605;15,57507706;1,310648114;3,091879964;0
17270;15;9,817805848;16;10,9384747;15,57805252;1,147696247;1,570745826;0
17271;15;9,605872467;18,16666667;10,47810079;15,58046246;1,093849196;1,408720493;0
17272;15;4,0961375;6,333333333;14,16285663;15,58095074;0,980704369;0,185783982;0
17273;15;9,972096447;16,16666667;11,07178137;15,58418083;1,113922364;1,444023848;0
17274;10;18,10351066;32;11,02149637;15,58694839;1,123473577;2,612971425;0
17275;15;13,7231386;46,16666667;10,63699099;15,58819389;1,181287535;1,850991726;0
17276;10;10,66757262;10;8,777294555;15,59034538;1,04979146;0,877105236;0
17277;10;6,05188737;7,166666667;9,484862441;15,59075642;1,004587613;0,206341386;0
17278;15;10,02806063;13,33333333;11,39436083;15,59638405;1,225359646;1,784626484;0
17279;10;13,98126553;16,83333333;9,02320345;15,59790516;1,077553282;1,175122499;0
17280;15;7,635868531;8,5;10,73463692;15,60469627;1,107849209;0,71210146;0
17281;15;5,28670152;7,333333333;8,112031075;15,6079216;0,979100851;0,142431498;0
17282;10;7,579106584;7,666666667;12,55109839;15,6088028;1,01003647;0,592103481;0
17283;10;18,36669504;32,83333333;10,79450871;15,61333561;1,144741262;2,740371704;0
17284;15;6,083466924;7,166666667;12,85843276;15,61666965;1,061864691;0,600926399;0
17285;15;8,670198818;11,83333333;10,21450552;15,61706924;1,082545773;1,170320272;0
17286;15;9,622444099;17,66666667;11,18710408;15,61990833;1,169724137;1,435795307;0
17287;15;8,034327289;12;9,942858638;15,62319565;1,080519215;0,865396738;0
17288;15;4,495197636;5,166666667;11,51889173;15,62849712;0,989935877;0,084847569;0
17289;15;5,331401257;8,166666667;9,816263919;15,62874794;1,003602302;0,349326015;0
17290;15;11,00473973;16,5;10,52265662;15,630373;1,21584445;1,418206334;0
17291;15;8,424816168;13,66666667;9,959912101;15,63102913;1,029538938;0,953457236;0
17292;15;4,796538413;6,5;13,01010632;15,63270664;1,041885104;0,496285677;0
17293;10;14,73398389;22,66666667;10,59307;15,63486099;1,236074029;2,026931047;0
17294;15;12,70894116;22,16666667;11,23299184;15,63584518;1,000841488;1,698155642;0
17295;15;10,48452198;18,16666667;8,735271111;15,63937664;1,170814283;1,530605197;0
17296;15;8,501896753;13,83333333;11,32088437;15,64178085;1,109519304;1,132609963;0
17297;15;8,188216643;12,16666667;11,64023625;15,64470768;1,109559565;1,143439293;0
17298;15;12,18955761;21,83333333;11,0886054;15,64711189;1,172446281;1,863943696;0
17299;15;24,51410545;53,66666667;12,53634821;15,64753342;1,939535383;8,791138887;0
17300;10;4,991508794;5,5;14,29461379;15,64823532;0,961169284;0,065752149;0
17301;15;3,66187302;9;10,35508673;15,6519413;1,070662603;0,690208435;0
17302;10;11,71116182;16,16666667;11,35135143;15,65325737;1,084210298;1,39842236;0
17303;15;8,801311452;20,66666667;12,84989579;15,65692711;1,173224145;2,466214776;0
17304;10;6,157753263;6,833333333;11,52419934;15,65781021;1,037400811;0,254518032;0
17305;15;5,996647411;5,5;13,08196995;15,66034985;1,021653322;0,203911424;0
17306;15;9,012464077;15,83333333;9,692101527;15,66086769;1,003455065;0,95537436;0
17307;15;4,216644555;15,5;10,16933889;15,66262245;1,124892189;1,373449683;0
17308;15;10,85499052;18,66666667;9,452642421;15,66280079;1,125760345;1,585779071;0
17309;10;7,038803364;12,33333333;12,09740289;15,66310024;1,006028483;0,732559085;0
17310;15;3,688178165;8,666666667;8,402413118;15,66483879;0,967280842;0,283317327;0
17311;15;12,46245533;23,66666667;10,96432122;15,66621685;1,037237881;1,895388961;0
17312;15;21,55648314;38,16666667;10,4485636;15,66845608;1,564146754;5,017902017;0
17313;15;5,427721329;10,16666667;14,87922573;15,66900253;1,0989664;1,371743441;0
17314;15;13,60445519;23,5;11,62305078;15,67158699;1,406671772;3,493486762;0
17315;15;8,911837569;14,5;12,49900925;15,67288399;1,125613121;1,374168277;0
17316;15;14,90023534;24,5;11,22653823;15,67320728;1,401723534;3,449645638;0
17317;15;13,3769639;21,16666667;11,81697075;15,67498112;1,346785569;2,558469296;0
17318;10;6,13744296;5,833333333;12,74812043;15,67786407;1,104435695;0,149934411;0
17319;10;9,850582614;28,83333333;12,8223507;15,67881298;1,115420987;2,420660973;0
17320;15;27,11237064;57,83333333;11,30948729;15,68008327;1,83609415;8,302852869;0
17321;15;23,4287475;42;10,53378487;15,68193436;1,549451928;5,401866555;0
17322;15;5,56146798;7,833333333;10,82885279;15,68309784;1,008139232;0,376761556;0
17323;15;5,14631396;5,5;11,2776573;15,683465;1,031974083;0,269791007;0
17324;15;12,75443475;18,33333333;11,46738236;15,6851778;1,206272639;1,881103277;0
17325;15;13,62497038;19,66666667;11,17993073;15,68569565;1,230363653;2,099689007;0
17326;15;3,776603665;9;12,05127875;15,68665028;1,107905259;0,898500562;0
17327;10;10,34074883;8,833333333;9,959825958;15,68840313;1,057522702;0,757518411;0
17328;15;6,656853769;11,83333333;11,27114294;15,68851185;1,001463337;0,696275949;0
17329;15;9,064869338;13,16666667;11,73231663;15,69001579;1,140135134;1,125789285;0
17330;15;23,07751552;67,16666667;10,22643797;15,69071674;1,404458425;6,939053059;0
17331;15;4,936942086;21,83333333;12,07229892;15,69416809;1,335856436;2,841207504;0
17332;15;20,6954981;32;12,09808263;15,6954546;1,579274807;5,324317694;0
17333;15;13,1241828;31,5;11,06736971;15,69593906;1,234780735;2,219730973;0
17334;15;13,81197493;32,5;11,00826517;15,69756413;1,295994397;3,164742351;0
17335;15;12,21686957;20,33333333;11,02328626;15,70025635;1,304738799;2,305000424;0
17336;10;5,351498457;7,666666667;11,10379885;15,70036221;0,993681145;0,247822404;0
17337;15;6,389220381;39;11,29075383;15,70044231;1,581821222;5,151949048;0
17338;10;10,00129587;10,66666667;11,25847461;15,70128345;1,11345402;0,80759728;0
17339;15;4,169724669;38,33333333;10,15097435;15,70231533;1,006781278;2,836860895;0
17340;15;10,20689241;14,33333333;11,45165073;15,70368099;1,156976768;1,572130084;0
17341;10;8,186205227;11;10,91897425;15,70447731;1,05877194;0,65543282;0
17342;15;8,884437366;15,33333333;8,914790926;15,70537376;1,154872911;1,230133295;0
17343;15;12,10646089;25,33333333;10,71130356;15,70657921;1,045269839;1,871624947;0
17344;15;9,719848822;20,66666667;12,4762508;15,70935249;1,261727768;2,578109622;0
17345;15;8,688735148;19;12,21097487;15,71071815;1,178494628;2,316206574;0
17346;15;16,40456875;28;10,04454078;15,71168709;1,41093353;3,147241592;0
17347;15;12,99417803;22,83333333;11,280686;15,71339321;1,38956797;2,974829197;0
17348;15;13,61298045;25,66666667;10,27850676;15,71578598;1,280618068;2,593795419;0
17349;15;15,78423992;31,83333333;11,34146332;15,71710873;1,4635964;3,928046107;0
17350;15;31,27204481;78,83333333;10,47023339;15,71815014;1,603424022;9,166566491;0
17351;10;9,354650308;14,16666667;10,96456808;15,71981621;1,057168563;0,909406424;0
17352;15;6,172883224;8,666666667;12,90851855;15,71988773;1,107604498;0,805130482;0
17353;10;3,554777533;5;12,14199132;15,72101974;0,989362083;0,051766157;0
17354;15;16,99112866;33,83333333;11,22168108;15,72124672;1,358930146;3,772248507;0
17355;15;6,519028333;7;12,63935289;15,72342682;1,090237394;0,752006292;0
17356;15;8,017490332;15,16666667;9,210983648;15,72422409;1,042237891;1,019333124;0
17357;10;5,063373807;5,5;11,38949887;15,7244997;1,034272268;0,083213091;0
17358;15;6,629463982;8,833333333;11,88979348;15,72497845;1,073160027;0,797533035;0
17359;15;7,128733403;11,66666667;10,68904629;15,73342228;1,072580698;1,063543677;0
17360;10;4,808342111;5,333333333;11,06938077;15,73437881;1,008287293;0,042446733;0
17361;15;3,93178608;7;9,804432018;15,7346735;1,043401556;0,394928932;0
17362;15;9,62856475;16,33333333;10,33638196;15,73481655;1,232115856;1,828053236;0
17363;10;6,854367193;9,5;11,1858017;15,73798752;1,056231465;0,326078057;0
17364;15;4,973303949;6,166666667;10,1767035;15,73812389;1,010293617;0,273078322;0
17365;15;16,21217812;29,66666667;9,68542529;15,73917675;1,256350512;2,899444103;0
17366;20;20,71153831;57,33333333;11,37393841;15,73989296;1,727354511;7,608994484;0
17367;15;6,063932984;7,166666667;11,90391794;15,73996735;1,043871885;0,721734405;0
17368;15;11,1768666;31,16666667;13,55069697;15,74012947;1,492529903;4,33177948;0
17369;15;17,70483968;30,16666667;11,64123691;15,7401495;1,369179701;3,648406625;0
17370;15;7,135054765;9,333333333;11,6681952;15,74084663;1,049415203;0,900244355;0
17371;15;7,3676;9,166666667;10,87131849;15,74379921;1,060245513;0,715601325;0
17372;15;7,258732034;6,666666667;9,033708232;15,74406147;1,055310487;0,530268788;0
17373;15;18,75742145;34,16666667;10,85924192;15,74895287;1,451784607;4,264955282;0
17374;15;19,81808815;37,66666667;11,9150977;15,7495327;1,682529588;5,538400292;0
17375;15;10,30441285;13,16666667;11,2562105;15,7519331;1,172366788;1,388875008;0
17376;10;5,313907331;6,5;10,17817304;15,75204182;0,880935737;0,137253284;0
17377;15;4,40854622;6,333333333;12,00929202;15,75272465;1,000185816;0,030323863;0
17378;15;13,07229936;17,66666667;11,46219748;15,75368786;1,293546087;2,398127913;0
17379;15;11,43436122;21,16666667;10,8557534;15,75506306;1,176886635;1,520681143;0
17380;15;8,006274664;13,16666667;11,69585152;15,75528049;1,113271298;1,104628444;0
17381;15;10,86363694;16,83333333;11,28116863;15,7612505;1,234284189;1,998305798;0
17382;15;10,68078455;18,66666667;11,10494327;15,76586628;1,281286684;1,993953705;0
17383;15;4,296531126;5,333333333;11,90225577;15,76610661;0,986355985;0,041497827;0
17384;15;3,942568596;5,166666667;11,70386563;15,76753426;0,833683158;0,015678048;0
17385;15;11,66905867;21,83333333;12,35503433;15,76943779;1,362183357;3,259403229;0
17386;15;7,900685196;10,33333333;10,49602742;15,77211475;1,079155921;0,882777691;0
17387;15;10,04137519;17,16666667;11,28606446;15,77255726;1,143491111;1,492694378;0
17388;15;5,047105945;7,166666667;7,222390637;15,77317905;0,993707117;0,279400826;0
17389;15;8,072033598;11;10,23468356;15,77624989;1,085248224;0,781006932;0
17390;15;4,280469261;16;11,54080076;15,77813053;1,223836887;1,66085887;0
17391;15;13,80966138;22,33333333;10,71320316;15,77948761;1,269365449;2,512755871;0
17392;15;9,203574737;26,5;11,36001375;15,77982998;1,00776451;2,434912086;0
17393;10;4,743021691;5,166666667;9,864434686;15,78004837;0,918974359;0,021911383;0
17394;15;4,032322222;5,333333333;12,54216235;15,78182507;0,957454739;0,033828378;0
17395;15;8,816034147;12,5;11,39000167;15,78274918;1,172637353;1,525235295;0
17396;15;5,155626586;6;11,85271576;15,78363705;1,114767037;0,223242879;0
17397;10;10,72541554;10,16666667;10,71296155;15,78434563;1,092779771;0,760634422;0
17398;15;5,556501348;7,5;12,63257878;15,78805637;1,066659907;0,356395006;0
17399;15;9,801684924;11,83333333;11,05561491;15,78905296;1,121277608;1,597710729;0
17400;10;6,592541707;7,833333333;10,69530421;15,78986835;1,015479392;0,317720771;0
17401;10;6,877817612;8;12,76223741;15,79139614;1,071335793;0,565175414;0
17402;15;12,36721857;24;11,41720487;15,79148769;1,206064632;2,204281449;0
17403;10;6,026792808;7,833333333;12,78475463;15,79811859;1,035227004;0,304506063;0
17404;15;10,90626199;19,83333333;12,03145028;15,80092525;1,175272468;2,555473089;0
17405;10;5,602914015;6;11,43618931;15,80114555;1,009264318;0,167037725;0
17406;10;23,78396132;30;9,052224504;15,80158997;1,167853585;2,786954999;0
17407;15;16,88183819;27,83333333;11,24495555;15,8018074;1,45892701;3,953673124;0
17408;20;8,862223946;18;10,91603424;15,80238724;1,172596132;1,136662722;0
17409;10;4,303848516;5,833333333;12,51114423;15,80358315;0,99700648;0,262902975;0
17410;10;8,978328729;10,5;11,59089129;15,80480194;1,055458278;0,74500072;0
17411;15;17,94810428;27,83333333;10,48121853;15,8050108;1,459542473;3,368122458;0
17412;15;4,04802495;5,166666667;13,31947671;15,80525398;0,955843973;0,025531888;0
17413;10;8,127905982;10,66666667;12,04773903;15,80580235;0,959907775;0,603243113;0
17414;15;10,51664689;21;12,01691345;15,80783558;1,135426548;1,135053396;0
17415;15;6,642655035;11,5;9,510561263;15,81010914;0,98303181;0,60370338;0
17416;15;7,043423416;10,66666667;10,99372312;15,81344318;1,097044107;0,760504007;0
17417;15;7,370482607;11,83333333;9,768608684;15,81520844;1,065231835;0,60755372;0
17418;15;14,18117773;25,16666667;9,914652769;15,82045269;1,347530333;2,771750689;0
17419;10;12,58268033;18;10,01962072;15,82195759;1,106397169;1,345474362;0
17420;15;12,91512471;18,83333333;10,24778739;15,82234287;1,169034376;1,82437551;0
17421;15;5,820476352;20,33333333;14,26429132;15,82239246;1,274192853;2,674171567;0
17422;15;3,385099672;5,333333333;12,48924222;15,82397556;0,955637394;0,063634634;0
17423;15;8,597801217;18,83333333;12,25903025;15,82638645;1,16821128;2,031430244;0
17424;15;5,709035388;13,16666667;13,32297238;15,82742119;1,052498417;0,853175402;0
17425;15;16,07633631;23,5;12,05178565;15,82821846;1,407928943;3,401880622;0
17426;10;7,893876985;6,5;12,76142823;15,82849979;1,066944269;0,393151999;0
17427;15;9,092424019;17,33333333;12,22426543;15,82885933;1,15792485;2,035440326;0
17428;15;11,6948451;18;10,44872455;15,829175;1,291955405;2,072122455;0
17429;15;11,53155715;18,5;10,39759023;15,83285809;1,16772964;1,732351184;0
17430;15;6,892834057;10,5;9,30781598;15,83418655;1,012754931;0,540752649;0
17431;15;12,1765981;23,83333333;11,41368647;15,83512783;1,144634732;2,136388659;0
17432;15;18,12784156;50,33333333;9,307618645;15,83555412;1,305213194;4,707107663;0
17433;15;8,34434104;12,5;10,24076982;15,83844471;1,091001108;0,968710899;0
17434;15;13,09144861;20,16666667;11,56195084;15,84443188;1,302774756;2,363795996;0
17435;15;5,664018759;6,333333333;11,1581204;15,84471607;1,047752096;0,342823982;0
17436;10;6,35108886;17,66666667;11,89627432;15,84509277;1,151123272;1,598804712;0
17437;10;5,500157301;5,888888889;10,14269621;15,84835815;0,999675483;0,06361568;0
17438;15;5,214232022;6,166666667;13,89721073;15,84920883;1,02724809;0,355931401;0
17439;15;8,186080544;9;10,79337497;15,84995651;1,072624628;0,697880387;0
17440;15;6,385110069;8;11,89715059;15,85160446;1,0658626;0,707053542;0
17441;15;3,372524899;6,333333333;11,65811377;15,85165024;1,019599702;0,269152403;0
17442;15;3,296608522;5,833333333;12,77524846;15,85314083;1,032438885;0,204324007;0
17443;15;8,809036362;18;12,97448445;15,8554697;1,146108266;1,588501573;0
17444;15;11,28666861;14;11,02832748;15,85659504;1,198069597;1,826831698;0
17445;10;7,700863819;8,833333333;10,51584688;15,85829926;1,040205338;0,538211107;0
17446;15;14,71792891;29,83333333;12,30425966;15,85954094;1,329460222;3,248896241;0
17447;10;9,619390708;13,66666667;11,02582617;15,85958481;1,12262156;0,977587104;0
17448;10;17,56031416;28,83333333;9,637376395;15,86056519;1,06015266;2,28254962;0
17449;15;20,81216666;61,66666667;10,07304606;15,86281109;1,434026232;6,675577402;0
17450;15;10,72366723;12,16666667;11,52058675;15,86367798;1,177173103;1,573417902;0
17451;15;6,288598502;9,166666667;10,53309379;15,8647871;1,035889373;0,570655942;0
17452;15;5,995346701;7,666666667;11,55464445;15,86558342;1,043748731;0,659105778;0
17453;10;12,19914942;18,66666667;9,07116384;15,87149334;1,138434264;1,519933462;0
17454;10;8,589647647;12,16666667;12,0045653;15,87665462;1,039442972;0,548696637;0
17455;15;9,504288451;16;11,98387595;15,87865925;1,12599177;1,901916504;0
17456;15;13,31650516;27,33333333;11,25977512;15,88108349;1,337980727;2,838038087;0
17457;15;19,54206916;35,33333333;10,75928022;15,8829813;1,412355989;4,17039299;0
17458;10;14,43927475;33;11,91513124;15,88447762;1,34064209;3,405765414;0
17459;15;10,83311851;15,5;11,9846905;15,88767433;1,258756708;1,969404221;0
17460;15;15,17689579;25,16666667;10,71891566;15,89045238;1,310699106;2,818007588;0
17461;15;5,575688639;12,66666667;12,03027015;15,89607239;1,179826445;1,5927248;0
17462;15;9,856522164;11,83333333;10,56988304;15,89663696;1,187950222;1,317862272;0
17463;15;15,77144044;28,83333333;11,28044661;15,89981365;1,332830396;3,239837408;0
17464;15;3,716222185;13,5;10,68106557;15,90160275;1,151532641;1,516614437;0
17465;15;3,998950102;5,166666667;11,01840953;15,90316582;1,002493921;0,03048265;0
17466;15;4,454583638;5,833333333;10,58717302;15,9034462;1,002007514;0,132477403;0
17467;15;14,80217354;31,83333333;9,889465039;15,90468597;1,387816623;3,477512002;0
17468;10;9,882899005;10,33333333;12,20425416;15,90706062;1,131512377;0,963543773;0
17469;15;9,802608387;12,66666667;12,49290451;15,90871906;1,188422795;1,537317991;0
17470;15;6,340764621;10,33333333;11,80859086;15,91112041;1,045429113;0,641461134;0
17471;15;6,180897271;8,166666667;12,83996656;15,91197014;1,059675167;0,700846076;0
17472;10;9,855165936;13,33333333;8,347337581;15,91733074;1,069654872;0,699827909;0
17473;15;4,987025123;20,16666667;11,93475692;15,91823864;1,302104278;2,720656395;0
17474;15;4,014344208;5,166666667;13,19181017;15,91960239;0,923672795;0,016971707;0
17475;10;5,202638099;5,333333333;10,51460183;15,92048073;1,008549753;0,095371723;0
17476;15;3,922433047;15,5;10,85169372;15,92664814;1,222979235;1,573504448;0
17477;10;13,4882286;19,33333333;10,70266481;15,92795467;1,016497158;1,304493785;0
17478;15;12,11225942;23;11,91599993;15,92963505;1,174456294;2,195661664;0
17479;15;9,931838984;18,66666667;12,06195662;15,93029118;1,334928098;2,212759852;0
17480;15;6,174935185;8,166666667;11,98624993;15,93094063;1,052512671;0,574195862;0
17481;15;3,374021168;8;11,22943194;15,93238735;1,07830705;0,529088616;0
17482;15;10,39918144;13,16666667;10,90710477;15,93281269;1,131119663;1,369448304;0
17483;15;8,791385798;11,16666667;9,764210504;15,93387985;1,071928949;0,955078363;0
17484;15;8,736764625;24;11,69702599;15,93539619;1,303461441;2,901716948;0
17485;15;6,012752085;7,666666667;11,91558633;15,9410553;1,040494942;0,578950167;0
17486;15;9,874437132;11,16666667;11,48189844;15,94219875;1,133296963;1,196209192;0
17487;15;8,101979351;10,33333333;10,52964989;15,945858;1,090646847;0,885735154;0
17488;10;10,61479797;15,83333333;11,2173755;15,94617176;1,018238513;1,101812363;0
17489;15;9,774205233;15,16666667;12,25360537;15,94857025;1,158801575;1,749601364;0
17490;15;13,09643847;20;9,70668297;15,94972515;1,224838274;2,151357055;0
17491;15;10,52761612;18,66666667;12,38163744;15,95348072;1,170669911;1,260965824;0
17492;15;10,7944927;18,16666667;11,71202627;15,95386696;1,28124784;2,114846706;0
17493;15;6,779737126;10,33333333;12,90452729;15,95569229;1,07046325;0,77366221;0
17494;15;16,80892596;40,5;11,54209338;15,95613575;1,074342694;1,65840292;0
17495;15;9,860645701;18,83333333;10,50309153;15,95662403;1,106792034;1,597142696;0
17496;15;5,874471622;17,5;11,48040789;15,95700932;1,249717018;1,89855051;0
17497;15;7,974306039;13,33333333;11,8166387;15,95722294;1,077387743;0,797641635;0
17498;10;10,72812699;15,33333333;11,45036754;15,95732498;1,220116063;1,37014854;0
17499;15;18,90728522;27,83333333;11,75072438;15,95889282;1,462906501;4,10943675;0
17500;15;5,310967117;19,33333333;10,36018798;15,96035767;1,268436067;2,115834594;0
17501;10;5,80095364;6;12,57582718;15,96086597;1,013739155;0,2034235;0
17502;10;7,039923459;8,666666667;11,29058689;15,96132374;1,025979576;0,607527137;0
17503;10;11,21518345;15,16666667;11,0525426;15,9618063;1,065852723;0,894020915;0
17504;15;3,8292336;9,166666667;10,47156638;15,96443081;1,122709842;0,621821642;0
17505;15;9,808508892;10,66666667;12,26869662;15,9644537;1,070015478;1,276165485;0
17506;15;11,18105761;16;11,65090135;15,96651745;1,216708605;1,953887582;0
17507;15;7,26943836;7,833333333;12,78515335;15,967062;1,089030662;0,782395959;0
17508;15;3,330746102;5,5;12,16664809;15,96728706;0,992650849;0,113637805;0
17509;15;9,752205767;14,5;11,53091928;15,96810436;1,192173551;1,566190362;0
17510;10;9,313334637;16;12,20487263;15,96955204;1,028062462;0,576908708;0
17511;15;3,578281339;7,833333333;13,01081596;15,96958637;1,103863033;0,829366446;0
17512;15;9,269990711;13,5;11,11993692;15,97118759;1,160208556;1,270567417;0
17513;15;9,171910887;18,33333333;12,08092759;15,97161579;1,267054634;2,063585758;0
17514;15;13,71673031;27,16666667;10,87577336;15,97171688;1,359369199;2,962729096;0
17515;15;4,504922902;5,5;14,16894492;15,97230053;1,014025013;0,151293635;0
17516;15;4,430278742;5,666666667;12,99916596;15,97748566;1,009329458;0,094581842;0
17517;10;18,44183138;20,33333333;9,953350658;15,97784519;1,228466483;1,9875319;0
17518;10;11,47008001;14,83333333;10,13963461;15,97893238;1,097249719;1,249969363;0
17519;10;8,383075;8,166666667;9,91392782;15,98027515;0,867461067;0,488014579;0
17520;10;6,238522267;7,166666667;10,16463337;15,98174;1,028068048;0,235793591;0
17521;15;8,271013415;13,33333333;12,32046519;15,9849968;1,159379971;1,659723759;0
17522;10;13,52716472;33,33333333;11,19826149;15,9889183;1,038596121;2,417961836;0
17523;10;6,840070847;8,166666667;12,24462782;15,98961353;1,085046035;0,548340321;0
17524;15;3,374827391;8,333333333;12,40051836;15,98972225;1,09164681;1,319529176;0
17525;10;10,16041894;11,5;11,53450241;15,99043274;1,064205328;0,87945962;0
17526;15;6,246378714;10,5;11,0391456;15,99056625;1,087953279;0,691040516;0
17527;15;3,348918627;6,166666667;10,10751954;15,99103642;1,010203108;0,545079827;0
17528;15;5,582769907;6,333333333;11,96449225;15,99402618;1,045058966;0,385561943;0
17529;15;10,11853755;15;11,70563745;15,99662304;1,224796627;1,718930721;0
17530;15;12,90891295;29;11,46746308;15,99935913;1,111430258;3,354994893;0
17531;15;5,240990061;6,833333333;14,65183405;16,00104904;1,07438682;0,674454093;0
17532;10;10,62896712;29,16666667;10,83022037;16,0020752;1,17620877;2,515489578;0
17533;15;9,309628879;20,33333333;12,93067597;16,00403595;1,144046435;1,801950932;0
17534;10;4,537231178;5,166666667;14,64327279;16,00855255;0,861847733;0,0229702;0
17535;15;16,81088689;30;11,92517686;16,01387405;1,404626147;3,847789526;0
17536;10;8,231043057;14,83333333;10,93380618;16,01528931;0,934431601;0,854850531;0
17537;15;4,61301937;19,5;11,96009462;16,01557732;1,204396635;1,926837206;0
17538;15;17,85249802;44,5;12,55291599;16,01887321;1,794228282;7,848835111;0
17539;15;8,358758534;16,33333333;9,56220756;16,02317238;1,190656736;1,31546104;0
17540;10;9,57589393;11,16666667;12,48329333;16,02424431;1,22282842;1,224081039;0
17541;15;13,07378081;23,83333333;11,97330734;16,02702141;1,280460584;2,737781644;0
17542;15;8,700847761;11,33333333;10,48252701;16,02732468;1,136158692;1,078451157;0
17543;15;14,63858096;26,16666667;10,74734936;16,03119087;1,338396371;3,05299449;0
17544;15;5,401322363;8,333333333;12,89187982;16,03214073;1,063385652;0,445031643;0
17545;15;6,920880111;35,83333333;9,918302219;16,03274155;1,405057746;3,880726099;0
17546;15;6,932949626;9,166666667;12,19330011;16,03691864;1,060206755;0,405459166;0
17547;15;7,766916455;12;10,43198885;16,03863716;1,097241187;0,941788673;0
17548;10;12,97883031;12,66666667;10,88795251;16,03877831;1,114384356;1,212692738;0
17549;15;14,78535749;25,16666667;10,84090944;16,03920746;1,330236301;2,762689114;0
17550;10;4,957633276;5,833333333;10,59896402;16,03920937;0,953190252;0,068953276;0
17551;15;10,41879311;14,83333333;12,16321938;16,03934097;1,234207168;1,911824226;0
17552;15;11,53176415;26;10,44665261;16,0418663;1,121672806;2,101054907;0
17553;15;12,62974859;19,33333333;11,02606688;16,04200554;1,264630155;2,100270033;0
17554;15;9,946701709;16,66666667;11,38771346;16,04204369;1,201087046;1,681936502;0
17555;10;5,811681962;9,666666667;9,305847605;16,04216766;0,999990048;0,384314775;0
17556;10;13,73523768;55,16666667;12,39576461;16,04376793;1,30724367;5,242768526;0
17557;10;7,553442973;8,833333333;10,60838929;16,04595566;1,035451305;0,482822418;0
17558;15;7,031660433;17,83333333;11,07258343;16,04903603;1,185797792;1,760846615;0
17559;10;6,730444858;6,833333333;10,75919165;16,04974747;1,046334136;0,295877099;0
17560;15;4,01633998;5,166666667;11,43542729;16,05067825;0,979375393;0,04470253;0
17561;10;8,646687815;9;12,30221531;16,05126953;1,097435478;0,925192595;0
17562;10;5,287134093;5,5;11,92881807;16,05186653;1,003804001;0,093414783;0
17563;15;16,87485642;33,66666667;11,82122932;16,05710983;1,417083139;4,217224002;0
17564;10;13,28715762;23,33333333;10,60362757;16,0592041;1,159578957;2,104527831;0
17565;10;9,995693581;17,33333333;11,19704491;16,05921936;1,125783468;1,025726438;0
17566;10;7,877318604;10;9,871996737;16,06154633;1,060598408;0,595088124;0
17567;15;32,02503259;64,33333333;11,09268495;16,06407928;1,882470261;9,809214473;0
17568;15;8,957616535;10;12,33341912;16,06598663;1,099610835;0,955140591;0
17569;15;5,837320488;15,66666667;14,27910044;16,07115555;1,160684865;1,36317122;0
17570;15;13,39209992;20,16666667;11,13857541;16,07320595;1,270137583;2,36605227;0
17571;15;7,577664722;10,66666667;11,21635582;16,07539749;1,104830074;0,875852108;0
17572;15;13,46807649;22,83333333;12,11924678;16,07555389;1,300348027;3,171951413;0
17573;15;4,127097358;16,5;11,88603573;16,07562637;1,267195661;1,940604091;0
17574;15;8,216842687;9;12,07571456;16,07751083;1,084281827;0,740164757;0
17575;15;6,179627945;7,333333333;11,7322139;16,07791328;1,072757022;0,565474868;0
17576;15;5,168200138;7,666666667;12,67803395;16,08012199;1,010383304;0,354967713;0
17577;15;4,405286393;9,833333333;12,70837656;16,08039284;1,028155122;0,747337103;0
17578;15;9,458051554;17,33333333;12,25577108;16,08242226;1,131015039;1,970475316;0
17579;15;4,550661833;5,333333333;12,88407959;16,08565903;1,071380581;0,113139868;0
17580;15;7,697139158;12,83333333;9,982503513;16,08786201;1,083463082;0,91016984;0
17581;15;12,02478417;17,33333333;11,10055118;16,08864212;1,194114998;1,892021894;0
17582;15;19,19782221;29,83333333;10,91536524;16,08933258;1,467695239;3,985564947;0
17583;15;7,690484127;8;10,83391524;16,09041977;1,098446154;0,821307659;0
17584;15;3,532860316;8,833333333;10,69555606;16,09091949;1,105426925;0,647386193;0
17585;15;4,497773531;5,333333333;12,45377998;16,09407234;0,987699293;0,071788788;0
17586;15;6,221081402;6,666666667;10,62295635;16,09493828;1,028151174;0,381555557;0
17587;10;5,372892686;5,833333333;10,68946886;16,09773254;0,965513507;0,119755149;0
17588;15;6,753889971;10,66666667;12,96521093;16,10028076;1,059211478;0,829192638;0
17589;10;9,968953766;15,33333333;10,85137213;16,10066605;1,000762663;0,866384506;0
17590;10;6,050366489;6,666666667;11,81553105;16,10103035;1,030123438;0,261891484;0
17591;15;5,273322578;23,16666667;11,38463649;16,10334015;1,158383755;1,501327991;0
17592;15;9,442582039;14,33333333;10,37923696;16,10918617;1,181406822;1,361250401;0
17593;15;5,102938685;7,833333333;11,45761493;16,11044693;1,036081121;0,326036215;0
17594;20;14,93485276;27,33333333;10,21124215;16,11194611;1,443990389;3,683245063;0
17595;10;7,714513499;8,166666667;11,53789868;16,11251068;1,006169553;0,421007752;0
17596;15;8,181112663;10,33333333;11,89798505;16,11296654;1,202804641;1,20549798;0
17597;15;5,89580861;12,5;12,14918744;16,11395264;1,042151556;1,161678314;0
17598;15;7,316785945;13;11,43498728;16,11397552;1,05734193;1,089360595;0
17599;10;8,968337084;12,16666667;11,07456364;16,11431503;1,018285428;0,703688145;0
17600;15;9,321773935;10,83333333;11,8963717;16,11732292;1,131902811;1,436847091;0
17601;10;5,311532092;5,166666667;11,99806686;16,11834526;0,925742574;0,014105678;0
17602;15;13,22827188;28,33333333;9,74187331;16,11938286;1,223577603;2,631759763;0
17603;15;8,393416976;10,66666667;10,42163168;16,12050438;1,2201697;0,873814821;0
17604;15;9,951272718;6,666666667;11,30669733;16,12267685;1,056428166;0,607564449;0
17605;15;9,132483979;11,16666667;10,58658981;16,12394524;1,14614672;1,098693848;0
17606;15;8,841963155;14,33333333;10,94017111;16,12517166;1,171694046;1,382183433;0
17607;15;4,879054548;5,833333333;12,93338548;16,1273613;1,048668191;0,313962817;0
17608;10;5,637359235;6,5;12,92495882;16,12866974;1,460972758;0,257059455;0
17609;15;5,929533512;7;10,77461368;16,12941933;1,01461539;0,548473954;0
17610;15;8,03599108;10,16666667;10,54083223;16,12956619;1,129041076;1,072073102;0
17611;10;8,763114239;15;10,0897124;16,13060951;1,016316419;0,930050254;0
17612;15;17,27427355;31,33333333;10,30462798;16,13194656;1,470615577;3,711501837;0
17613;15;14,08738223;27,33333333;10,58264572;16,13227272;1,366765835;3,093131304;0
17614;15;7,686194379;11,5;10,27230138;16,1328373;1,068840339;0,741216302;0
17615;15;20,59612676;27;10,60935788;16,13368225;1,282763286;3,220619321;0
17616;15;7,297565278;12,16666667;12,16947131;16,13415909;1,152258187;1,262277603;0
17617;15;5,227015398;8,166666667;12,187869;16,13446617;1,013921778;0,518013835;0
17618;15;5,692494771;7,666666667;12,41091894;16,13636398;1,018814121;0,485206127;0
17619;15;10,34587313;17,66666667;10,99853372;16,13893318;1,196076412;1,809672713;0
17620;15;13,14036779;18,5;9,972383523;16,13980675;1,127870244;1,733333945;0
17621;15;5,906423497;7,166666667;13,32931906;16,14386559;1,010120494;0,375906587;0
17622;10;15,40944188;16;11,73497133;16,1512394;1,219264889;2,026760578;0
17623;15;5,761747858;8,333333333;10,69396882;16,15148544;1,023205205;0,430010796;0
17624;15;8,682419876;16;10,73554524;16,15354347;1,088291953;1,246694326;0
17625;15;4,282601401;5,166666667;11,1535733;16,15650558;1,002640264;0,043884039;0
17626;10;9,319941454;12,66666667;9,535188682;16,15694618;1,047384804;0,830859065;0
17627;15;15,59285176;35,32786885;10,96557674;16,158638;1,593579205;4,32804966;0
17628;15;6,771256528;12,66666667;10,42666472;16,16121101;1,01303558;0,78857255;0
17629;15;10,63384279;16,66666667;11,02345339;16,16197205;1,206380986;2,022323489;0
17630;15;15,11318519;40,33333333;10,39098013;16,16399002;1,307466542;4,197561622;0
17631;15;9,202358994;17,16666667;11,01257707;16,16417503;1,30115634;2,374007702;0
17632;15;11,5876779;20;11,64955799;16,16524696;1,23556585;2,209126949;0
17633;15;4,153654127;5,333333333;12,93121332;16,1665802;1,007183825;0,067008972;0
17634;15;4,350514659;5,333333333;10,4904039;16,16725349;1,018410168;0,077827692;0
17635;15;10,25119225;13,5;11,76814175;16,17009163;1,195583821;1,775271416;0
17636;15;4,703616176;7,666666667;13,04513151;16,17147636;0,930174221;0,24805069;0
17637;15;8,223637279;12,66666667;11,10878996;16,17373276;1,201619451;1,246914387;0
17638;15;23,68942039;52,5;11,24468972;16,17472267;2,087989217;9,145660877;0
17639;10;8,016977574;12,33333333;7,143390592;16,17520905;1,00149234;0,61465776;0
17640;15;4,760087114;5,5;11,96974399;16,17685127;0,978405165;0,124505281;0
17641;15;9,877849398;20,66666667;9,655431428;16,17686081;1,120547344;1,693049669;0
17642;10;18,12107993;39,16666667;11,09681324;16,17689896;1,472116183;3,813539267;0
17643;10;8,46058336;6,5;11,5711519;16,17692184;1,016353689;0,39856708;0
17644;15;4,667983968;15,16666667;10,71644276;16,17808342;1,198908312;1,228012323;0
17645;10;7,989555347;9,666666667;11,27697122;16,17853546;1,047609552;0,427820802;0
17646;10;3,772627724;5,166666667;12,67919138;16,17963791;1,0005478;0,197279692;0
17647;15;7,776281286;10,66666667;12,65207379;16,18401718;1,122806086;1,102032781;0
17648;15;4,781569202;7,666666667;13,43813328;16,18524742;0,972194884;0,234429836;0
17649;15;11,61424028;26,16666667;12,06814738;16,18599129;1,360346881;3,003454924;0
17650;15;10,9338601;13,66666667;10,09250041;16,18613815;1,107529866;1,301392436;0
17651;15;14,34894932;23,5;11,47784178;16,18624878;1,323188115;2,861389399;0
17652;15;8,560488589;17;10,55735859;16,19065666;1,203246543;1,626809478;0
17653;10;12,27756194;15,33333333;9,208247196;16,19166756;1,099715375;1,118667006;0
17654;10;3,743369628;10,83333333;10,777043;16,19529533;0,94884919;0,660682678;0
17655;15;10,1121662;19,66666667;11,46060136;16,19610977;1,193249311;1,844042897;0
17656;15;15,71389651;30,5;10,86803767;16,19642067;1,232467637;3,191876888;0
17657;15;4,169877904;15,5;11,22031582;16,19823837;1,191094407;1,80525434;0
17658;10;9,113200503;13,33333333;9,204095172;16,20464897;1,0378793;0,919802189;0
17659;15;14,35858623;25,33333333;8,947639433;16,20481682;1,210180915;2,378172398;0
17660;10;10,49160581;17,33333333;9,164424177;16,20508003;1,006102995;1,094880223;0
17661;15;5,683166587;8,333333333;12,8885824;16,20711708;1,016030618;0,39185226;0
17662;15;11,02089166;19,16666667;11,86895662;16,20965958;1,240535671;2,052783012;0
17663;15;3,43992303;7,166666667;11,49350786;16,21016502;1,052631822;0,440508485;0
17664;15;5,044823074;6,333333333;11,19117688;16,21177292;1,039990868;0,255313039;0
17665;15;17,19533634;25,5;11,3515956;16,21469116;1,388832035;3,599081635;0
17666;10;5,847442113;7,5;12,77722067;16,21496964;0,951786963;0,25265336;0
17667;10;5,899761111;5,666666667;13,37410144;16,21749496;0,944359966;0,099652648;0
17668;15;9,131209358;14;11,47668254;16,22020721;1,201623019;1,565273881;0
17669;15;13,18847174;28,66666667;9,530087734;16,22046471;1,201892491;2,602418542;0
17670;10;14,58415535;20;11,57772943;16,22318649;1,274422103;2,185973883;0
17671;15;5,913015953;6,5;11,37630276;16,22517395;1,037145736;0,388238668;0
17672;15;6,291190537;11,33333333;10,88181471;16,22572136;1,034699192;0,382000208;0
17673;15;5,705385512;8,833333333;13,97019978;16,22638702;1,095339404;0,959045768;0
17674;15;8,033886756;12,66666667;12,05957674;16,22806931;1,111509842;1,027018428;0
17675;10;6,838017418;10,66666667;10,45885529;16,2298069;1,029845371;0,497898579;0
17676;15;12,17472454;19,16666667;9,95203024;16,23112106;1,171054693;1,547666788;0
17677;15;15,65476109;29;11,85270546;16,2311306;1,412074048;3,742322087;0
17678;15;13,97652238;24,16666667;12,07716768;16,23353386;1,402129349;3,146958113;0
17679;15;5,261405556;7;10,82866921;16,2340126;0,953975297;0,384440303;0
17680;15;15,08667185;27,33333333;11,31009571;16,24010658;1,367077461;3,240030289;0
17681;15;11,76559572;16,83333333;11,82823463;16,24102974;1,211869697;2,014411688;0
17682;10;7,359124783;9,166666667;9,737766818;16,24170685;1,013780758;0,411206007;0
17683;15;5,929195495;29;10,17889323;16,24938583;1,369664294;3,369278312;0
17684;15;10,51985635;32,33333333;10,61304079;16,24954414;1,47704521;4,081658363;0
17685;10;8,135786599;7,833333333;11,30204057;16,25172806;1,010773519;0,446773887;0
17686;10;7,151038789;7,833333333;11,37686548;16,25796318;0,96456223;0,360244393;0
17687;10;6,293979286;7,333333333;10,66872486;16,25858688;1,0745978;0,286625028;0
17688;#N/A;6,654812438;10,5;10,94582451;16,25958824;1,029046152;0,699745417;0
17689;15;3,556162846;5,666666667;10,85707677;16,26023674;0,991569087;0,201991796;0
17690;10;9,727865764;11,33333333;12,47403184;16,26260757;1,085837798;0,976829529;0
17691;15;14,38598047;25,33333333;10,50488352;16,2626667;1,328390968;2,854748011;0
17692;15;11,77444358;27,33333333;11,21215298;16,26321411;1,44026367;3,219799519;0
17693;15;15,16802393;31,5;12,22101926;16,26421547;1,568759461;4,619406223;0
17694;15;14,89064961;24,33333333;11,37644277;16,26818085;1,237218849;2,64534843;0
17695;10;6,238256189;8,166666667;10,05817665;16,27004814;0,895484997;0,27662313;0
17696;15;6,349251269;11,66666667;12,72972167;16,27238464;1,031625866;0,291830301;0
17697;15;12,03325972;20,66666667;11,26157038;16,27272987;1,095360707;2,228131533;0
17698;15;5,904478757;6,5;13,96612374;16,27638817;1,05730378;0,608638048;0
17699;15;14,9867066;27,33333333;11,5569577;16,27728271;1,35863174;3,494507074;0
17700;10;9,068133616;10,16666667;10,66987158;16,27748871;1,054508543;0,622885108;0
17701;15;7,296135834;10,33333333;10,48144355;16,27757645;1,073150486;0,780197859;0
17702;10;11,89425876;15,33333333;10,78091621;16,28066635;1,088156823;1,180225849;0
17703;15;20,78434579;31,66666667;11,36196311;16,28077126;1,190146409;3,429394603;0
17704;10;9,770130567;13;11,76722078;16,28193092;1,11352095;0,756142616;0
17705;15;9,478437451;17,16666667;11,85204224;16,28762436;1,203626602;1,741185427;0
17706;10;5,213331789;6,5;9,011393518;16,29017067;0,925913638;0,108371377;0
17707;15;8,80272084;13;12,19469186;16,29029846;1,175158032;1,7686373;0
17708;10;8,153310422;9,5;11,54956817;16,29092216;1,035860776;0,600795865;0
17709;15;4,82932693;18,16666667;12,35286606;16,29286385;1,126513351;1,158436179;0
17710;15;7,814187727;9,666666667;10,81442655;16,29401588;1,108736657;1,004744291;0
17711;15;21,04198641;42,16666667;10,69242561;16,29433823;1,366873221;4,855417252;0
17712;15;10,93392164;12,33333333;11,51186423;16,29871941;1,171549441;1,424270391;0
17713;10;9,069467269;14,5;10,88393449;16,29893684;1,059008961;0,929492831;0
17714;15;3,742868909;8,333333333;10,89458939;16,29896355;1,078859775;0,615282059;0
17715;15;5,66081545;7,333333333;10,62648591;16,30218887;1,025200579;0,244847417;0
17716;15;15,75264936;30,90163934;11,85199813;16,30432892;1,430490408;4,054957151;0
17717;15;14,21014695;21,33333333;10,93898259;16,30456734;1,245851499;2,225526929;0
17718;10;15,56607803;30,33333333;9,446678608;16,30468178;1,038364998;2,190261006;0
17719;15;11,38773098;17,83333333;12,2521255;16,30533791;1,271950434;2,296087027;0
17720;15;14,84826231;21,33333333;9,465283643;16,30652618;1,376361598;2,561087966;0
17721;15;12,49761517;23;11,23889054;16,30706978;1,277008861;2,420119882;0
17722;15;4,637138308;7,333333333;14,69412767;16,31230354;1,045055486;0,512022972;0
17723;15;3,855243227;10,83333333;11,7151821;16,31336021;1,058881584;0,573786855;0
17724;15;11,74970311;26,16666667;10,54320891;16,31433296;1,152315185;2,389499307;0
17725;15;5,907588224;11,5;9,727829446;16,31581306;1,003592462;0,571066499;0
17726;15;9,749181077;16;11,92731414;16,3165226;1,210256951;1,764867425;0
17727;15;7,500480573;9,833333333;10,00386405;16,31695557;1,08165071;0,7366364;0
17728;10;9,663022898;15;11,95633163;16,3176136;1,02029967;1,05503583;0
17729;15;7,077980512;9,333333333;11,25139267;16,31778526;1,068417422;0,66881144;0
17730;10;3,832200428;7,666666667;11,81081052;16,31999207;1,018051457;0,601377726;0
17731;10;5,16879385;7;12,85374842;16,32042313;1;0,262629271;0
17732;10;5,332304462;6,333333333;11,37394144;16,32105827;0,947864877;0,173220754;0
17733;15;8,673056644;13,83333333;11,83459922;16,3221302;1,123869493;1,635713816;0
17734;15;12,99476344;31;11,38783243;16,3259964;1,236760802;2,34266746;0
17735;10;7,75470006;22,33333333;14,45236944;16,32688522;1,285220229;2,349990129;0
17736;15;7,028028294;15;8,599542507;16,32743263;1,002119373;0,844856143;0
17737;15;4,918689809;7,166666667;10,26551492;16,32901382;1,010249539;0,221603394;0
17738;15;5,839517744;11;12,23871765;16,33026314;1,035289868;0,66956234;0
17739;15;5,06508572;6,333333333;11,48023072;16,33044815;1,032078321;0,231494784;0
17740;10;6,088806275;8,833333333;12,17165475;16,33202171;0,752676924;0,30819881;0
17741;15;4,728768537;5,166666667;13,77711644;16,33335495;1,027002787;0,062427521;0
17742;15;11,06103789;7,833333333;11,00842624;16,33464622;1,118364181;1,016242027;0
17743;15;6,545902654;7,333333333;11,30122825;16,3358326;1,03824773;0,51355803;0
17744;15;9,786122353;15,33333333;11,76844223;16,33869743;1,150741645;1,58675468;0
17745;15;3,213444608;5,166666667;8,24816641;16,33877373;0,907389355;0,018122435;0
17746;10;5,909140278;8,833333333;11,51386931;16,34543991;0,74246827;0,280297756;0
17747;15;13,27318773;28;10,28264857;16,34958649;1,394069163;3,126070619;0
17748;15;10,45083848;21;10,59694606;16,35066032;1,192581806;1,784739733;0
17749;15;11,98692082;13;11,69872462;16,35174561;1,122964924;1,655167937;0
17750;15;4,966833377;9,166666667;10,71453957;16,35331154;1,09403187;0,748850584;0
17751;15;8,070845084;21,66666667;13,49740539;16,35495949;1,304140182;2,67689538;0
17752;10;6,73271149;6,833333333;11,93998079;16,35591125;1,021980943;0,299879551;0
17753;10;34,10457548;59,33333333;10,15616863;16,35671234;2,09054323;9,848211169;0
17754;15;5,94438077;10,83333333;12,31499933;16,36146927;1,01791376;0,150285244;0
17755;15;7,185151984;11,66666667;12,29560248;16,36598587;1,115574225;1,1787709;0
17756;15;13,65526648;22,16666667;10,50857142;16,36613655;1,242550271;2,469123363;0
17757;15;7,142415278;9,166666667;12,9725463;16,36752892;1,038100275;0,785155177;0
17758;10;3,880076068;10;10,38433248;16,3682766;1,052140344;0,720589042;0
17759;15;13,20368719;35,16666667;11,47164111;16,37353516;1,171790546;1,766693115;0
17760;15;4,438729392;6,666666667;12,3564209;16,37360573;1,003113742;0,152172923;0
17761;15;6,614463322;9,833333333;10,98296354;16,37424469;1,046274666;0,736994505;0
17762;15;11,59037789;19,16666667;11,54502418;16,37496948;1,256550002;2,202131152;0
17763;15;4,386529104;24;11,67012436;16,37802505;1,351257949;2,829903126;0
17764;15;11,21360776;17,66666667;12,24622651;16,37959862;1,14036966;1,630591154;0
17765;15;11,5178904;23,5;11,24179103;16,38425255;1,157024581;2,465022445;0
17766;15;10,68999692;27,33333333;11,63767222;16,38507271;1,108442228;2,328039169;0
17767;10;12,61804769;19,66666667;12,62421551;16,38655663;1,207397836;2,318129182;0
17768;10;4,867880541;5,5;12,39221651;16,38729095;0,988013825;0,052006602;0
17769;10;9,672159677;12,16666667;12,45445849;16,39006042;1,027804274;0,974753022;0
17770;10;8,421037865;12,5;11,68022825;16,39311028;1,008199481;0,836922169;0
17771;10;6,019296518;5,833333333;9,391631938;16,39459038;1,040290277;0,113101006;0
17772;15;4,096332411;12,66666667;11,41619781;16,39803886;1,054035731;0,56223917;0
17773;15;11,32485168;24,16666667;11,21839249;16,39908409;1,270103269;2,550048828;0
17774;15;4,47524367;5,833333333;12,85698016;16,40431786;1,001562074;0,157984734;0
17775;15;8,148559322;29,33333333;10,10142218;16,40473366;1,31651215;2,968910575;0
17776;10;16,99139802;23,33333333;10,10973487;16,41243172;1,051657509;1,69633317;0
17777;15;3,307682254;6,166666667;12,52368622;16,41273499;1,047701152;0,401844144;0
17778;15;5,724381544;7,333333333;11,48853886;16,41533279;1,025764551;0,395835161;0
17779;15;11,30187009;17,33333333;12,33343414;16,41561699;1,272690057;2,555163383;0
17780;20;14,48949883;26,83333333;11,53687063;16,41747475;1,44611563;4,079517722;0
17781;10;6,010322827;6;12,65518578;16,41997528;0,96749936;0,207264662;0
17782;15;3,801758579;9,333333333;10,36848043;16,42362976;1,136486392;0,795072794;0
17783;10;6,489116881;7,666666667;12,07894133;16,42415047;1,001486434;0,312637329;0
17784;15;14,39843568;38,33333333;11,46019266;16,42613411;1,641565637;5,240199447;0
17785;10;6,904544668;15;12,15728648;16,42930603;1,012228524;0,819349289;0
17786;15;5,712282254;7,666666667;12,13566095;16,43157387;1,084769975;0,589025736;0
17787;15;11,12162354;15,16666667;10,17822489;16,43398666;1,171543497;1,79793942;0
17788;15;4,996381152;6,833333333;11,65898102;16,43538475;1,014681548;0,245090485;0
17789;10;4,680896559;5;11,29671998;16,43560982;0,965878842;0,023460388;0
17790;15;6,627116516;8,666666667;12,18996802;16,43876457;1,070644731;0,806389332;0
17791;15;12,97373103;20,16666667;10,43128071;16,4420166;1,158283469;2,174407005;0
17792;15;16,66094424;25,16666667;11,26341336;16,4421711;1,239496967;2,873253345;0
17793;15;7,714907028;13,33333333;10,33464089;16,44248772;1,099606228;1,043259859;0
17794;15;11,8622568;16,33333333;10,80036518;16,44368172;1,199132266;1,889714122;0
17795;15;9,381046986;21,5;11,58331022;16,4464035;1,212472565;2,038308382;0
17796;15;4,461707283;5,666666667;12,47645387;16,44747543;1,052186055;0,212760568;0
17797;15;11,34470583;16,33333333;11,45127448;16,44948578;1,252964678;1,968489051;0
17798;15;7,10530468;8,166666667;11,93819371;16,44957542;1,03305758;0,556115389;0
17799;15;4,034199576;5,166666667;13,82926336;16,44970894;0,975413427;0,104791641;0
17800;15;16,02309133;31;8,821248819;16,45232201;1,279114632;3,240613699;0
17801;15;9,814477949;13,66666667;13,08862945;16,45552444;1,211755282;2,056440234;0
17802;15;11,57569913;19,33333333;11,2187323;16,45699501;1,161955961;1,463746309;0
17803;15;3,460427196;8,666666667;7,644239999;16,45855331;0,858800701;0,449814916;0
17804;10;19,92487052;35,16666667;10,39476286;16,46031952;1,166019861;2,806905031;0
17805;15;10,07948219;18,16666667;12,58060782;16,46410561;1,207209852;2,042160749;0
17806;10;16,4363672;29,16666667;10,52279208;16,4654274;1,077293327;2,16495657;0
17807;15;16,22336519;29,33333333;10,98093046;16,4704113;1,369154821;3,557547212;0
17808;15;6,389061272;13,66666667;11,12771771;16,47608185;1,185326401;1,475816488;0
17809;15;11,25692522;15,66666667;10,76061475;16,47752762;1,031258691;1,420300007;0
17810;10;6,060685167;11,5;11,72972704;16,47872353;1,103913543;1,038408518;0
17811;15;13,64037958;22,5;10,84796796;16,48036575;1,346930747;2,784614563;0
17812;15;14,34198296;23,83333333;11,23430501;16,48049736;1,379405038;2,840188503;0
17813;15;13,18741816;21,83333333;11,08608784;16,48261261;1,22456549;2,17321682;0
17814;15;10,9576731;20,5;10,60013393;16,48276711;1,237105955;2,197486043;0
17815;10;9,681690675;14,33333333;12,18573541;16,48883438;1,085423111;1,009706736;0
17816;15;4,940001633;7,833333333;12,2156156;16,4909935;1,008745562;0,553501248;0
17817;10;11,89735804;34,66666667;12,0864132;16,49157143;1,365780466;3,500284791;0
17818;15;5,064823959;7,166666667;12,45682536;16,49300957;1,014988312;0,339780927;0
17819;15;9,194397113;13,5;12,42298099;16,49462509;1,16123185;1,583410501;0
17820;15;8,557054554;12,16666667;12,10266459;16,50018692;1,151897632;1,300733447;0
17821;15;15,52692046;21,66666667;10,62215159;16,50041008;1,231841776;2,659361362;0
17822;10;7,289926261;9,5;9,089406698;16,50187492;1,022346392;0,474740744;0
17823;15;12,14506256;18,83333333;11,85320187;16,50375175;1,258927404;2,178246856;0
17824;15;15,09362456;15,66666667;11,02395192;16,50499916;1,225833816;2,049979806;0
17825;15;10,1428119;17,16666667;10,10364503;16,50675201;1,146907396;1,198874354;0
17826;15;4,23867704;5,333333333;13,4291703;16,50717735;1,024323664;0,049184442;0
17827;15;15,54382906;28,83333333;11,69691108;16,50784111;1,332514714;3,376222968;0
17828;15;3,739210656;12,33333333;10,2501766;16,50983429;1,16595189;1,020915985;0
17829;15;5,051560961;9;11,21937197;16,51914215;1,084780878;0,735160828;0
17830;10;10,92316132;14,83333333;11,46440976;16,5198822;1,069704923;1,093931556;0
17831;15;10,66341749;13;9,101658136;16,52181053;1,07572767;1,194713354;0
17832;15;9,663337214;9,666666667;11,71944034;16,53319168;1,141508839;1,247653127;0
17833;10;10,99347143;19,83333333;11,84453665;16,53352165;1,166170519;1,851503849;0
17834;15;8,540604879;26;10,68292659;16,5337162;1,394988084;3,444921017;0
17835;15;9,346293892;10,33333333;11,83797159;16,534235;1,106113091;1,178203583;0
17836;15;7,37032414;12,16666667;11,51170502;16,5344429;1,107983259;1,046230316;0
17837;15;3,56844149;9;9,783051251;16,53879929;1,067686024;0,793668747;0
17838;15;4,948078796;6,333333333;11,62034343;16,54006004;1,008495963;0,221411347;0
17839;10;7,526278873;8,666666667;10,36847383;16,5418148;1,0004149;0,570572376;0
17840;15;5,386292889;31,66666667;11,01116335;16,54581261;1,330602482;3,051350832;0
17841;10;11,82444336;18,33333333;10,33240103;16,5500927;1,02397736;1,400583267;0
17842;15;8,456515724;13,16666667;12,30429964;16,55145264;1,157290093;1,713931799;0
17843;15;6,199924692;7,333333333;11,71164618;16,55192947;1,031321993;0,345373154;0
17844;10;17,23037378;25,83333333;8,661963628;16,55375481;1,137406571;1,927903056;0
17845;10;14,19470442;24,5;11,58050443;16,55387878;1,091558616;2,465861797;0
17846;15;11,41413953;16,16666667;11,03692704;16,55566788;1,161700965;2,013215184;0
17847;10;6,1517875;6,333333333;9,933474517;16,55766487;1,009364881;0,256567955;0
17848;15;11,68187677;22,83333333;14,04957648;16,55823517;1,460055149;3,496106267;0
17849;15;7,611938143;8,666666667;12,03205871;16,56020164;1,143216307;0,95242095;0
17850;15;11,89272331;19,83333333;11,89500129;16,56481743;1,222255737;2,272503257;0
17851;15;11,16458457;23,33333333;11,59583782;16,56683922;1,279380303;2,561672091;0
17852;15;12,65487542;17,5;11,12131992;16,5672493;1,257991275;2,128350019;0
17853;15;8,371665779;10;10,55286312;16,56744957;1,129164304;1,010604382;0
17854;15;9,721663872;15,83333333;10,32650202;16,57111931;1,194139531;1,56683898;0
17855;15;3,880584255;14,66666667;10,5984836;16,57145309;1,141761044;1,380761504;0
17856;15;7,996424605;27,5;12,13521928;16,57174873;1,179859243;4,058644295;0
17857;15;6,583549708;18,33333333;12,37667533;16,57188225;1,169575052;1,903068066;0
17858;10;15,80019906;24,5;8,99214479;16,57265663;1,132180529;2,214237332;0
17859;15;4,234556572;5,5;13,62304393;16,57401466;0,999724009;0,143137097;0
17860;15;4,919798849;45,66666667;11,04307201;16,57424545;1,708340709;6,27352345;0
17861;10;8,287856438;12,16666667;10,76864637;16,57463455;1,040294324;0,592496276;0
17862;15;13,66173269;24;11,73629483;16,57541656;1,328005402;2,863950491;0
17863;15;10,97284816;18,5;11,91282821;16,5761013;1,178576783;2,003920913;0
17864;15;18,83326583;22,33333333;10,10465011;16,57689667;1,290791942;2,981805086;0
17865;15;5,243315498;7;10,2270089;16,58073807;1,105572641;0,395786047;0
17866;15;4,934371205;5,333333333;10,2547163;16,58238983;1,020017117;0,127223253;0
17867;15;12,80316246;32,16666667;11,33325817;16,58261871;1,380568679;3,69007504;0
17868;15;12,01719385;33,83333333;11,09528568;16,58296204;1,782790399;5,052209854;0
17869;10;10,73872582;14,33333333;11,05241969;16,58390045;1,080453033;1,260953307;0
17870;15;26,34309261;61;9,958756578;16,58572197;1,56062751;7,419352055;0
17871;15;13,92676921;17,33333333;14,30947342;16,58789063;1,272190894;2,245277643;0
17872;10;9,901719886;16,66666667;11,77273306;16,58798409;1,051966553;1,286432743;0
17873;15;10,89895037;15,33333333;11,71313713;16,58843613;1,186626575;1,842507839;0
17874;15;12,62705143;24,66666667;10,29707704;16,59714699;1,290925359;2,623423576;0
17875;10;14,58489693;30,83333333;12,23437615;16,59756088;1,507167678;4,064316988;0
17876;15;27,22019263;63,66666667;10,89558203;16,60111809;1,287881742;6,536028624;0
17877;15;13,50324901;18,66666667;11,62282475;16,60512733;1,310569928;2,478646278;0
17878;15;3,74716313;5,666666667;14,18789896;16,61339951;1,04864209;0,39711225;0
17879;15;4,82340099;11,16666667;10,66362825;16,61406136;1,157825964;0,986262679;0
17880;15;7,806418547;7,5;9,387836641;16,61489296;1,033981853;0,438315749;0
17881;15;8,183404345;22,83333333;13,4316335;16,61877823;1,121669426;1,433475733;0
17882;15;3,927636089;20,33333333;10,21428685;16,62088203;1,099425132;1,683596253;0
17883;15;15,07193426;31;12,18800108;16,62143517;1,41338475;4,691406727;0
17884;10;5,804955364;6,166666667;12,49803518;16,62157631;0,983789118;0,145051241;0
17885;10;9,031650053;9,666666667;12,56397903;16,62216949;1,101810494;0,797213793;0
17886;15;14,05842807;20,16666667;12,1535535;16,62363815;1,301638768;3,00794518;0
17887;15;3,381793719;11,16666667;10,42558652;16,62396812;1,043403101;0,721276879;0
17888;15;6,70137527;11,83333333;11,56068463;16,62441635;1,050809289;0,991332412;0
17889;15;21,51831239;32,5;10,18841074;16,62623024;1,533793644;4,789365172;0
17890;15;8,329104458;9,5;11,9418101;16,6265583;1,080507386;1,000345588;0
17891;15;24,27911431;72,66666667;10,3057889;16,62741852;1,366788471;7,373937964;0
17892;10;10,09318346;14,16666667;9,917812827;16,62812042;1,062235734;0,840095282;0
17893;15;5,189678306;33,83333333;11,68243044;16,62997627;1,543369959;4,658369422;0
17894;15;3,403957188;26,5;10,36265357;16,63070679;1,043237425;2,059958577;0
17895;15;3,501431976;9,333333333;10,40320248;16,63112259;1,081533416;0,796380281;0
17896;15;11,84806462;20,33333333;11,45482073;16,6317749;1,18724228;2,018516421;0
17897;15;4,124334009;11,33333333;12,58713337;16,632658;1,036357831;0,283153057;0
17898;10;10,77077298;11;11,03076674;16,63591003;1,032115639;0,785325408;0
17899;15;6,682194884;10,33333333;10,99561366;16,63807487;1,046351253;0,727985978;0
17900;15;11,27020231;16,5;12,17083653;16,63965034;1,2349802;2,174470901;0
17901;15;9,449423901;15,83333333;12,4835291;16,64026451;1,117967316;1,51650703;0
17902;15;8,290417661;18,5;11,86249549;16,64121246;1,047955233;0,543884993;0
17903;15;17,00315834;37;10,88072147;16,64464569;1,42903419;4,69702518;0
17904;15;7,471859782;8,666666667;10,68442103;16,65290642;1,034840265;0,791011333;0
17905;10;5,687829229;6;9,96006183;16,65369034;1,002601998;0,01912415;0
17906;15;6,958662087;10;11,04228803;16,65655708;1,025855638;0,720854163;0
17907;15;4,697366637;6,333333333;10,18891334;16,65833092;0,997318739;0,161763549;0
17908;10;7,973578111;10;11,61788059;16,65855598;1,064904671;0,511444926;0
17909;15;8,309936681;14,66666667;11,27739395;16,6595726;1,1408794;1,190798998;0
17910;15;11,93581302;21,16666667;10,60198117;16,65988159;1,21226873;2,078151703;0
17911;15;6,413895263;6,833333333;13,8942762;16,66000366;1,131345365;0,625249028;0
17912;15;7,09040208;11;12,69322749;16,66157913;1,120842895;1,366861582;0
17913;15;5,835443136;28,66666667;11,79458005;16,66308784;1,573512289;4,950064421;0
17914;10;5,686098387;6,666666667;12,20385768;16,66385841;0,966852258;0,215253711;0
17915;10;12,90098647;20,66666667;11,53410533;16,66649628;0,969783309;1,409971237;0
17916;15;6,413581776;8,333333333;13,50827009;16,66659164;1,05244851;0,794130921;0
17917;15;7,709357437;14,66666667;11,35651554;16,66675377;1,037402461;1,057892561;0
17918;15;29,9690917;85,5;10,95158238;16,67539978;1,128800046;7,195004821;0
17919;15;13,90161383;27,5;12,06333708;16,67720795;1,379439429;3,631489277;0
17920;15;13,13426974;20;11,65484528;16,67843628;1,290798599;2,321427226;0
17921;10;9,383180304;12;10,73533034;16,67959976;1,081953663;0,950002193;0
17922;15;8,806172757;13,5;11,06183705;16,68069077;1,158311748;1,344497919;0
17923;15;9,93114239;19,66666667;12,71189961;16,68076134;1,260054787;3,205045223;0
17924;15;6,248364204;7,666666667;12,24793947;16,68279266;1,042388148;0,533957839;0
17925;15;6,156631963;7,5;12,45106953;16,682827;1,060307493;0,773682594;0
17926;15;7,683648412;11,16666667;12,48701644;16,68674088;1,143927714;1,315087676;0
17927;15;3,320311296;6;11,4933342;16,69018555;1,050436243;0,268766522;0
17928;10;12,67160788;21;10,07343021;16,69054985;1,054799266;1,611502171;0
17929;15;6,090940986;6,833333333;12,89920712;16,69397736;1,076556627;0,72271049;0
17930;15;19,74519578;34,83333333;12,06099391;16,6986866;1,685496247;6,160984635;0
17931;10;5,327598046;5,666666667;12,24209273;16,70568466;1,001164104;0,11475265;0
17932;15;3,454132316;8,5;8,914081408;16,71258163;1,0284866;0,546598077;0
17933;15;8,727165652;13,83333333;10,91173429;16,71479797;1,142615255;1,376890302;0
17934;10;6,012864695;6,666666667;11,35367483;16,71617699;1,008859726;0,307919621;0
17935;15;6,367645821;8,166666667;12,38776694;16,71677208;1,07800014;0,861329675;0
17936;10;6,738816261;17;11,31342762;16,71762276;1,154821794;1,651050568;0
17937;10;19,37727667;35;9,424825273;16,71965599;1,262421657;3,366715431;0
17938;15;7,116285168;10,16666667;10,98020529;16,72059822;1,084308331;0,881345034;0
17939;15;10,34116052;26;11,16887968;16,72060204;1,329554542;2,760389805;0
17940;15;14,70123315;35;12,06934477;16,72108078;1,611048549;5,115934968;0
17941;15;10,35536245;21,5;12,12898726;16,72570229;1,195132581;2,454883218;0
17942;15;12,64316199;22,5;11,68017437;16,73256111;1,228082393;2,405943274;0
17943;15;9,543878499;14,83333333;10,65308433;16,73509598;1,408877105;1,717353582;0
17944;15;20,56250116;36,5;11,03732247;16,73522186;1,44511915;4,480459094;0
17945;15;10,00188826;14,5;10,38779146;16,73549652;1,19314951;1,609150529;0
17946;15;10,26812151;20,33333333;11,24166763;16,73628426;1,203366319;2,308773518;0
17947;15;8,36918694;15,83333333;13,25465172;16,73667336;1,138794197;1,193058014;0
17948;10;11,26330209;17,33333333;9,677686401;16,73745728;1,132944763;1,256197929;0
17949;15;10,2810464;15,16666667;10,66543571;16,73849297;1,216862839;1,598336339;0
17950;15;6,756860795;6,833333333;11,17289908;16,73907471;1,038523432;0,677372575;0
17951;10;5,042828214;6,166666667;11,95940894;16,74062538;1,001388396;0,191435575;0
17952;15;15,73912691;26,66666667;12,7002278;16,74209404;1,285181172;3,522576451;0
17953;15;3,838723889;6,666666667;12,1191255;16,74402046;1,018223308;0,315290928;0
17954;15;16,37695818;30,16666667;10,58259137;16,75295639;1,410075036;3,949251056;0
17955;15;9,640929506;25,66666667;11,37490701;16,75491333;1,027710508;0,302601218;0
17956;10;10,20158089;12,5;12,56062805;16,75780296;1,05786728;1,04565835;0
17957;15;9,236771796;17,5;9,833217353;16,76358986;1,154872348;1,203539729;0
17958;15;5,410416417;7;11,16070642;16,76437759;1,019623163;0,226892233;0
17959;15;4,933638299;6,333333333;10,50724162;16,76470947;1,00757664;0,2593925;0
17960;15;7,751969627;12,5;10,33463948;16,76632309;1,025784018;0,340804577;0
17961;10;7,130892199;8,333333333;11,18444214;16,76643944;1,038571044;0,547542095;0
17962;10;13,68264167;20,16666667;12,98111285;16,77055168;1,076601852;1,820460677;0
17963;15;12,36774212;27,16666667;12,41165457;16,77356529;1,243846847;2,923331857;0
17964;15;3,565364904;14,33333333;12,6956845;16,77600288;1,202111284;2,55357337;0
17965;15;14,6153173;28,5;10,75473092;16,77759171;1,247462961;3,088685036;0
17966;15;7,517350602;12,83333333;12,42898071;16,78046608;1,165935876;1,720753193;0
17967;15;10,75985437;16,16666667;12,0217727;16,78236389;1,211022669;2,001283884;0
17968;10;8,456760458;8,333333333;10,32266076;16,78437996;1,046073174;0,581168056;0
17969;10;6,834107149;6,5;11,27825175;16,7847538;1,039595066;0,266299605;0
17970;15;7,240933492;11,16666667;12,35120514;16,78734016;1,057536895;0,860268831;0
17971;15;6,130101825;7,5;11,7276007;16,78828621;1,042039159;0,538637161;0
17972;15;17,39771068;33,83333333;11,79436477;16,78948784;1,661991076;5,453206062;0
17973;15;12,70787018;17,16666667;10,54554091;16,79287148;1,168723285;2,245829821;0
17974;10;6,954684398;8,666666667;12,06459469;16,79735756;1,00884166;0,559080362;0
17975;15;20,21896661;50,33333333;9,894526958;16,79963684;1,175833401;4,527366161;0
17976;15;8,096185508;9;11,54540294;16,80125427;1,087626803;1,034185648;0
17977;15;5,148713373;9;10,04357165;16,80694008;1,003242219;0,04029727;0
17978;15;8,033207291;13,83333333;12,35282451;16,80981636;1,085908983;1,178002596;0
17979;15;9,513830901;17,66666667;11,69680937;16,81143951;1,115506313;1,538119197;0
17980;10;10,38257046;12,5;8,044403248;16,81150818;1,034894212;0,863739729;0
17981;15;6,914773505;11,16666667;13,37264636;16,81257629;1,174399489;1,105320692;0
17982;10;13,48484314;23,33333333;10,68456006;16,82074738;1,121974691;2,066604376;0
17983;15;3,706491654;5,833333333;11,97537661;16,82147598;1,024805317;0,261445522;0
17984;15;8,815992842;16,16666667;11,53147454;16,82747269;1,07248198;1,427868485;0
17985;#N/A;4,505814107;5,5;11,34985035;16,83108139;0,99760983;0,136502862;0
17986;15;6,405666819;8;12,37446393;16,8330555;1,096515769;0,656708479;0
17987;15;21,25050071;37,16666667;10,91919029;16,83715248;1,462355701;4,770688534;0
17988;10;5,985254219;6,666666667;12,03457227;16,83798599;1,016438094;0,25543189;0
17989;15;8,433380409;10;10,56003066;16,84144974;1,116305289;1,156928539;0
17990;15;5,583378775;5,333333333;12,16680861;16,84146118;0,986258322;0,111527443;0
17991;15;15,15216258;27,33333333;11,53073064;16,84279251;1,477242456;3,698752761;0
17992;15;6,1172686;11;10,32692542;16,84994125;1,019250961;0,565462589;0
17993;15;6,651422211;12,83333333;12,18054309;16,8501606;1,117032012;1,236289978;0
17994;15;6,871188289;8;9,592725903;16,85171509;1,051531505;0,640752673;0
17995;15;7,100021779;13,16666667;9,943016647;16,85296822;1,033175408;0,934060454;0
17996;10;6,863161733;11;13,14506949;16,85418129;1,005056372;0,818696618;0
17997;15;3,789830043;10,66666667;10,99361077;16,85427666;1,099757924;0,965950251;0
17998;15;18,1736955;67;10,75203261;16,85579109;1,230688963;6,249322057;0
17999;15;5,180866756;5,5;14,34001719;16,85761642;1,071019865;0,446493506;0
18000;15;3,897032475;7,833333333;11,60638877;16,85824966;0,996165907;0,32686317;0
18001;10;6,244981788;8;11,20323973;16,8623085;0,990122361;0,399160266;0
18002;15;3,960157767;16;11,59545323;16,871912;1,132583755;1,512601614;0
18003;15;16,06395872;38,33333333;12,14051227;16,87193108;1,480533496;5,250987649;0
18004;15;12,01736303;17,33333333;10,1842687;16,87315178;1,213560035;1,867359281;0
18005;10;7,814857291;8,833333333;8,178128079;16,87445641;1,012566138;0,578992486;0
18006;10;7,384169713;8,333333333;12,46559613;16,87606049;1,073080594;0,617446423;0
18007;15;9,93192566;18,5;11,38480827;16,87921906;1,138544408;1,813523293;0
18008;15;10,92265003;17,83333333;10,22866382;16,88321114;1,148585687;1,764843941;0
18009;15;9,00463786;14,66666667;11,77788629;16,88531494;1,189746352;1,724874616;0
18010;10;12,56362531;19,83333333;10,39149444;16,88573265;1,125594949;1,747061491;0
18011;10;5,886725035;5,833333333;11,78444618;16,89495277;0,975890805;0,136797309;0
18012;15;4,238892682;11,5;12,57589971;16,89499474;1,141154609;1,465657353;0
18013;10;9,97064425;23;11,58344011;16,89654541;1,07652098;1,877876282;0
18014;15;12,39155946;27,16666667;10,38146192;16,89668846;1,283649796;2,909699798;0
18015;15;10,30845895;15,16666667;10,05938106;16,89810371;1,078846969;1,235528946;0
18016;10;7,589783997;10,33333333;9,86307073;16,90016747;1,002284962;0,506369948;0
18017;15;11,68494427;21;12,15681542;16,90348625;1,284472854;2,529896498;0
18018;15;4,14694537;5,5;11,67067732;16,90421486;1;0,072371721;0
18019;15;8,950687194;14,5;11,44459007;16,90466499;1,132478192;1,440238357;0
18020;10;7,906151073;9,5;8,980845289;16,91013908;0,914488744;0,447763681;0
18021;15;12,72399318;16,83333333;9,708325847;16,9159317;1,178060398;2,144187093;0
18022;15;4,916414526;5,666666667;14,21709507;16,91613579;1,063392117;0,37768364;0
18023;15;8,012279143;18,5;11,58773293;16,91639709;1,126936087;1,556599021;0
18024;15;20,25439477;38,33333333;10,82151415;16,91829681;1,284135183;4,440420628;0
18025;15;10,59546661;22;10,99468451;16,9198246;1,238694518;2,281876683;0
18026;15;10,50335014;15,16666667;11,5114121;16,91984177;1,203113494;1,828959107;0
18027;15;5,021174576;6;12,278216;16,92230988;1,00916044;0,276016593;0
18028;15;8,569336857;13,66666667;10,69245643;16,92413712;1,090284215;1,148532629;0
18029;15;5,202251038;9;11,79639912;16,92551422;1,074243047;0,949224949;0
18030;15;8,038650007;13,16666667;11,86985332;16,92906952;1,090959644;1,409474969;0
18031;15;12,24887366;27,16666667;10,32492999;16,93254662;1,299342185;2,802102923;0
18032;15;3,769426885;8,333333333;12,24291029;16,93325615;1,058783868;0,703708649;0
18033;15;16,68831217;21,66666667;11,58344566;16,93349075;1,375932583;3,327861786;0
18034;15;6,051182041;9,333333333;12,49637243;16,93375015;1,030113492;0,664918423;0
18035;10;4,884849899;5,333333333;12,40620073;16,93383217;0,957918299;0,051833391;0
18036;15;14,99468584;19,66666667;12,03469397;16,93384743;1,299952324;2,933754206;0
18037;10;24,61169709;54,66666667;11,23420753;16,93622208;1,723166485;7,986444592;0
18038;10;5,35365067;6,333333333;13,48744107;16,93798065;1,017316541;0,356697559;0
18039;10;7,7268837;14,16666667;13,95111752;16,93896484;1,100248611;1,491504312;0
18040;15;12,91140519;20,5;11,93630363;16,93992805;1,327083599;2,9800421;0
18041;15;3,407473166;11,66666667;12,04781545;16,9418335;1,093442595;1,181964755;0
18042;10;5,406269098;5,833333333;11,51828718;16,94516563;1,004077568;0,173101664;0
18043;15;21,20513348;59,16666667;10,67607198;16,94538689;1,286370233;5,964307427;0
18044;15;5,507235909;20,16666667;10,14407622;16,9460144;1,274851157;2,341028929;0
18045;15;7,521192591;10,83333333;12,12697231;16,94751549;1,113500478;1,399288893;0
18046;15;6,963073033;10,83333333;10,71163928;16,95077896;1,054799857;0,815271735;0
18047;15;9,194888111;28,33333333;12,74619293;16,95078468;1,511599395;4,494394422;0
18048;10;7,721061106;12,83333333;12,30630835;16,95215034;1,021750633;0,905356646;0
18049;10;10,34587384;18,33333333;11,69132083;16,95217514;1,16006035;1,73094666;0
18050;10;5,693602367;7;13,32683649;16,95266914;1,012610965;0,261440039;0
18051;15;6,788442558;8;12,09804947;16,95545387;1,094152938;0,731352091;0
18052;15;11,62029406;17,66666667;12,12675584;16,95921135;1,256604974;2,411342859;0
18053;15;6,259411728;10,66666667;12,89340298;16,95992279;1,085848619;1,061327577;0
18054;15;17,18580505;29,16666667;11,67350304;16,96246719;1,254046085;3,414245963;0
18055;15;7,90986792;15,5;12,14259997;16,96287537;1,041677999;0,410486817;0
18056;15;5,879042588;11,33333333;12,84252545;16,96314049;1,078431091;1,214182019;0
18057;15;5,157222646;7;13,13963002;16,96320724;1,018782276;0,165329337;0
18058;15;8,20221537;12,16666667;11,48400243;16,96417618;1,148145941;1,519569039;0
18059;10;4,959806578;5,333333333;9,188049361;16,96564674;0,897255247;0,037089944;0
18060;10;11,25675504;20,16666667;9,323766716;16,96600533;0,928402675;1,221573114;0
18061;15;3,998980376;5,166666667;13,79053842;16,96999931;0,977173548;0,017666698;0
18062;15;6,410800479;20,5;14,26727606;16,97187233;1,274002407;2,961360097;0
18063;15;10,92588395;22,33333333;10,6951319;16,97254181;1,127778377;1,966855168;0
18064;15;27,4879079;72,33333333;10,00340398;16,97444725;1,101899898;6,283886075;0
18065;15;4,833070638;5,666666667;11,20859818;16,97850037;1,059157723;0,231304169;0
18066;15;12,17797537;19,33333333;11,34021645;16,98276329;1,236380686;2,373015165;0
18067;10;5,937103981;5,833333333;12,00554116;16,98367691;0,986933169;0,113341451;0
18068;15;6,10506508;6,851851852;11,24483086;16,98689842;1,07623584;0,264918089;0
18069;15;5,455843087;31;11,30364054;16,99476624;1,524140642;4,469528675;0
18070;15;18,06802935;37;10,42386209;16,99604034;1,389345224;4,689821482;0
18071;15;7,06639991;16,33333333;12,50574198;16,99931717;1,155984248;1,540128231;0
18072;15;3,260896787;5,833333333;14,76511145;16,99973488;1,045452208;0,329596281;0
18073;15;5,17585641;6;14,3467607;17,00143814;1,074529335;0,930495739;0
18074;15;8,910858566;21,83333333;10,97456101;17,00246811;1,109193762;1,819393635;0
18075;15;7,25321571;14,16666667;10,42587982;17,00287247;1,013038276;0,815140247;0
18076;15;16,21565689;27;11,68658847;17,00289345;1,295283637;3,243717313;0
18077;10;10,60558839;26,83333333;13,39077587;17,00997162;1,188869148;2,491238713;0
18078;15;7,064963035;8,333333333;12,01161743;17,01113892;1,126552572;0,89169383;0
18079;10;14,34371621;20;10,01247249;17,0122242;1,099556384;1,703542829;0
18080;15;7,099879996;7,666666667;11,9543499;17,01447296;1,088851776;0,879380465;0
18081;10;9,345793194;13,5;10,51118877;17,02253532;1,034664726;1,1119982;0
18082;15;5,086675348;29;11,28364545;17,02355003;1,446310605;3,912945032;0
18083;20;9,479242537;15,83333333;10,9856519;17,02416039;1,163139843;2,062686443;0
18084;15;4,664027297;5,833333333;14,15141216;17,02565956;1,031736613;0,377612233;0
18085;15;16,52174713;43,16666667;11,54864134;17,02702522;1,555878683;5,980309367;0
18086;15;6,211785492;9;10,62840963;17,02723122;0,991829007;0,444480419;0
18087;15;12,1614833;15,83333333;13,53048483;17,0288353;1,240273393;2,230849266;0
18088;10;6,932293922;10,16666667;11,16763672;17,03168678;0,980670665;0,589312911;0
18089;15;4,122717298;5,833333333;14,25814876;17,03285408;1,039388911;0,31413877;0
18090;10;6,334632729;8,333333333;10,36948423;17,03354454;0,930758369;0,418952584;0
18091;15;12,88436976;29,66666667;10,53189406;17,03390884;1,170749831;2,623413444;0
18092;10;3,741743907;5,166666667;11,58035312;17,03634834;0,997842503;0,049750805;0
18093;15;8,768886294;11,33333333;10,48956254;17,03712273;1,11542229;1,070795298;0
18094;10;8,638801394;15,66666667;11,34146094;17,03777122;1,082167217;1,386302471;0
18095;15;4,909689594;6,333333333;11,84454378;17,04278755;1,011079029;0,330051303;0
18096;15;15,73574324;22;11,08507118;17,04423904;1,21326087;2,710176945;0
18097;15;4,2066636;7,166666667;10,94254815;17,04483795;1,052152355;0,57689178;0
18098;15;10,43894872;23;11,12641774;17,04599762;1,258783217;2,143931508;0
18099;15;9,772687625;12,33333333;11,85714071;17,04619026;1,106690189;1,277312875;0
18100;10;6,805000369;9,666666667;11,7634588;17,04896736;1,003334347;0,590160847;0
18101;15;11,98899509;22,5;12,39161347;17,05286598;1,35174906;3,474289775;0
18102;15;14,86945617;52,33333333;12,126839;17,05552292;1,469141419;5,560805559;0
18103;15;15,0739339;27,5;11,40474228;17,05562592;1,416135228;3,771746635;0
18104;15;4,268052598;5,666666667;13,57297071;17,05698967;0,999241425;0,112495184;0
18105;15;7,1090397;9,666666667;11,88918571;17,0683403;1,07893222;0,854291081;0
18106;15;7,158954478;10,33333333;11,68757071;17,07025719;1,088858372;0,605067015;0
18107;15;7,494090122;10,33333333;11,21507077;17,07062721;1,103491218;1,083741426;0
18108;15;7,740124714;7,333333333;11,48044277;17,07208061;1,050147733;0,65534091;0
18109;15;9,649952429;20,5;10,87942383;17,07266045;1,149875421;1,204137683;0
18110;15;4,550822603;5,666666667;10,74354396;17,07309532;0,993416772;0,183353543;0
18111;15;8,683672426;15;10,26594618;17,07855988;1,145811099;1,296147943;0
18112;10;3,777476767;5,166666667;11,73446395;17,08165169;0,949374323;0,064267397;0
18113;10;12,79720101;17,83333333;9,74240324;17,0820179;1,097862004;1,588565469;0
18114;15;5,481270313;9;12,96426295;17,08246613;1,036225156;0,604530454;0
18115;15;6,238179745;8,5;12,82621419;17,08263969;1,054892463;0,776077628;0
18116;15;22,56531389;48,33333333;11,58533323;17,08365631;1,761687644;7,517795205;0
18117;15;6,144034556;8,5;10,24683846;17,08846664;1,004965882;0,451833725;0
18118;15;11,54879699;34,5;11,31798872;17,09488487;1,573295233;5,383434772;0
18119;15;7,251248231;15,5;13,21223133;17,0957489;1,017579835;1,065928698;0
18120;15;3,295899665;5,666666667;10,56538954;17,09992981;0,992741935;0,058830261;0
18121;15;3,247919179;5,166666667;9,177932811;17,09993172;0,893812312;0,011491418;0
18122;15;12,39932767;20,16666667;11,72468237;17,10127258;1,318703574;2,613726258;0
18123;10;8,29084543;8,5;11,96642706;17,10220146;1,058117547;0,756360769;0
18124;15;4,053568318;5,333333333;13,27182208;17,10348511;0,957269061;0,05917573;0
18125;15;4,923829736;33;10,8116633;17,10510445;1,32002736;3,858530164;0
18126;10;5,158286922;5,833333333;13,9709649;17,10622597;1,13697799;0,179606438;0
18127;15;3,591008438;9,166666667;14,84396901;17,10917091;1,127977231;1,223808527;0
18128;10;8,134150624;10;10,76248254;17,10966492;1,040280983;0,672972202;0
18129;15;9,327379264;13,83333333;10,50787707;17,11216545;1,111802377;1,390387177;0
18130;15;4,819694147;5,666666667;13,01586096;17,11258888;1,03298135;0,200558543;0
18131;15;22,15044609;42;10,6417675;17,11556816;1,559471521;6,135151982;0
18132;15;12,25475753;21,83333333;10,07692376;17,12335968;1,247063332;2,308939815;0
18133;15;10,67553763;20,66666667;11,15861241;17,12450027;1,24893628;2,266222835;0
18134;15;5,86446564;23,33333333;10,81013301;17,12617302;1,321809722;2,993139029;0
18135;15;9,767063638;16,5;10,76842945;17,12728882;1,231681559;1,844259739;0
18136;10;21,72755997;44,66666667;9,452894904;17,12756538;1,246508735;4,439150095;0
18137;15;8,127654814;11,66666667;11,47577155;17,12793922;1,148373109;1,214470267;0
18138;15;5,45972697;6,666666667;12,85818446;17,12900734;1,029461582;0,485254049;0
18139;10;6,279283836;10,33333333;12,85858979;17,1307621;1,005061218;0,390932083;0
18140;15;11,90481042;20,83333333;11,90138408;17,13077164;1,332862341;3,257475972;0
18141;15;8,434594393;16,5;12,77316987;17,13706207;1,087286962;0,873859406;0
18142;15;3,758561416;13,5;12,79577487;17,13882446;1,155114543;1,893946528;0
18143;15;6,143901806;10,16666667;12,20325388;17,13960266;1,06885226;1,080484986;0
18144;15;10,20213388;15,5;11,57484758;17,1401844;1,216186598;1,843551993;0
18145;15;25,19406064;55;10,87804976;17,14372063;1,849424465;9,262705326;0
18146;15;7,193177528;7,666666667;10,0738485;17,14458275;1,082146345;0,686150551;0
18147;15;4,395510024;5,666666667;11,76112842;17,14486122;1,000870322;0,051708817;0
18148;15;16,65252465;36,33333333;11,05693852;17,1458683;1,573634928;4,767421961;0
18149;10;7,709840278;16,16666667;14,17383519;17,15007591;1,159051596;1,631543398;0
18150;10;14,15548018;18,83333333;11,00568578;17,1506958;1,084752025;1,861935973;0
18151;15;6,942001167;12;9,110684251;17,15444756;1,123302534;0,85746181;0
18152;15;7,086297666;11;10,88343725;17,15590668;1,090610285;0,920856476;0
18153;15;8,230701024;11,66666667;11,07651691;17,15702629;1,100420414;0,991458178;0
18154;10;10,46073182;18,16666667;9,74229377;17,15781403;1,050247791;1,354178429;0
18155;15;9,38070451;18,5;12,04078775;17,16379738;1,175538378;1,93982482;0
18156;15;14,15064175;24,83333333;11,12302105;17,16527176;1,140423506;2,391991973;0
18157;15;5,012604678;6,166666667;12,26990605;17,17310715;1,038016576;0,374343753;0
18158;10;7,063715184;11;11,86192495;17,17802238;1,06448619;0,65294075;0
18159;15;18,45286251;52,5;9,776368029;17,18133736;1,092781954;4,418837428;0
18160;15;4,800645944;6,5;12,75408711;17,18309784;1,078373683;0,659940481;0
18161;15;11,15919058;30,5;11,94729937;17,18526268;1,358884076;3,761871815;0
18162;10;8,807144833;9,666666667;13,01023922;17,18901062;1,170139608;1,053666592;0
18163;10;11,04645541;13,66666667;12,12559993;17,19051552;1,122437897;1,410507798;0
18164;15;7,099519202;13,83333333;12,64569969;17,1950779;1,1034289;1,594008446;0
18165;15;3,972534701;6,333333333;11,97484653;17,19578743;1,034120171;0,414087534;0
18166;15;10,80026992;26,16666667;12,23297773;17,19731522;1,288586445;2,62618506;0
18167;15;11,97702788;17,33333333;12,7032235;17,19773483;1,225620646;2,636581659;0
18168;15;9,401405712;16,5;11,32944175;17,20094872;1,1240578;1,257087469;0
18169;15;8,289771502;17,33333333;11,45214121;17,20157051;1,214681762;2,362932444;0
18170;10;8,017618738;12,83333333;13,78045865;17,20818901;1,055466756;1,716263175;0
18171;10;8,268781398;9,666666667;9,06015528;17,2084713;1,033409269;0,559281945;0
18172;15;11,24591651;17,83333333;12,46826514;17,21676064;1,265327689;2,496791124;0
18173;10;23,3835793;33,83333333;10,12444111;17,21782112;1,199567865;3,164573908;0
18174;10;7,269230983;13;11,35726345;17,22244263;1,066998606;0,875092506;0
18175;15;4,241525186;6,166666667;12,20249852;17,22422981;0,956692477;0,177079678;0
18176;15;7,595822346;17,83333333;12,30944592;17,22445107;1,034383517;0,306262136;0
18177;15;3,535570699;7;12,58333408;17,22760773;1,088824669;0,844954133;0
18178;10;6,243485145;6,666666667;11,3714736;17,23062134;1,026775737;0,347284436;0
18179;15;5,373905552;6,166666667;12,78088279;17,23168373;1,04920153;0,579926968;0
18180;10;12,81208436;15,16666667;10,99236495;17,23247528;1,154561487;1,440461636;0
18181;15;13,33315647;19;11,75603691;17,23942184;1,259971294;2,011080265;0
18182;15;11,11376705;15,83333333;12,16137555;17,24287033;1,194395306;1,899963737;0
18183;10;5,168877176;6,666666667;12,77889174;17,2436924;1,001825915;0,469186425;0
18184;15;11,90685353;16,16666667;11,58833895;17,24479675;1,134535056;2,032411456;0
18185;15;6,790940698;9;12,22519041;17,24853516;1,083718283;0,908330321;0
18186;15;5,598644016;6,5;11,13926713;17,25037384;1,068990862;0,331983924;0
18187;15;11,44073092;19,16666667;11,78641813;17,25066185;1,274265756;2,367078781;0
18188;10;8,188549299;14,83333333;12,62389346;17,25112724;0,991451391;0,947593689;0
18189;10;11,34206648;19;13,45857129;17,25748062;1,202574048;2,348620534;0
18190;10;15,76819682;30,83333333;10,49060016;17,25912857;1,282954847;3,053391337;0
18191;15;7,360663648;16,83333333;11,90772933;17,25924492;1,099380945;1,614270568;0
18192;10;7,606959091;10;12,61234783;17,26182175;1,051231824;0,566514254;0
18193;15;5,830948508;7,333333333;10,24457943;17,26307106;1,062565667;0,474516869;0
18194;15;10,00475084;19,33333333;11,69966467;17,26515961;1,167400494;2,022371769;0
18195;15;12,38759363;31,83333333;12,21765937;17,26618576;1,40487124;3,642172694;0
18196;15;9,999166639;17,33333333;12,91288545;17,26890945;1,163201739;2,370906115;0
18197;15;7,071865962;10,16666667;11,89319746;17,27303123;1,013346115;0,805328608;0
18198;15;7,436045552;12,83333333;11,09297499;17,27391243;1,090404637;1,264919639;0
18199;15;10,02969088;12;10,51819642;17,27478218;1,109802692;1,377574325;0
18200;#N/A;5,493253337;8,666666667;12,52432138;17,27591896;1,022416294;0,333929539;0
18201;15;8,311274426;14,66666667;10,024876;17,27601242;1,099198799;1,450305581;0
18202;15;11,899847;18,16666667;11,50905369;17,27983856;1,231616067;2,166948438;0
18203;15;7,798133797;10,16666667;11,38981044;17,28093338;1,109582587;1,038156986;0
18204;15;4,441581873;5,666666667;14,31388023;17,28203201;1,025116619;0,254440308;0
18205;15;3,817900067;12,33333333;12,05544092;17,28615761;1,056835662;0,805544972;0
18206;10;5,903737604;7,166666667;9,581519611;17,28845215;0,92036564;0,188623786;0
18207;15;9,387798797;11;12,18742639;17,29010582;1,174629956;1,674596786;0
18208;15;4,92051652;6,333333333;12,80080227;17,29241943;1,024988731;0,431231976;0
18209;15;9,795965605;14;10,84528623;17,29592514;1,203139366;1,645793796;0
18210;10;9,733814767;10,83333333;10,15237252;17,29693222;1,042960391;0,852197766;0
18211;10;16,19430576;39,83333333;9,494768474;17,30096054;1,023438253;2,95539546;0
18212;10;3,951193268;12,33333333;11,72283138;17,30469704;1,12092675;1,256933808;0
18213;10;13,92601162;36,66666667;13,17186944;17,30732536;1,238441489;4,656445026;0
18214;10;5,347885509;5,833333333;10,56983451;17,30760956;0,951603517;0,124829412;0
18215;15;9,025272877;18,5;11,12695452;17,30839348;1,129164193;1,683298826;0
18216;15;7,533621468;9;11,09232812;17,30856514;1,082639709;0,90819633;0
18217;15;7,983195582;9,833333333;13,22035256;17,31057739;1,137612662;1,601855159;0
18218;15;4,238153944;5,166666667;14,7108371;17,31157494;1,012654102;0,217996955;0
18219;15;4,394828262;5,333333333;14,00321608;17,31265068;1,018313555;0,07367456;0
18220;15;6,46399103;10,16666667;13,08117119;17,31718063;1,107666263;1,231833696;0
18221;10;8,076054193;7,5;9,122030018;17,31850433;1,017557687;0,557089806;0
18222;15;15,88056361;29,5;12,06935052;17,32075119;1,441283584;4,590760946;0
18223;15;6,123880684;8,333333333;11,24117657;17,32814407;1,061739974;0,680485249;0
18224;15;17,964802;25,5;10,81460279;17,32852745;1,352203608;3,56592679;0
18225;15;8,179749215;11,83333333;10,86044401;17,32993507;1,090813111;1,13978827;0
18226;10;7,116360706;7,5;10,3121115;17,33057022;1,037897656;0,40981102;0
18227;15;9,268873788;14,5;10,35257692;17,3325367;1,094410958;1,35169518;0
18228;15;12,70526019;25,33333333;10,91144569;17,33384514;1,348959412;2,962112308;0
18229;10;7,033601674;8,666666667;9,905896188;17,33644867;1,002673709;0,504541278;0
18230;15;5,000812519;6;11,31862065;17,3407402;1,012483624;0,220470667;0
18231;15;4,694220482;6,166666667;9,591276229;17,34082031;0,974926898;0,152318597;0
18232;15;5,300161949;12,66666667;10,75295368;17,34228706;1,139235304;1,346731067;0
18233;10;7,48466204;17,33333333;12,381947;17,34570885;1,154954315;1,754072428;0
18234;10;7,01298051;5,333333333;10,27396463;17,34592819;0,999130091;0,308744669;0
18235;15;4,44178409;5,333333333;12,85929834;17,35268021;1,019566919;0,145513654;0
18236;15;8,526937668;12,66666667;11,15003208;17,35328484;1,192242299;1,541994929;0
18237;15;12,75622802;20;9,378425707;17,35342598;1,20421386;2,210417628;0
18238;15;9,753905527;13,16666667;11,97803187;17,35522079;1,153261295;1,543654442;0
18239;15;8,099743438;10,33333333;13,28296007;17,35815048;1,233658096;1,418532848;0
18240;15;5,516908751;7,5;10,24550674;17,35877419;1,03440734;0,412025809;0
18241;15;3,437249903;8,333333333;12,53668372;17,36098099;1,01308616;0,470728278;0
18242;15;19,33322958;45,5;12,56360434;17,36200714;1,420162324;6,313461185;0
18243;15;6,322599158;10,83333333;10,77009496;17,36462593;1,011139929;0,541499853;0
18244;10;12,61618207;18,66666667;10,43939801;17,36657524;1,156631606;1,600873947;0
18245;15;6,207062124;9;12,14232137;17,37340164;1,019047409;0,369383097;0
18246;15;15,87011436;26,66666667;11,29239466;17,37482452;1,285209551;3,335434675;0
18247;10;7,292822533;8;11,6670175;17,37611389;1,053931918;0,552173615;0
18248;15;11,83168568;23,16666667;10,8641768;17,37706375;1,272357913;2,484578371;0
18249;15;4,954876374;6,5;14,7232246;17,37909698;1,051542015;0,646559954;0
18250;10;5,443713949;6,166666667;11,04107814;17,38013077;1,000050042;0,124215007;0
18251;15;4,833008509;7,166666667;8,255271173;17,38515282;0,86150107;0,147657394;0
18252;15;4,987578062;5,166666667;13,34194002;17,38637161;1,029440849;0,360330701;0
18253;15;14,12940169;17,83333333;11,4255212;17,3867588;1,084898403;2,446681499;0
18254;15;24,6514938;71,83333333;10,28977169;17,38721657;1,989487766;11,48805428;0
18255;15;5,157068768;7,666666667;11,50079609;17,3874054;1,002132586;0,352591753;0
18256;10;14,08701509;23,16666667;10,38756028;17,39912415;1,096937924;1,963815928;0
18257;15;3,764740818;11;10,50412194;17,39928055;1,125996251;1,085109115;0
18258;15;14,35474751;19,83333333;10,80566545;17,39983749;1,33904659;2,924334049;0
18259;10;7,911502869;10,33333333;12,5803073;17,40529442;1,10444215;1,091789722;0
18260;10;4,916074282;5,166666667;12,56140729;17,41389656;0,936614029;0,026471853;0
18261;15;10,38345824;14,83333333;8,200602847;17,41414833;1,104342144;1,442000031;0
18262;15;15,57680876;24,33333333;10,92130322;17,41626549;1,293576685;3,312573075;0
18263;15;9,631242149;15;11,8918492;17,4180336;1,187088036;1,776261449;0
18264;15;13,21193428;21,16666667;11,9627937;17,42019463;1,311186289;2,796922326;0
18265;15;5,188142337;5,333333333;13,06543979;17,42091179;1,021840365;0,169064879;0
18266;15;10,18172618;22,83333333;11,04236906;17,42168617;1,113958682;2,053142667;0
18267;15;12,34117134;18,66666667;12,03178014;17,42297745;1,180123768;2,103580594;0
18268;10;5,094409004;5,5;10,89932022;17,42438316;1,030064996;0,061558366;0
18269;15;4,589742288;8,833333333;13,41442391;17,42580986;1,061733725;0,934903383;0
18270;15;7,351621332;13;12,49695079;17,42695427;1,08568668;1,388971686;0
18271;15;8,63200461;11,16666667;11,52793757;17,43403435;1,128608929;1,322465181;0
18272;15;11,91183088;18,33333333;11,68268156;17,43531227;1,188129685;2,361141443;0
18273;15;11,92858671;18,66666667;11,46925698;17,43838501;1,202734501;1,608685851;0
18274;10;8,830015742;12,33333333;11,23454319;17,43959427;1,066667226;1,057501316;0
18275;15;5,590199765;6,833333333;10,39750155;17,44018936;1,005441464;0,402974725;0
18276;15;9,894862052;12,5;9,631208416;17,44084167;1,109523389;1,279854536;0
18277;15;10,50884136;18,5;11,67592212;17,44457436;1,21089467;2,527212858;0
18278;15;4,375145837;5,833333333;9,114884545;17,44665146;1,0024446;0,13133955;0
18279;15;6,570423502;8;12,46459409;17,44831467;1,078145079;0,568892837;0
18280;15;5,036497314;18,33333333;11,51602506;17,44950485;1,283817589;2,486303449;0
18281;15;8,262057279;12,33333333;10,42165385;17,45614052;1,129364085;1,177735925;0
18282;15;10,90836323;28,83333333;10,80469225;17,45750618;1,287542027;3,0340271;0
18283;15;8,14284996;10,33333333;12,56958689;17,45917702;1,132997422;1,418045282;0
18284;15;5,035938013;6,5;9,851729153;17,46215248;1,061515983;0,208700061;0
18285;10;11,58487583;17,83333333;10,10448185;17,46273041;1,062972379;1,417909265;0
18286;15;14,76116146;37,66666667;10,52314758;17,46502495;1,134430834;3,457915783;0
18287;15;8,618629067;13,16666667;12,1718316;17,46610641;1,117200452;1,048131943;0
18288;15;13,63177012;23;12,10532764;17,46846581;1,223028658;2,807238102;0
18289;10;9,61915054;14;11,03140773;17,47440147;1,113123576;0,819996953;0
18290;15;8,383109581;12,33333333;11,79632136;17,47522163;1,161224082;1,598614812;0
18291;15;7,012508316;6;12,51796035;17,47631454;1,055506447;0,48260963;0
18292;15;7,052190836;13,33333333;10,39929238;17,47650528;1,057104404;1,02109313;0
18293;15;9,027543355;12,5;11,75972507;17,47697449;1,122796951;1,524782658;0
18294;15;20,51645857;46,16666667;12,04873222;17,48010254;1,657388772;6,941379189;0
18295;10;6,650636783;8;12,27149466;17,48265076;0,973665556;0,480902672;0
18296;15;10,04070042;33,16666667;14,09204626;17,48286819;1,595883189;5,501058578;0
18297;15;18,4801281;61,5;9,73487836;17,48581886;1,046854553;4,972558141;0
18298;15;14,84249419;28,83333333;12,17818879;17,48665428;1,556837724;5,076328158;0
18299;15;20,25697245;36;10,4198491;17,49049568;1,505582246;5,118241191;0
18300;15;6,13716467;7;13,15477254;17,49436188;1,06952377;1,08821404;0
18301;15;5,346161731;6,666666667;12,72734857;17,49730873;1,089780325;0,433150053;0
18302;15;7,709931006;10;12,64977351;17,49733162;1,069442712;1,072739363;0
18303;15;7,313668013;11,5;11,43917125;17,50123405;1,11327546;1,057633877;0
18304;15;6,246557901;12,5;11,75822784;17,5044651;1,018380323;0,804452181;0
18305;15;16,91273714;34,5;11,61255638;17,50467682;1,511676601;4,622013927;0
18306;15;17,40040687;21,16666667;11,63467522;17,50594902;1,321946802;3,247445703;0
18307;10;8,67027524;11,16666667;10,27418779;17,51086426;1,035439047;0,774636745;0
18308;15;8,52447675;13;12,42543626;17,5123024;1,206164803;1,681514263;0
18309;15;7,374803154;11,33333333;12,76335939;17,51597404;1,121388699;1,290297985;0
18310;15;4,035072928;6,5;12,5739941;17,51675797;1,037377976;0,665488362;0
18311;15;6,229460848;9;12,32635586;17,51722336;1,031606392;0,640340924;0
18312;15;8,868255828;9,5;11,20982762;17,51829529;1,094407875;0,995101929;0
18313;10;6,619691637;15,83333333;12,36642423;17,52407837;1,149623876;1,803161263;0
18314;15;7,338523646;10;10,4884872;17,52459145;1,134741299;0,903694034;0
18315;10;3,576134891;6;13,75336913;17,52477264;1,007651019;0,249826908;0
18316;15;15,21407812;29,5;11,73249642;17,52833557;1,394830564;4,122092605;0
18317;15;10,43402859;16,5;11,81319325;17,52870941;1,185021199;1,923855782;0
18318;15;5,97658328;7,166666667;14,44928215;17,52956581;1,09131599;0,866166949;0
18319;15;4,018928849;5,166666667;14,56129531;17,52975845;1,001345558;0,17572999;0
18320;15;6,00821879;7,833333333;9,352530321;17,53003883;1,03711171;0,491254807;0
18321;15;6,747379572;13,33333333;10,37147666;17,53056335;0,948718478;0,767746687;0
18322;15;10,63289444;12,33333333;11,84122907;17,53230476;1,188876474;1,6144979;0
18323;15;5,30467218;14,5;13,48416541;17,53367233;1,021191798;0,310625315;0
18324;10;8,460800033;8,833333333;12,6535749;17,53377533;1,09872821;0,750294209;0
18325;10;6,375444594;28,5;10,54986122;17,53882599;1,034716219;2,437797308;0
18326;10;8,720045101;8;11,47106881;17,54161263;1,024902704;0,523210287;0
18327;10;14,53569075;35;11,68869557;17,54207611;1,214420292;3,962845802;0
18328;15;7,000594319;8,666666667;11,2813218;17,54465866;1,075911827;0,790638328;0
18329;15;4,379139409;6,166666667;14,71880257;17,54620171;1,028551559;0,498070598;0
18330;15;7,044985337;9,666666667;11,74725436;17,5474453;1,184662678;1,363968134;0
18331;10;8,653141751;10,83333333;12,00842552;17,54796028;1,057223357;0,693891168;0
18332;15;11,28392076;14,5;11,81293909;17,55018425;1,206379951;1,812569499;0
18333;10;3,83660125;7,833333333;13,26036475;17,55218315;1,02164492;0,454794168;0
18334;10;7,499795796;8,863636364;11,19277729;17,55282593;0,924476609;0,309259295;0
18335;10;4,838833517;6,166666667;14,61945038;17,55445862;1,012062506;0,276749849;0
18336;15;6,014304834;7,833333333;11,98465803;17,55569267;1,057073129;0,667164207;0
18337;10;9,41467201;18;12,23887684;17,55781364;1,088587623;1,552433133;0
18338;15;8,056681981;14,33333333;11,41905601;17,5612011;1,155209213;1,417474389;0
18339;15;3,329010146;5,833333333;10,8812798;17,56217766;1,019835341;0,201504469;0
18340;15;6,855595903;11;10,81230314;17,56388092;1,063727865;0,901048899;0
18341;15;15,11921912;29;11,15664397;17,56527519;1,421077178;4,013127565;0
18342;10;5,650334688;7,166666667;11,53891295;17,56540871;1,001454509;0,334480762;0
18343;10;5,686382888;7,333333333;10,95740118;17,5670929;0,999602531;0,268599153;0
18344;15;14,65519284;16;11,19213864;17,56712723;1,190126808;2,245696306;0
18345;15;17,41441169;30,16666667;12,06248552;17,5687027;1,397384802;4,339121699;0
18346;10;5,812352757;8,666666667;11,54042814;17,57532692;1,032992655;0,40192163;0
18347;15;15,01858134;33,33333333;11,1396464;17,57589531;1,118317868;3,087983251;0
18348;15;18,20600986;29,66666667;11,41330065;17,57952118;1,509482783;4,441548109;0
18349;15;7,25899702;9,333333333;10,00834236;17,58018303;1,050986047;0,87517941;0
18350;10;9,160481241;13,66666667;10,40351756;17,580513;1,0277333;0,348401308;0
18351;10;10,13628659;19,33333333;12,31048746;17,58166885;1,171677071;1,523548245;0
18352;15;5,98802903;8,333333333;9,013030248;17,58464622;1,022418322;0,513194203;0
18353;10;5,371572465;5,666666667;12,55176964;17,58622742;0,995120179;0,132103086;0
18354;15;16,98363882;37,33333333;9,851740775;17,58625412;1,2482453;3,714961171;0
18355;15;3,744414351;8;11,58359282;17,58662224;1,010847496;0,185792923;0
18356;15;3,9462875;5,166666667;13,88670726;17,58832932;0,921594832;0,017346263;0
18357;10;6,711398788;8,5;11,94984875;17,59051514;1,020369661;0,513759732;0
18358;10;3,772272134;5,666666667;11,80072129;17,5932045;1,080844777;0,130106807;0
18359;15;9,674822133;21,16666667;10,81941856;17,59550858;1,226656395;2,22432816;0
18360;15;13,69465141;14,66666667;10,87053584;17,59574127;1,216556723;2,249066949;0
18361;15;11,02376223;19,66666667;11,25659682;17,59946632;1,232778828;2,256445527;0
18362;15;9,280840849;13,33333333;9,884676357;17,60631752;1,167863639;1,389429808;0
18363;15;11,56903128;29;11,69468831;17,60844421;1,247702697;3,160503507;0
18364;15;34,66526062;95;10,35674292;17,60927773;1,349141564;10,19534183;0
18365;10;4,173901159;5,833333333;11,60523774;17,61767769;1,066840545;0,22593224;0
18366;15;4,742825075;6,166666667;13,39129365;17,61791992;1,020664411;0,247718811;0
18367;10;11,62208748;14;13,21950631;17,62068558;1,101444428;1,369511962;0
18368;15;8,554977877;8,833333333;11,50052909;17,62400055;1,138741521;0,873950958;0
18369;10;12,92407195;20;10,95608472;17,62472153;1,22698744;1,430198789;0
18370;15;7,891433218;10;11,31796143;17,62783241;1,113424533;1,06914258;0
18371;15;8,525404802;15,33333333;9,346332006;17,62796593;1,045279925;1,160137892;0
18372;15;4,480428514;5,833333333;10,37718818;17,63053894;1,011859495;0,126958847;0
18373;15;9,274346555;15,16666667;11,54970709;17,63478661;1,174208539;1,474596858;0
18374;15;4,202580448;5,166666667;13,43681505;17,6349144;0,999859347;0,104609847;0
18375;15;7,886531705;9,833333333;11,29992027;17,63752556;1,104386827;1,21664238;0
18376;15;9,936770185;14,83333333;11,16950694;17,63806152;1,19932069;1,786298275;0
18377;10;9,746435046;19,83333333;12,57400669;17,64095497;1,245778761;1,71542275;0
18378;15;15,02353565;22,5;11,37987212;17,64157486;1,325573448;3,214083672;0
18379;10;5,202746135;5,5;10,91073779;17,64980316;1,000694174;0,124356031;0
18380;15;5,907160241;8,333333333;12,2536738;17,65412903;1,044441408;0,546926856;0
18381;10;5,100248611;5,333333333;12,43847724;17,65949821;0,987583606;0,058437586;0
18382;15;11,04758035;23,83333333;12,08162737;17,66087151;1,232581999;3,217273116;0
18383;15;6,419846273;11;10,31235974;17,66100502;1,045893183;0,733381748;0
18384;10;6,699621492;10,5;13,4390143;17,66256523;0,974043528;0,687330961;0
18385;15;5,897183042;7,166666667;11,82047173;17,66320419;1,105655411;0,592579842;0
18386;15;9,786116924;15,33333333;9,443152777;17,66823769;1,107906687;1,610961914;0
18387;15;6,122579029;8;12,51316514;17,66962624;1,056846797;0,699281454;0
18388;15;5,63743955;21,66666667;13,37628367;17,67132759;1,178846293;2,264504552;0
18389;15;8,952819381;14,83333333;12,7148019;17,67409897;1,218869334;2,137863278;0
18390;10;10,25631964;12,33333333;10,02572654;17,67523193;1,077313681;1,028169632;0
18391;15;8,097875516;10,5;10,82451602;17,6811657;1,141117576;1,0988065;0
18392;15;10,15145027;20,16666667;12,51077713;17,68169212;1,150290469;1,660679221;0
18393;15;6,76582744;11,5;11,13196244;17,68258667;1,057806869;0,576048374;0
18394;15;3,575396838;6,666666667;11,36642527;17,68413734;1,080607711;0,601419449;0
18395;15;14,34071561;22,83333333;10,74670418;17,68532562;1,284070562;2,81632483;0
18396;15;14,09056546;30,33333333;10,70467339;17,68585587;1,415543015;3,948802233;0
18397;10;11,50175452;17,16666667;11,09829029;17,68979263;1,15739458;1,441101193;0
18398;15;11,54720746;15,5;12,41311424;17,68985748;1,183540727;2,349503875;0
18399;15;9,94927223;20;10,77888843;17,69116974;1,067969948;1,70789659;0
18400;15;5,583445489;9;11,42051753;17,69219589;1,015021556;0,522877455;0
18401;15;7,641690744;10,83333333;9,512654912;17,69339943;1,145375996;0,976917863;0
18402;15;9,277831453;18,83333333;12,38070033;17,7022438;1,294197462;2,282537699;0
18403;15;7,5903274;12,66666667;11,78718121;17,70291901;1,122677581;1,090554118;0
18404;15;13,56401913;16,16666667;10,16007432;17,70491982;1,202366805;1,949700594;0
18405;15;12,40718515;21;11,80788931;17,70573044;1,363326531;3,326601863;0
18406;10;11,19549728;11,83333333;13,61807988;17,70605278;1,117828856;1,568096399;0
18407;15;4,78205641;6;12,18743378;17,70877457;1,023793643;0,36615324;0
18408;10;11,85000111;21,66666667;9,990855115;17,7092247;1,026866647;1,605211735;0
18409;15;14,91948338;27,83333333;11,41195121;17,71563911;1,322370459;3,497398376;0
18410;10;9,089616997;9,833333333;9,88324415;17,71882439;1,054264177;0,734694958;0
18411;15;9,257818857;25,6557377;10,74672911;17,71885109;1,143629158;2,378931761;0
18412;10;3,873959518;6;12,58625121;17,71896744;0,968639014;0,183196783;0
18413;10;10,71410684;15,83333333;9,813259483;17,7221489;1,126477111;1,44472599;0
18414;10;10,51678097;18,16666667;10,06782624;17,72463799;1,040413111;1,231373668;0
18415;15;4,286722069;9,166666667;12,57471301;17,72777748;1,071876895;0,836570859;0
18416;15;4,327056334;5,333333333;12,12588083;17,73049164;0,965829688;0,098455429;0
18417;15;3,715502533;12,16666667;11,62722276;17,7338562;1,152662192;1,279854894;0
18418;10;4,580655556;5;13,72488073;17,73401642;0,862785155;0,005357027;0
18419;15;12,6319286;20,66666667;11,13647512;17,73817635;1,36559157;2,709819674;0
18420;10;10,38110828;20,66666667;9,664919123;17,73900223;0,990200364;1,475421548;0
18421;10;5,004744444;5,333333333;10,1329415;17,74004364;0,913835716;0,039878368;0
18422;10;5,432935761;5,5;12,22387348;17,74213409;1,008806776;0,113868833;0
18423;15;9,452182359;25;10,34552715;17,74230003;1,044227643;1,869686723;0
18424;15;6,040235779;9,5;10,7965431;17,74331856;1,069562944;0,449970365;0
18425;15;15,17779065;29,5;10,86679572;17,74580002;1,415642096;3,790787101;0
18426;15;8,582214182;17,83333333;9,175483221;17,74589348;1,020271462;1,309189439;0
18427;15;6,994139461;41,66666667;10,62130735;17,74799919;1,467771209;5,40498054;0
18428;15;11,37154505;23,83333333;11,0446615;17,76194;1,196505771;2,754874706;0
18429;15;16,14481026;62,16666667;11,29490816;17,76263046;1,741029742;8,644512177;0
18430;15;5,447809009;10,83333333;13,22753526;17,76877975;1,014668355;1,721517086;0
18431;15;5,417822497;6,333333333;11,69962077;17,77075768;1,031694082;0,308521032;0
18432;10;10,43007286;14,5;9,949518177;17,77127266;1,10837693;1,276930571;0
18433;15;11,40270773;22,5;12,15049958;17,77261162;1,304059093;2,930577755;0
18434;15;5,844941662;6,333333333;11,12053103;17,77355766;1,051044798;0,434174776;0
18435;10;8,24863357;12,16666667;11,1550395;17,77380753;1,021188607;0,867476106;0
18436;15;3,650237872;8,5;12,75017422;17,77513504;1,076804747;0,790586591;0
18437;10;11,49743715;19,83333333;12,20785652;17,77889252;1,217243139;2,118192554;0
18438;15;10,95702294;23,66666667;9,929756032;17,78293991;1,271989547;2,567227006;0
18439;10;7,86473289;23,66666667;13,34295571;17,78424454;0,994707886;1,650524497;0
18440;10;8,427681783;11,66666667;10,74586285;17,78698158;0,930842746;0,690406322;0
18441;10;16,83649948;26,33333333;9,908977415;17,78909492;1,289826456;2,752514482;0
18442;15;5,638409165;6,5;11,4970232;17,7894783;1,000159081;0,330663085;0
18443;15;12,2464976;21,83333333;10,25156105;17,78995895;1,315701496;2,782622457;0
18444;15;10,40739824;17,5;10,77982773;17,7904129;1,138789106;1,561809897;0
18445;15;3,277332674;11,33333333;12,17326903;17,79279327;1,048742419;1,023270249;0
18446;15;3,280706927;5,222222222;12,38795685;17,79288101;0,832532533;0,017616272;0
18447;15;3,700588027;9;12,35537804;17,79435921;1,134058653;1,201066136;0
18448;15;7,127499773;8,833333333;13,08871151;17,79734421;1,142823131;1,272975802;0
18449;10;5,805521457;9,166666667;13,612557;17,79740334;0,935216814;0,399050474;0
18450;10;3,872275264;7;11,37237097;17,79953384;0,999910109;0,236028314;0
18451;10;6,816406901;8,833333333;11,80331965;17,79975128;0,952689911;0,490100622;0
18452;10;6,329019398;8;12,0456143;17,80035591;1,006836641;0,329066277;0
18453;10;9,035866582;21;14,9255568;17,80350113;1,173325661;2,557514191;0
18454;15;9,563347017;16,83333333;11,75204873;17,80536079;1,195520442;2,046909809;0
18455;15;4,357436123;19,83333333;11,48382776;17,8081913;1,208616748;2,386237264;0
18456;15;9,882085745;17,33333333;11,72873164;17,80962372;1,169208684;1,931543827;0
18457;15;25,59733618;55,33333333;10,89909021;17,81081581;1,864992859;9,123994827;0
18458;15;5,098083062;6,666666667;10,37187916;17,81324005;1,01606195;0,251601219;0
18459;10;6,621653811;7,833333333;12,055436;17,81431007;0,996910031;0,430976033;0
18460;15;11,02570089;22,66666667;12,88655277;17,81821823;1,257827757;2,721066236;0
18461;15;5,650145361;8,166666667;10,16306795;17,82118416;1,017575112;0,241476059;0
18462;15;15,67511891;34,83333333;12,03445371;17,82347488;1,568998406;5,227126241;0
18463;10;6,648770859;17,66666667;12,55519329;17,82699013;1,064744304;1,524605036;0
18464;10;6,896114116;8,666666667;13,25679842;17,83003998;0,985894584;0,498276114;0
18465;15;8,76302517;17;14,05347518;17,83024406;1,165118019;2,06501472;0
18466;15;13,32458299;20,16666667;11,93533689;17,83069992;1,255567252;2,667016149;0
18467;15;22,25537921;42,5;11,06217038;17,83272362;1,273901429;4,658123255;0
18468;15;7,011724371;9;10,76762862;17,83523178;1,056632774;0,793646455;0
18469;15;8,916989479;12,66666667;11,14733927;17,83692169;1,153144923;1,779529333;0
18470;15;13,38945452;27,66666667;11,0773738;17,84399986;1,276696298;2,930085897;0
18471;15;7,867960546;12,83333333;11,25926576;17,84420967;1,062971844;1,144724727;0
18472;15;4,084785607;5,333333333;8,163920367;17,84558868;1;0,000578642;0
18473;10;5,615693631;6,333333333;10,76964928;17,84663773;0,954135226;0,216822624;0
18474;10;10,2351164;8,777777778;11,09889138;17,85061073;1,045795301;0,725810528;0
18475;15;8,181499548;16,5;12,2068777;17,85249519;1,04003325;1,326041222;0
18476;15;14,5555154;24,83333333;11,63097486;17,85860252;1,390158308;3,589189172;0
18477;15;10,4021683;17,83333333;12,28242234;17,86102486;1,210171284;2,236503363;0
18478;15;3,230512973;6,166666667;11,71027573;17,86711502;0,988081381;0,128370643;0
18479;10;8,519013621;7,833333333;12,2042602;17,86836815;1,065733001;0,655336857;0
18480;15;7,743705381;12,83333333;11,01081191;17,86882591;1,089362389;1,092202902;0
18481;15;7,330147803;15,5;13,63312271;17,86965179;1,159296795;1,689912319;0
18482;15;18,47646977;28,33333333;9,777565302;17,87192154;1,448841528;3,969580054;0
18483;10;3,955957286;12,5;12,30587446;17,87253952;1,124809941;1,133249521;0
18484;15;8,505057608;12,16666667;11,16758703;17,87358284;1,176587413;1,205495119;0
18485;15;13,78234727;26,83333333;12,06168377;17,87360382;1,386290171;4,123864532;0
18486;#N/A;6,078915569;7;12,39830992;17,87524033;1,072805948;0,671468377;0
18487;15;8,064464357;10,83333333;11,82418242;17,87755775;1,050797732;1,118265867;0
18488;10;6,660802097;9,166666667;10,78217989;17,87801552;1,021791794;0,403620005;0
18489;15;7,181514392;15,83333333;12,46382921;17,87835503;1,035619156;1,344044566;0
18490;10;17,30344519;27,16666667;10,5731808;17,88266373;1,250811183;2,67489326;0
18491;15;5,024449589;6;10,68211;17,88385201;1,036608597;0,271472454;0
18492;15;4,953995186;7,5;13,17664477;17,88429451;1,076980809;0,670000553;0
18493;15;3,496391828;5,833333333;12,94352013;17,88792801;1,017272742;0,259966016;0
18494;15;7,580614291;11,16666667;12,9206413;17,8888092;1,106781273;1,380089402;0
18495;10;12,57416769;16,66666667;11,05085607;17,8910923;1,097981173;1,590071797;0
18496;15;13,11950263;27,16666667;11,85356489;17,89215279;1,259567898;3,100736141;0
18497;15;9,247376867;13,5;10,04317888;17,89630127;1,147424626;1,401956677;0
18498;15;12,36140028;21,33333333;11,14411585;17,89725113;1,286912289;2,775438786;0
18499;15;13,40467022;24,3442623;11,39762563;17,90010262;1,337447195;3,072544932;0
18500;15;3,582935266;30,16666667;11,92395193;17,90130615;1,068823519;4,575660825;0
18501;15;10,77017231;16,66666667;10,88647689;17,90829468;1,18620635;1,854023099;0
18502;15;8,895142271;13,66666667;11,1647076;17,90891266;1,108830231;1,144883275;0
18503;15;9,592096933;19,66666667;11,94537018;17,91037369;1,261026595;2,470481038;0
18504;15;9,072798136;13,33333333;12,4940539;17,91239738;1,091682389;1,435717225;0
18505;15;11,18929483;18,66666667;11,07107033;17,92722702;1,158418726;1,946294546;0
18506;15;7,830532127;10;11,239491;17,92759323;1,098406838;0,954942703;0
18507;15;30,28632022;51,16666667;10,17489985;17,9286747;1,464830489;6,893470883;0
18508;15;7,69466762;10,83333333;11,86686439;17,93213081;1,137922309;1,17642498;0
18509;10;3,617002349;5,166666667;11,67058263;17,93427658;0,960674157;0,02449429;0
18510;15;4,765166152;6;12,04068475;17,93720627;1,000924301;0,182927847;0
18511;15;26,08259358;71,16666667;10,55474026;17,93730736;1,269814073;7,604899287;0
18512;10;9,437773883;13,5;10,23646197;17,93763924;1,019030778;0,80711174;0
18513;10;10,58411897;18,33333333;9,472302569;17,93869209;0,994659953;1,159106612;0
18514;10;8,832282745;12,33333333;10,97052333;17,93919563;1,014716085;0,92897892;0
18515;15;9,09819716;21,16666667;10,94471484;17,93963814;1,213005111;2,720685005;0
18516;#N/A;10,4698803;15,66666667;11,66859384;17,93969727;1,226614841;2,024660707;0
18517;15;8,760017612;13,33333333;11,16944738;17,94166756;1,19918763;1,388549805;0
18518;15;9,329151621;16,33333333;11,8440613;17,94258118;1,167483777;1,551980615;0
18519;15;6,605395428;9,5;12,09255141;17,94282722;1,151688664;0,973158836;0
18520;15;8,595647478;15,33333333;10,6629923;17,94534492;1,179869474;1,66108191;0
18521;15;20,58375488;39,33333333;11,39283741;17,94557381;1,514444469;5,675667644;0
18522;15;8,398172138;17,16666667;11,08542835;17,94663048;1,121820794;1,533608913;0
18523;15;4,290344862;5,5;12,40015498;17,94697189;1,009845592;0,179940224;0
18524;15;6,192776215;7,666666667;11,68682262;17,94918442;1,051748665;0,319548488;0
18525;15;6,645822581;7,666666667;11,64346219;17,95018005;1,042233048;0,515501738;0
18526;15;3,613778545;8,666666667;11,92605409;17,95200539;1,095530826;1,001128435;0
18527;15;7,878823149;11,66666667;10,90257474;17,95258713;1,109642337;1,09441638;0
18528;10;6,222705913;9;10,42557223;17,95269585;1,000281124;0,510197997;0
18529;15;6,912592426;9,833333333;12,65751683;17,95299339;1,081281162;0,975600004;0
18530;15;5,903219019;8,166666667;11,03310204;17,95480347;1,078647206;0,509667158;0
18531;15;10,41238029;21,16666667;11,62005288;17,95693207;1,234564165;1,89519453;0
18532;15;6,898231561;9,5;11,91614477;17,95804024;1,112817378;1,192350507;0
18533;10;10,30564148;17,5;8,654142902;17,95817184;1,067787474;1,437583566;0
18534;15;3,856902015;5;14,41266574;17,95835686;0,914402174;0,002867818;0
18535;10;4,564421055;15,33333333;10,94285793;17,96013451;0,642500666;0,691843271;0
18536;15;8,98924116;13,5;11,96784703;17,96498299;1,181796023;1,920914531;0
18537;15;8,06072056;19,16666667;10,57878727;17,96726608;1,085541883;1,696969628;0
18538;15;6,187817429;7,666666667;12,93009348;17,970047;1,05877433;0,7186234;0
18539;15;6,873991292;9,666666667;11,72948888;17,97046661;1,070360852;1,025146365;0
18540;15;13,14854891;30,66666667;12,51855516;17,97132683;1,463900909;4,327395439;0
18541;15;3,580431506;21;12,3064779;17,97210693;1,222703692;2,231927514;0
18542;15;5,467059693;7;12,2072351;17,97312355;1,066753423;0,546218634;0
18543;15;6,007547308;7,5;8,75163257;17,97445679;1,014745657;0,434106946;0
18544;15;5,331262749;6,5;12,51786832;17,97464943;1,098623361;0,548229933;0
18545;15;4,239203082;5,333333333;12,89556432;17,97556305;0,997528885;0,096017003;0
18546;15;8,863305165;11,33333333;10,82006363;17,98008728;1,093386035;1,310329318;0
18547;15;3,88607849;7,166666667;10,40232418;17,98118782;1,019820673;0,429577351;0
18548;15;7,52311174;13,16666667;12,16727522;17,981884;1,090686774;1,239993453;0
18549;10;6,205713737;7,333333333;12,2714232;17,98298645;1,045146562;0,460297227;0
18550;15;6,583982931;15,5;10,76308929;17,98335648;1,200161191;2,202711463;0
18551;15;18,40056438;31,5;11,05539323;17,98353386;1,331110157;3,949597239;0
18552;15;3,675686566;13,66666667;11,56491435;17,98916245;1,128316798;1,312849879;0
18553;15;5,587442105;7;13,23791096;17,99087334;1,097878691;0,7730968;0
18554;15;4,392763351;10,16666667;11,92711965;17,99243736;1,064036684;0,6106776;0
18555;10;4,737580472;5,166666667;13,74877019;17,99452591;0,961141469;0,030561447;0
18556;10;13,94682443;21;9,579078458;17,99478722;1,143963773;1,709704757;0
18557;15;14,7825051;30,83333333;12,29442456;17,99809647;1,531217952;5,27290976;0
18558;15;9,720570767;13,83333333;9,896272628;17,99812698;1,223027117;1,463434815;0
18559;15;6,146508652;10,66666667;14,114332;18,0007782;1,130246621;1,390967846;0
18560;15;6,041327778;7,333333333;11,38013957;18,0016346;1,023510181;0,522706985;0
18561;15;12,53632676;23,33333333;11,44163742;18,00174332;1,301278153;2,979851484;0
18562;15;6,07453145;8;12,20849768;18,00313759;1,042975393;0,694969893;0
18563;15;7,809830078;13,5;12,10917356;18,00366211;1,092167914;1,409416318;0
18564;15;27,46190153;58,5;11,67749195;18,00510788;1,578607834;9,113646269;0
18565;15;3,600799716;6,166666667;11,97260245;18,00535583;1,00065527;0,183554173;0
18566;15;3,482300873;9;11,45464657;18,00839996;1,04555007;0,679278374;0
18567;15;6,102627251;7,166666667;14,13885854;18,00920105;1,063673903;0,820662379;0
18568;10;4,99806106;6,5;10,39090751;18,01010323;0,999966269;0,127283216;0
18569;10;7,3707759;9,166666667;8,558887213;18,01503944;0,895228505;0,427665114;0
18570;15;9,388183676;19,33333333;11,37599106;18,01628876;1,200179742;2,125297666;0
18571;15;6,783660653;9,666666667;12,37911865;18,01860809;1,112591271;0,82773912;0
18572;15;8,911111111;10,66666667;11,05144867;18,01973152;1,112553617;1,251964808;0
18573;15;4,431479284;8,166666667;11,35362096;18,02132225;1,097318794;0,822162151;0
18574;15;5,325841297;8,333333333;11,88070111;18,02337837;1,064039971;0,620908499;0
18575;15;10,87086013;18,83333333;12,00455186;18,02371597;1,159041816;1,876887441;0
18576;15;3,832987486;24,33333333;11,05902634;18,02560997;1,211043891;2,918562055;0
18577;15;5,363465676;7,666666667;12,11263019;18,02757263;1,010766234;0,167258739;0
18578;10;6,018857164;8;10,47861279;18,02898216;1,00051512;0,285894871;0
18579;15;13,17614157;32,33333333;12,49813717;18,03404808;1,604805389;5,082689881;0
18580;15;7,531884414;10,66666667;12,01462494;18,03592682;1,082787928;0,955426335;0
18581;15;11,32135935;21,33333333;10,49812841;18,03687477;1,194321133;2,305226445;0
18582;15;8,222248056;10,5;12,3247951;18,03712463;1,120373954;1,375759959;0
18583;15;7,796453744;9,333333333;11,5787564;18,04254341;1,122854341;1,18451643;0
18584;10;8,076324394;8,666666667;10,71015662;18,04411888;1,049760784;0,690023541;0
18585;15;7,042953682;21;14,39083602;18,04703712;1,287552604;3,280553579;0
18586;15;5,434368672;9;9,379914614;18,04854965;1,089737704;0,59756422;0
18587;10;10,17173923;11,66666667;12,56908222;18,05321312;1,141456242;1,333193898;0
18588;15;4,211195119;5,5;10,86858789;18,06764793;1,0096319;0,129139423;0
18589;15;4,985801034;7,333333333;12,2481862;18,07056808;1,009317367;0,53111732;0
18590;10;5,33667773;12,5;12,82847801;18,07290268;1,110397303;1,403519392;0
18591;10;7,982631146;12;10,67586492;18,07623291;1,05830897;1,084264755;0
18592;15;11,49224219;19;11,59507699;18,07811928;1,2189483;2,267348528;0
18593;15;15,89239076;29,66666667;11,42776654;18,0798111;1,271856128;3,64585042;0
18594;15;7,007002444;10,83333333;12,11636981;18,08455086;1,085682621;1,250257254;0
18595;15;6,905689855;13,16666667;11,07022821;18,0857029;1,057616859;1,159477353;0
18596;15;4,570571993;17,33333333;14,93268608;18,08600998;1,131997169;2,330437422;0
18597;15;11,01563811;19,66666667;11,98310669;18,09320641;1,244601759;2,42425561;0
18598;15;10,60670379;16,83333333;11,6053606;18,09370995;1,190688404;2,062018037;0
18599;15;8,923969274;20;12,25054278;18,09435081;1,288930317;2,566560626;0
18600;15;6,512976885;7,666666667;12,66419983;18,09549522;1,060259711;0,642345667;0
18601;15;6,481760351;21,33333333;14,22764458;18,09742546;1,269770847;3,011906981;0
18602;15;6,191093215;25,83333333;13,13532691;18,10654831;1,059421531;2,986721039;0
18603;15;4,845303127;6,333333333;12,35538642;18,11766243;0,980970851;0,220674753;0
18604;15;15,62162961;24,5;11,11378596;18,12008667;1,314497936;3,593362212;0
18605;15;11,55287657;13,66666667;10,697875;18,12804413;1,134173941;1,7208637;0
18606;10;6,994813183;10,16666667;11,81858014;18,12911415;0,997242056;0,610313416;0
18607;10;11,44436751;10,66666667;10,44598597;18,13002014;1,084105516;0,772484303;0
18608;15;5,03315266;6;10,86893382;18,13048744;1,016866767;0,226074338;0
18609;10;13,13626873;17;12,4353377;18,13082123;1,165544772;1,900777698;0
18610;10;4,773983333;5,166666667;9,656915324;18,13307381;0,8111339;0,029921293;0
18611;10;6,493800038;9,833333333;10,41675399;18,13753891;1,005542661;0,45148778;0
18612;10;6,211575738;13,66666667;10,46779447;18,13913918;1,00042247;0,778319836;0
18613;15;27,88114907;80,83333333;9,158097704;18,1467514;1,577526854;10,49962711;0
18614;15;5,060150707;11,16666667;11,22790033;18,14853477;1,124892628;1,286280394;0
18615;15;12,66186592;29,66666667;11,05278162;18,14862823;1,249305353;2,806364775;0
18616;15;7,342927538;11,83333333;12,01341611;18,1570282;1,065816577;0,69997108;0
18617;15;12,99288222;24,16666667;11,48173027;18,16116142;1,366411502;3,268596649;0
18618;15;3,758676261;13,16666667;12,91265109;18,16460609;1,159265676;1,698157191;0
18619;15;4,759208691;6;10,81754532;18,16581726;1,02392144;0,195766449;0
18620;15;4,170104722;18;11,28425845;18,16864967;1,126656297;1,778988719;0
18621;15;7,124140426;8,5;12,18072009;18,17097664;1,089311634;1,133073688;0
18622;10;11,94232693;15,33333333;11,37642535;18,1718483;1,165977591;1,803423047;0
18623;10;10,28083145;18,33333333;11,24408211;18,17272568;1,004241975;1,254973173;0
18624;10;8,007311778;11,16666667;10,63357804;18,1742878;0,988108896;0,725889683;0
18625;10;6,342515186;7,666666667;13,1288247;18,17448425;1,071576647;0,577875495;0
18626;15;5,669483178;6,333333333;10,99960372;18,17568016;1,083277296;0,460735679;0
18627;10;7,669748032;9,833333333;12,43454247;18,18314552;1,049021939;0,841369033;0
18628;15;6,279253999;9,333333333;11,84284967;18,18610191;1,031552508;0,408678532;0
18629;10;6,404454368;7,666666667;13,36218509;18,18867493;1,020754758;0,514638424;0
18630;10;4,945886237;5,666666667;12,57565181;18,19107819;1,003790181;0,159850717;0
18631;15;10,27824661;27;12,64677295;18,19141579;1,331678769;3,811931372;0
18632;15;6,875936479;9,333333333;11,89458103;18,19463158;1,113799289;1,073316574;0
18633;15;3,809374963;9,166666667;12,64559694;18,19482422;1,044393567;0,928083539;0
18634;10;4,452086911;6,5;11,8464525;18,19524193;1,03038322;0,527855873;0
18635;15;5,339369338;21;12,0222926;18,19756889;1,169503908;1,552310586;0
18636;15;8,104026883;17,33333333;11,04422764;18,19764137;1,108454943;2,249846935;0
18637;15;12,43914379;18,5;11,89115242;18,19839478;1,235111401;2,50506556;0
18638;10;6,285866571;6,5;12,57116791;18,20672798;1,037955161;0,479105234;0
18639;15;4,458988335;5,5;10,54367132;18,20792389;1,030852011;0,115603685;0
18640;15;10,47510095;12;11,57186761;18,21095848;1,131569176;1,442230344;0
18641;10;5,271609371;10,66666667;14,32676541;18,21160126;1,000605663;0,043039918;0
18642;15;4,21974816;5,166666667;14,01523167;18,21284866;1,019906273;0,156402469;0
18643;15;5,397419494;5,5;10,29859673;18,21906281;1,002673727;0,167782187;0
18644;15;13,70596667;19;10,91557324;18,22546959;1,1918037;2,25585115;0
18645;10;5,606842463;10,83333333;10,28254302;18,2304039;1,097414017;0,926221251;0
18646;15;4,067642615;5,166666667;13,42775195;18,23674011;0,995359249;0,079267979;0
18647;10;5,12354569;6,166666667;11,35874606;18,23752975;0,99313579;0,123022437;0
18648;15;4,817133101;6,5;11,9637854;18,23901558;0,996670046;0,277876973;0
18649;15;3,3280385;5,666666667;13,9171212;18,2407589;1,028493035;0,381462574;0
18650;15;9,517263852;17,5;11,06706316;18,24331856;1,145578167;1,850429654;0
18651;15;5,609660482;9,833333333;12,13995675;18,24564362;1,043430712;0,859140515;0
18652;15;5,45424974;8,5;14,03437374;18,24603653;1,017839032;0,615556836;0
18653;15;6,07015319;10,33333333;9,87371628;18,24657822;0,934921654;0,649564147;0
18654;15;9,055473455;14,33333333;10,84961103;18,24998856;1,133173284;1,393486261;0
18655;15;11,01103326;27,5;12,60919737;18,25170135;1,224565383;2,654464006;0
18656;15;3,450846198;13,33333333;11,35920722;18,25346184;1,123451134;1,397998929;0
18657;10;5,341779758;13,16666667;9,531816882;18,2573719;0,867215478;0,735750556;0
18658;15;7,105072725;10,33333333;12,04194266;18,26002121;1,079592934;1,403316379;0
18659;15;10,59798515;18,60655738;10,45834013;18,2609539;1,135806316;1,904234767;0
18660;10;5,242953527;7;12,17699017;18,26270485;0,958077042;0,22991097;0
18661;15;3,844147238;6;10,58624825;18,26680946;1,003332039;0,213759303;0
18662;15;7,213718627;13,33333333;10,7139624;18,26709938;1,034458734;1,008759499;0
18663;15;7,41813682;13,66666667;11,41931757;18,26729393;1,080963506;1,168778181;0
18664;10;6,477340279;6,666666667;11,39140514;18,27354813;0,974494585;0,345987201;0
18665;15;13,39961471;16,5;10,84686122;18,27857208;1,169653516;2,19892621;0
18666;15;10,3264717;14,66666667;11,59761839;18,2913208;1,103995179;1,5537709;0
18667;15;6,298769447;9,833333333;10,72920146;18,2971611;1,032627309;0,645802855;0
18668;10;9,659508851;8,5;11,09311905;18,30074883;1,06638672;0,650975585;0
18669;15;3,966008023;12,5;12,63339498;18,30235863;1,160841181;1,367925763;0
18670;15;11,64829524;22;11,10434473;18,31469154;1,361885417;3,132633328;0
18671;10;15,08153721;27,16666667;11,80373035;18,31804085;1,221761792;2,727251053;0
18672;15;4,525622143;7,166666667;12,45899243;18,31818962;1,002427264;0,123709083;0
18673;15;7,274237107;12,66666667;12,82825428;18,32081795;1,175243209;1,63977778;0
18674;15;4,161190954;5,166666667;13,48596421;18,32238388;1,002624229;0,116830587;0
18675;15;3,939983966;5,833333333;14,14528466;18,32636452;1,039087292;0,383423209;0
18676;15;13,44933899;23,83333333;9,949852847;18,32682419;1,300809468;3,04776299;0
18677;10;6,66312397;7;11,46695241;18,32967567;1,004531093;0,268855095;0
18678;15;6,827144667;8,166666667;11,89173121;18,33029747;1,077670995;0,669916391;0
18679;15;7,491852427;12,16666667;10,15811512;18,33214951;1,118692906;0,976557612;0
18680;15;8,560265938;11;11,88490995;18,33241081;1,130898784;1,266988516;0
18681;15;8,091524721;9,333333333;10,90250543;18,33508301;1,124778297;1,255816221;0
18682;15;16,86316774;39;11,8648885;18,33996964;1,5523229;5,916893959;0
18683;15;5,466392878;6,5;12,89110678;18,34336472;1,094248873;0,547239065;0
18684;15;3,5921698;8,5;11,98590374;18,34650803;1,066036454;0,789236307;0
18685;15;4,314545386;13,66666667;13,96626068;18,34822083;1,058164925;1,021819949;0
18686;15;6,164054726;8,5;11,25875248;18,34902382;1,048151756;0,722638369;0
18687;10;12,31431664;15,16666667;8,660045468;18,34938049;1,048511212;1,365068316;0
18688;15;8,096484473;12,16666667;13,04356009;18,36063194;1,184441076;2,315808773;0
18689;15;7,253541442;9,666666667;10,34567298;18,36481857;1,060420991;0,815366864;0
18690;15;15,2273447;37;11,84696944;18,37097549;1,322013793;4,866790652;0
18691;10;4,849208228;5,166666667;12,52585674;18,37254524;0,997617577;0,024762154;0
18692;15;3,875094691;7,833333333;10,8807989;18,37739182;1,00282112;0,416629195;0
18693;15;15,75978245;31,83333333;10,32961147;18,37760544;1,399158651;4,143838763;0
18694;15;4,632779677;5,5;12,39087043;18,37804985;0,984389277;0,167576909;0
18695;15;5,414747277;6;12,24221921;18,37839127;1,049445491;0,491967559;0
18696;15;5,145101674;5,666666667;11,66345905;18,37918472;1,024590164;0,256617308;0
18697;15;7,310808679;10,66666667;10,47006727;18,38277435;1,050782279;0,987415195;0
18698;10;10,04650268;10,5;10,6253514;18,38419151;1,082001924;0,991142511;0
18699;15;5,874623422;7,833333333;12,36660851;18,38697624;1,054909299;0,638857245;0
18700;15;9,700569693;21,16666667;12,12977259;18,39193344;1,077301578;1,862497807;0
18701;15;3,761764281;12,66666667;10,90480332;18,39282417;1,078531679;0,915750623;0
18702;15;7,944605161;12,16666667;11,22760464;18,39359474;1,06487457;1,141868234;0
18703;15;3,207210146;5,166666667;12,79156127;18,39388275;0,99047835;0,037103772;0
18704;15;6,524341496;9,166666667;7,549195775;18,39759636;1,001418616;0,582116246;0
18705;10;5,164983729;10,33333333;13,48273433;18,39848328;1,091149643;1,033760548;0
18706;15;7,477264659;14;12,39909528;18,39863586;1,151034925;2,003077507;0
18707;15;5,296301945;6,166666667;11,18978831;18,40093994;1,022337672;0,461007953;0
18708;15;8,044163159;12,33333333;11,2658074;18,40125465;1,167971529;1,256950617;0
18709;15;7,350935038;9,166666667;9,350998074;18,40329552;1,030021543;0,666059732;0
18710;15;7,980755368;10,83333333;9,973686964;18,41147804;1,033065119;0,943708658;0
18711;15;6,181796275;10,66666667;10,64023202;18,41370773;1,069750432;0,529728889;0
18712;15;15,23782708;35;12,1382602;18,41387558;1,341634412;4,488397241;0
18713;15;8,506246347;12,83333333;12,97191967;18,41697693;1,177543509;2,303964138;0
18714;15;8,211162163;10,66666667;10,24349326;18,42006493;1,119695856;1,130455017;0
18715;10;6,002153547;5,666666667;11,85594382;18,42182732;0,975518025;0,300753832;0
18716;15;6,866019025;9;11,39953267;18,42668915;1,051909748;0,846103311;0
18717;15;9,182407364;18,33333333;9,881900663;18,42797089;1,194588786;1,70950532;0
18718;15;12,87015298;22,66666667;10,5106722;18,43267059;1,307159313;2,79396224;0
18719;15;35,38925754;65,5;10,06258946;18,43647385;1,683187735;10,16475153;0
18720;15;14,3540792;19,5;10,79690092;18,43686295;1,349620284;2,882548928;0
18721;15;10,16045074;14,33333333;11,31072579;18,43733788;1,178071535;1,710772157;0
18722;15;10,16554624;17,66666667;10,68680264;18,44231415;1,152193268;1,826536179;0
18723;15;3,307701218;5,5;11,86156726;18,44320297;1,002417436;0,115782738;0
18724;15;9,493278868;19;11,38658478;18,44420433;1,160230642;2,398808479;0
18725;15;5,515115293;14,83333333;11,19020752;18,445858;1,146694053;1,674458146;0
18726;20;8,175060828;15;12,15256655;18,44651794;1,172075323;1,938366771;0
18727;15;11,49015478;20,33333333;12,27979087;18,44765472;1,294544067;2,999584913;0
18728;15;4,847835097;9,666666667;11,97584654;18,45478058;1,081968097;1,015306711;0
18729;15;4,702035419;5,833333333;12,92212566;18,45559692;1,008817245;0,246182203;0
18730;15;11,0870269;21,66666667;12,02969533;18,45711899;1,237873538;2,539533496;0
18731;10;3,788855548;5,833333333;11,76925403;18,45727921;0,952124065;0,176657796;0
18732;15;9,66695723;17,5;9,380220818;18,45814896;1,087747693;1,50984323;0
18733;15;11,4058956;22,16666667;8,970036005;18,4587326;1,192613992;2,075695634;0
18734;15;17,56218079;34,66666667;10,83386458;18,45985031;1,042142547;3,10330987;0
18735;15;12,00422817;20,33333333;11,04693705;18,46102524;1,26586331;2,699273586;0
18736;10;7,431953854;8,5;13,20792752;18,46898651;1,05943283;0,835674286;0
18737;15;18,18380144;36,16666667;9,767284768;18,47304344;1,529087375;4,997853279;0
18738;15;3,251381156;6,333333333;11,50881268;18,47354889;1,026752713;0,269787192;0
18739;15;3,477188968;10,5;11,98806127;18,47462845;1,084943864;1,063264608;0
18740;15;20,87459821;58,83333333;11,261249;18,47653198;1,21594912;6,191105723;0
18741;15;11,39910112;16,83333333;11,87800124;18,47672844;1,223383232;2,304423809;0
18742;15;13,36141665;43;12,85519659;18,47963524;1,276774031;4,814737082;0
18743;15;9,087075788;20,16666667;9,920189085;18,48141289;1,131239969;1,995396256;0
18744;15;5,162137041;28,66666667;10,18721316;18,4822731;1,406892557;4,382380486;0
18745;15;5,346526086;5,666666667;11,04935998;18,48483658;1,015535371;0,32286942;0
18746;15;6,00008653;12,66666667;11,07152884;18,48642349;1,117688041;1,343441129;0
18747;15;10,14696111;13,83333333;11,48296056;18,48728371;1,124855476;1,850377202;0
18748;10;7,592295833;10;11,32995389;18,48751068;1,014997928;0,696230888;0
18749;10;6,820252329;11,5;12,71919265;18,49094391;1,054769211;1,306223989;0
18750;10;9,848347323;15,16666667;12,94847883;18,49484062;1,06581722;1,498809099;0
18751;10;4,911692858;5,166666667;13,52810588;18,49656296;0,989557315;0,088957548;0
18752;15;24,22954954;54;10,6803742;18,49700737;1,272879048;6,045276523;0
18753;15;13,530921;30,33333333;11,06428718;18,50170708;1,409894107;4,03750658;0
18754;15;11,10876743;24,33333333;12,54118469;18,50547218;1,27506136;3,153864622;0
18755;15;7,137886823;11,33333333;11,43582313;18,50745201;1,214630886;1,042546153;0
18756;15;6,171771328;9,666666667;13,02991982;18,5084877;1,045340933;0,598874331;0
18757;15;5,574330762;6;10,10138006;18,50853729;1,004644223;0,381831169;0
18758;15;15,3936444;33,16666667;11,7693726;18,51243401;1,471391458;5,107053399;0
18759;10;6,156919264;6,833333333;11,30554877;18,51369476;1,005265941;0,314723253;0
18760;10;6,111944557;17,66666667;11,64624026;18,51415443;1,095504099;1,931304812;0
18761;10;14,77847344;27,5;11,18972632;18,51671791;1,36936089;3,250026703;0
18762;15;16,47624867;27,83333333;11,65560279;18,51888275;1,432504747;4,433429837;0
18763;10;7,086023586;9;12,15531444;18,52320862;1,072493652;0,570806026;0
18764;15;5,943775167;14,5;11,72072439;18,52325249;1,185733284;1,724675179;0
18765;15;11,25686198;22;11,61029358;18,52650261;1,251478235;3,170626879;0
18766;10;5,210537171;7,333333333;14,5200091;18,52748108;0,95670631;0,386257172;0
18767;15;9,337482142;18,16666667;12,8084533;18,5300827;1,281100214;2,794981241;0
18768;15;7,588313647;12,83333333;11,71289543;18,5304718;1,0696761;1,256744623;0
18769;10;5,509296709;6;13,48996258;18,5306015;1,014827966;0,226022482;0
18770;15;9,221698781;14,33333333;11,66102638;18,53233337;1,129441606;1,708715081;0
18771;15;8,742190389;11,5;10,85510749;18,53569031;1,067199609;1,099686861;0
18772;10;6,332986703;11,83333333;12,98409136;18,53775787;1,062785961;0,838248968;0
18773;15;4,186566961;5,166666667;14,37873616;18,5378418;1,005683735;0,131773114;0
18774;15;5,249043721;6,166666667;12,08403776;18,53791046;1,041212529;0,451566935;0
18775;10;5,995305534;6,166666667;11,65285287;18,53980637;1,000544867;0,275975108;0
18776;15;11,37827968;36;11,59032735;18,5420208;1,09717266;3,862220883;0
18777;15;8,234511576;11;11,00261678;18,55045509;1,128676612;1,230196595;0
18778;15;13,3936656;22,16666667;11,71431976;18,5509491;1,256308528;2,798283458;0
18779;15;5,130311354;6;14,83201864;18,55569649;1,059813027;0,91479063;0
18780;15;7,930869225;10,16666667;11,46209056;18,56064796;1,075787333;1,291977882;0
18781;15;5,8596601;8,833333333;12,93001549;18,56168747;1,104620402;1,413610816;0
18782;10;5,515734278;5,833333333;10,89726883;18,56185722;0,972061923;0,194936275;0
18783;10;12,24394538;50,33333333;11,70897913;18,56522751;1,076290846;4,470686555;0
18784;15;3,320069546;5,166666667;10,73020382;18,56818962;0,993946947;0,06178987;0
18785;15;4,43110891;5,5;12,30522761;18,5704937;0,98037404;0,126840472;0
18786;15;12,10408534;25;10,22083889;18,5742836;1,300773678;2,892947674;0
18787;10;7,26485141;8,166666667;12,96820016;18,57597542;1,041372204;0,599751472;0
18788;15;5,609814329;7,5;12,34065828;18,57635117;1,051092216;0,781259656;0
18789;10;5,566391715;5,833333333;11,05148546;18,57642555;0,99957745;0,21478045;0
18790;15;4,500117777;14,5;14,54685387;18,57699585;1,185854422;2,179893732;0
18791;15;3,44814322;6,833333333;12,33362926;18,58033752;1,063044843;0,491311073;0
18792;15;7,012085465;8,5;10,37042192;18,59522057;1,075795575;0,843423247;0
18793;10;5,298882857;6;11,01705656;18,59626007;0,988439981;0,130776405;0
18794;15;10,6085035;33,5;10,5249378;18,60321426;1,200649072;3,847080231;0
18795;15;4,356937889;22,5;11,34589348;18,60549927;1,348785618;3,255291581;0
18796;15;7,046594346;15,66666667;14,13389106;18,60671616;1,113950173;1,220068932;0
18797;15;14,10228662;22,83333333;11,81598356;18,60715866;1,364729454;3,68653214;0
18798;15;4,931606463;6;12,07700802;18,60976791;1,008464846;0,167564511;0
18799;15;3,47576728;15,5;11,4498054;18,60988045;1,171416523;2,064475417;0
18800;15;6,978023829;13,5;12,47494372;18,61246109;1,10699376;1,550877213;0
18801;15;6,698892089;7,333333333;13,74450913;18,6127224;1,077480844;0,819002509;0
18802;10;3,617848377;5,666666667;13,73566961;18,61793518;0,989794189;0,311033249;0
18803;15;4,709482078;6;10,04555615;18,62167931;1,001920423;0,193411231;0
18804;10;16,5420244;24,5;9,531157841;18,62506104;1,12312329;2,473105907;0
18805;15;14,74632262;31,16666667;11,40568283;18,62558746;1,348818735;4,56160593;0
18806;15;14,588115;25,5;11,32513718;18,62700081;1,298815828;3,357320189;0
18807;10;11,47573048;19,16666667;13,01892624;18,62826538;1,135811768;1,985834002;0
18808;15;15,38153336;34,83333333;12,23580258;18,63088799;1,50799292;5,190642715;0
18809;15;7,959967982;11,33333333;11,69313427;18,63233757;1,129855777;1,369257569;0
18810;15;8,654719046;7,333333333;12,13429155;18,63742256;1,095822783;0,61795032;0
18811;15;17,78090804;33,16666667;11,46435352;18,64257622;1,254757375;4,132206917;0
18812;15;6,239192417;9;14,06464407;18,64448547;1,06824969;0,897606492;0
18813;15;12,31200806;17,66666667;10,66172077;18,64618874;1,20859386;2,067489624;0
18814;10;7,79491612;16,83333333;11,72920512;18,64738655;1,020945088;1,325937986;0
18815;15;4,525446875;5,5;12,69813972;18,65237808;1,032380703;0,222412229;0
18816;15;5,497453267;7;12,09073581;18,65240479;1,034869213;0,424193621;0
18817;15;7,884728102;12,66666667;11,66010123;18,65320396;1,009691932;0,911794901;0
18818;15;8,808699151;14,66666667;12,20858492;18,65435219;1,160512015;1,676406145;0
18819;10;10,51423767;20,83333333;12,08519723;18,65899658;1,19055957;2,248953462;0
18820;15;4,274115321;5,5;14,26869679;18,6602459;0,994255319;0,18710947;0
18821;15;9,968139831;15,5;12,03206259;18,66814804;1,188836312;2,180523276;0
18822;15;17,65211629;30,33333333;9,872476095;18,67508507;1,170996354;2,726930141;0
18823;15;8,734319747;12,33333333;10,63079107;18,67772102;1,12531608;1,394168139;0
18824;15;5,814700033;6,833333333;12,13234643;18,67963028;1,038945899;0,563617229;0
18825;15;4,27267313;6,666666667;13,68906488;18,68837357;1,018465315;0,330908179;0
18826;15;5,898564294;11,16666667;11,12245867;18,6908493;1,00075795;0,126501679;0
18827;10;6,2346219;7;7,630460929;18,69157028;1,00004928;0,316521525;0
18828;15;9,447428247;15,83333333;11,68029318;18,6963253;1,152191836;1,691277385;0
18829;10;6,909294878;8,166666667;13,02895468;18,69671822;1,050802414;0,614252329;0
18830;10;7,079623629;14,16666667;9,406052264;18,69717598;1,011642474;0,840538502;0
18831;10;10,78320535;15,16666667;11,52878948;18,6977253;1,099103365;1,557386756;0
18832;10;4,538609942;14,83333333;12,67188401;18,70046806;1,014519438;1,149710059;0
18833;15;4,998861081;6,833333333;11,22994135;18,70298958;1,029784148;0,25007081;0
18834;15;9,168862124;14,16666667;10,75624389;18,70464134;1,112022855;1,610893011;0
18835;10;8,484052069;10,66666667;11,89781551;18,70464706;1,069795204;0,939151406;0
18836;15;14,21073309;23,66666667;10,32443227;18,70972633;1,115955993;2,311933517;0
18837;15;5,845271221;8,5;11,93882695;18,71174812;1,042481533;0,635896802;0
18838;15;12,78528015;25,16666667;9,918972579;18,71519279;1,164898417;2,548823237;0
18839;10;6,334889575;7,666666667;13,42177837;18,71738052;1,040478218;0,591495991;0
18840;15;16,64094126;32,83333333;11,66586063;18,71895027;1,626341106;5,767328143;0
18841;15;4,376179209;15,16666667;12,15501133;18,72079659;1,206735412;2,110976219;0
18842;15;8,015379265;11,16666667;12,03515253;18,72294426;1,151878801;1,399179697;0
18843;15;13,56433674;34,16666667;11,61991877;18,72419739;1,6856182;6,16001749;0
18844;15;5,864629521;9,5;12,8097457;18,7256813;1,065293678;0,862655997;0
18845;15;12,22206751;23;11,08302974;18,72743034;1,359852331;3,088699222;0
18846;10;9,157824749;15;12,72391233;18,73419952;1,105043392;1,568009019;0
18847;15;6,377893212;11;9,018397452;18,73589516;1,000688321;0,844240189;0
18848;15;8,076479151;11,66666667;11,91688026;18,73796463;1,107632669;1,196064711;0
18849;15;7,747629926;11,16666667;11,52480681;18,73931122;1,1285624;1,33241415;0
18850;10;7,850122517;11,83333333;9,770958745;18,74531364;0,964672577;0,740902424;0
18851;15;8,841772975;18,83333333;11,33947423;18,74650192;1,134032732;1,572368383;0
18852;15;5,243153398;7,333333333;12,71750333;18,7478199;1,043875124;0,827850223;0
18853;15;5,025181769;5,666666667;11,85867905;18,74905014;1,057262963;0,301865101;0
18854;15;11,15992714;24,33333333;12,26866049;18,74954987;1,349258804;3,426719189;0
18855;15;12,10168304;22,16666667;11,96249434;18,74965286;1,260110076;2,964002848;0
18856;10;6,259724614;7,333333333;12,90418535;18,75034523;1,049840013;0,408492327;0
18857;15;5,073264042;6,666666667;12,31142462;18,75582886;1,035606023;0,375811577;0
18858;15;4,341262694;5,666666667;12,88096651;18,75605583;1,013857404;0,185997486;0
18859;15;9,570724467;14,66666667;10,32199124;18,75802994;1,111453328;1,801912785;0
18860;10;5,469338341;6,166666667;13,96951042;18,76041603;1,078431634;0,302360415;0
18861;10;5,310432388;14,83333333;12,25052635;18,76756859;1,003675217;0,9684062;0
18862;15;10,82752898;17,16666667;10,95497677;18,76955223;1,212659642;2,073764443;0
18863;10;6,337859257;13,33333333;14,22298139;18,772192;0,947236043;1,078754425;0
18864;15;10,60069167;14,5;9,04217944;18,77824593;1,117181814;1,645806909;0
18865;10;15,72528739;31;11,88629554;18,77876282;1,163895332;3,307564497;0
18866;15;13,1873625;23,5;11,15854231;18,78147888;1,353327795;3,234917641;0
18867;10;8,91376702;12;10,45696152;18,78664589;0,935963809;0,728386641;0
18868;15;5,858244777;7,166666667;12,76762276;18,78788376;1,064373089;0,717162251;0
18869;10;6,199510431;7,333333333;10,94141475;18,7879734;0,980991448;0,277984977;0
18870;15;4,714187438;6;10,67426908;18,78815269;1,017225401;0,267967105;0
18871;10;15,35242585;23,5;12,3130477;18,78922272;1,289942828;3,198434114;0
18872;15;9,012772997;14;11,56702902;18,79039001;1,132379304;1,478614569;0
18873;15;10,5722923;16,33333333;10,56128591;18,7948761;1,131837865;1,689511776;0
18874;15;16,0009617;26,33333333;11,94544047;18,79768372;1,326122394;3,447244763;0
18875;10;14,41631041;29,5;10,54861757;18,80130005;0,995986095;3,050984621;0
18876;15;10,79324812;21,66666667;11,65158388;18,8015213;1,103458673;2,280220866;0
18877;15;10,62967776;19,5;10,85617958;18,80306435;1,170858394;2,265159011;0
18878;15;3,580045313;8,833333333;11,94679544;18,80461502;1,060292624;0,758317113;0
18879;15;6,203194065;12,33333333;11,94673087;18,80662918;1,094672539;1,353064418;0
18880;15;6,442493167;8,666666667;11,98186572;18,81549072;1,05812655;0,884151816;0
18881;10;6,460738321;9;12,83403221;18,82829285;1,03781983;0,784495711;0
18882;15;9,391104552;20;12,13581874;18,83246994;1,237122819;2,395878792;0
18883;10;5,123974139;6,666666667;14,33207889;18,83856201;0,732165642;0,198450804;0
18884;15;13,36993978;29,66666667;11,35391479;18,83959961;1,213494117;3,223716259;0
18885;15;5,443980556;6,5;13,12499276;18,84030342;1,049572173;0,600301385;0
18886;15;17,04827638;27,66666667;11,25557679;18,84103775;1,390064269;4,193799257;0
18887;15;4,931851522;6;13,14224653;18,84619522;1,039464793;0,380136251;0
18888;15;4,617552055;6,666666667;11,65368171;18,8490696;1,001502475;0,106966376;0
18889;15;10,67993472;15,33333333;11,29892432;18,85270691;1,175771896;1,820696115;0
18890;10;18,61142361;36,33333333;10,63740436;18,85722542;1,46724438;4,404868603;0
18891;15;5,255525518;9,166666667;10,33392621;18,85767174;0,922517803;0,506719351;0
18892;15;10,39597532;16,83333333;11,07536257;18,8580513;1,088830723;1,890895247;0
18893;15;6,893122834;18;12,48400405;18,86134148;1,075255343;1,537647843;0
18894;15;13,29055726;20,33333333;12,04459769;18,86165047;1,289999305;3,107719898;0
18895;10;7,043493008;8;11,56681793;18,86560822;1,009831979;0,492004037;0
18896;15;7,143450127;9,833333333;10,18046477;18,8663578;1,077700662;0,834658861;0
18897;15;7,81567814;16;11,98701211;18,86868477;1,125493866;1,649956822;0
18898;15;10,9860502;18,66666667;10,69215716;18,86935616;1,247978483;2,453767419;0
18899;15;7,080551897;17;11,87356366;18,87057495;1,039623992;1,443735003;0
18900;15;9,740387938;12,5;11,73665424;18,87181664;1,115195902;1,392854214;0
18901;10;6,574695487;8,833333333;11,24425788;18,87381744;1,008723375;0,491201162;0
18902;15;7,312659677;18,33333333;12,63051807;18,8785038;1,148056011;2,025232077;0
18903;15;7,39166275;10,16666667;14,14651705;18,88319588;1,112846216;1,512419105;0
18904;15;5,732434991;15,5;13,28771177;18,88323021;1,118577586;1,324971795;0
18905;10;17,16222245;34,33333333;10,89447162;18,88371277;1,287890969;0,99894762;0
18906;15;3,428232963;23,16666667;13,9452993;18,88690948;1,153371318;3,175726891;0
18907;15;11,65398718;24,33333333;10,32327274;18,88797188;1,247036604;2,686434627;0
18908;15;9,86185271;14,77777778;11,02422847;18,88920403;1,054396641;1,644579172;0
18909;15;5,278291069;8,666666667;13,38900732;18,89063644;1,025532108;0,713306308;0
18910;15;16,83444809;29,5;11,92492036;18,8911953;1,360037832;4,287598729;0
18911;15;5,867609533;8,166666667;12,85855754;18,89216614;1,095785594;0,922746062;0
18912;10;5,332765633;6,666666667;10,53913545;18,89917183;0,929526495;0,199066758;0
18913;15;6,639522958;10,33333333;12,22694425;18,91273117;1,064812262;1,193009734;0
18914;15;4,435528496;16,5;10,54955409;18,91379929;1,151273112;1,641841412;0
18915;15;8,215404785;14,66666667;11,53949858;18,91406059;1,061115453;1,435664415;0
18916;10;7,649862216;9,833333333;11,46512752;18,91432762;1,005342506;0,731488109;0
18917;15;3,565628234;12,66666667;12,95200188;18,92179489;1,137883208;1,021506667;0
18918;10;9,918844071;22,16666667;12,66071149;18,9222374;1,163149289;2,416569829;0
18919;15;18,03448231;37,5;12,26059699;18,9238224;1,672731301;7,2554425;0
18920;15;23,17243341;54,66666667;12,21276514;18,92431831;1,772881952;10,52494812;0
18921;15;9,171257523;14,33333333;12,21973227;18,92573547;1,153777566;1,833380103;0
18922;15;17,29281098;33,33333333;11,1226376;18,92831039;1,440510043;5,03401494;0
18923;15;4,13848893;5,5;11,09242857;18,92990875;1,003459927;0,08377254;0
18924;15;9,538635038;14,16666667;12,46776454;18,93136024;1,221674661;2,330728769;0
18925;15;5,521338004;8,5;12,8257818;18,94016457;1,054084318;0,964932323;0
18926;10;4,075235861;6,5;9,398253956;18,94294357;0,984433368;0,21363914;0
18927;15;4,766943191;5,666666667;14,21184852;18,94393539;1,011318218;0,251424789;0
18928;10;3,791974153;10,83333333;13,0804139;18,94951248;0,967375564;0,643517733;0
18929;15;4,480649266;5,666666667;14,62659673;18,94974136;1,037069843;0,372929096;0
18930;15;6,232212417;8,833333333;11,53181926;18,95210648;1,045405475;0,693540812;0
18931;15;3,478875317;11,83333333;11,16034794;18,95517159;1,136236552;1,414202332;0
18932;15;8,760279802;10,66666667;11,48056975;18,95519257;1,181190762;1,547691822;0
18933;15;3,507308277;6,5;11,41910725;18,9557476;1,075128877;0,622558951;0
18934;10;5,023778385;5,166666667;13,06030458;18,95617676;1,007352239;0,071521163;0
18935;15;11,50015667;22,33333333;11,60871554;18,97946167;1,216510253;2,720171928;0
18936;15;16,87177597;30,83333333;12,17548954;18,97967911;1,424180874;5,187613606;0
18937;15;6,965456421;9;12,12181453;18,98448753;1,076143404;1,078631401;0
18938;15;7,943431235;14,5;9,927517527;18,98608589;1,085541283;1,263542414;0
18939;15;4,602987285;5,166666667;11,83659849;18,98812866;1,0145747;0,177897811;0
18940;15;4,354290397;5,166666667;10,79392967;18,99263954;1,002615763;0,072897196;0
18941;15;7,219453382;11,66666667;12,03916961;18,99359894;1,09523596;1,327467561;0
18942;15;7,331166641;11,66666667;10,82783389;19,00774574;1,117369256;1,308104038;0
18943;15;10,42841095;17,33333333;10,07629447;19,00789261;1,182659934;1,974706292;0
18944;15;7,299090072;7,666666667;7,978394164;19,01241875;1,031391489;0,711971164;0
18945;15;6,900160285;8,666666667;11,6702155;19,01631165;1,042796447;0,772265196;0
18946;15;6,208198421;8,833333333;12,47380977;19,02229691;1,105741578;1,193578482;0
18947;15;8,660525333;21;11,75690921;19,02240181;1,214468718;2,431450367;0
18948;15;7,046677178;8,5;12,00725227;19,0228157;1,095265998;0,774499297;0
18949;10;6,095532039;6,166666667;10,83221179;19,02378845;0,989328146;0,24681735;0
18950;10;4,785601544;5,5;13,21108111;19,02608871;0,9861334;0,08919704;0
18951;15;6,074791784;7,833333333;12,02994481;19,02919579;1,03491044;0,683506489;0
18952;15;5,503688442;5,833333333;13,18154872;19,02997208;1,056246547;0,728601336;0
18953;15;6,080778166;8,833333333;12,51817105;19,03247833;1,050033708;0,717371225;0
18954;15;10,78344228;20;10,88496938;19,03558731;1,27530785;2,662696838;0
18955;15;10,02984532;20,16666667;10,65401322;19,04119873;1,103192969;1,323442221;0
18956;15;4,753781266;7,833333333;13,45075736;19,04511833;1,046248781;0,742928267;0
18957;10;6,503433333;5,333333333;10,98311616;19,04711342;0,998898184;0,071009398;0
18958;15;8,22654669;13,5;12,36104285;19,05146027;1,089404079;1,479999065;0
18959;15;6,735969941;22,16666667;10,26591294;19,05726624;1,062413322;1,454451084;0
18960;15;7,14033959;10,5;12,1406732;19,06175613;1,102636375;1,124491692;0
18961;15;8,122850957;12,66666667;10,59447318;19,06544113;1,075968434;1,311749578;0
18962;15;4,830488629;5,666666667;8,447353194;19,07067299;0,86118697;0,189981341;0
18963;10;5,177184001;5,833333333;10,62553586;19,07316399;1,003282581;0,065323353;0
18964;15;10,53869135;17,33333333;10,37664131;19,07382011;1,142560328;1,82180655;0
18965;15;3,669330577;12,66666667;12,19237748;19,07900047;1,156534652;1,610214114;0
18966;15;10,20884707;14,83333333;11,90562653;19,07917213;1,199024115;2,065668821;0
18967;15;10,67508807;21,66666667;11,74216065;19,08214951;1,147829567;2,622677326;0
18968;15;24,13337919;64;10,6252035;19,08403969;1,488996328;8,49537456;0
18969;15;6,049616486;11,66666667;12,95523087;19,08771324;1,077539949;1,243769765;0
18970;15;27,29617543;62;10,08311587;19,0881443;1,288267657;7,492099881;0
18971;15;5,994284295;6,833333333;11,23951269;19,0916481;1,041077415;0,669331312;0
18972;10;6,997577159;7,166666667;12,59736495;19,0927906;1,056043565;0,647951603;0
18973;15;8,874192435;11,83333333;11,76011656;19,095541;1,134668782;1,558129191;0
18974;10;5,300619967;6,5;10,70157841;19,09869766;0,938566837;0,154231071;0
18975;10;9,142211392;13,33333333;12,92952406;19,10046005;1,099125746;1,358885169;0
18976;15;4,60584446;16,66666667;12,14415528;19,10226059;1,314017684;2,85953176;0
18977;10;10,86874934;20,66666667;10,4440401;19,11051178;1,041999343;0,506029606;0
18978;10;7,535007859;5,166666667;11,93793623;19,1143074;0,927898108;0,058765173;0
18979;10;18,59328332;35,83333333;10,2939541;19,11624718;1,008919746;3,286707878;0
18980;15;4,085243187;5,5;14,87618491;19,11707687;1,010229325;0,151692629;0
18981;15;5,00762172;7,833333333;12,07847729;19,12013245;1,002248474;0,520185828;0
18982;15;10,27183756;11,83333333;11,65354954;19,12129211;1,170717806;1,708945394;0
18983;15;4,448141236;6,5;14,70651152;19,1221199;1,043682109;0,666260004;0
18984;10;5,757184922;10,5;13,27135338;19,12259102;1,010263887;1,036176443;0
18985;10;13,38880018;24,33333333;11,07382659;19,13467407;1,04360047;2,025792718;0
18986;15;5,277858645;6,166666667;12,99338369;19,13866234;1,018114502;0,298008084;0
18987;15;6,129366834;7,166666667;13,55301127;19,14081573;1,098778489;0,815458775;0
18988;15;6,282450513;6,333333333;11,36387787;19,14693451;1,048839911;0,723191738;0
18989;15;11,48151073;21,16666667;10,61700032;19,14925957;1,272580476;2,552828193;0
18990;15;12,47137928;15,16666667;10,66093433;19,15514755;1,047117068;1,295374632;0
18991;15;5,353462553;11,83333333;13,21255963;19,15692711;1,083054865;1,354742885;0
18992;15;11,85738675;23,66666667;11,27153394;19,15749359;1,239643757;2,547149897;0
18993;10;10,26487801;18,16666667;11,37416637;19,15880775;1,168194051;1,830072522;0
18994;15;4,47215891;6,166666667;10,62109278;19,16004562;1,000069301;0,164803743;0
18995;15;6,492612894;5,5;11,60792029;19,16082954;1,001020469;0,190452337;0
18996;15;11,76359228;29,5;11,82355701;19,16965866;1,330734811;3,79833591;0
18997;15;5,808120589;7;14,05218617;19,17411423;1,08429722;1,145929098;0
18998;15;14,96167464;25,83333333;9,422620162;19,17517662;1,162797603;2,980945468;0
18999;15;7,93667591;13,66666667;9,873928;19,17550087;1,053411444;1,031291962;0
19000;15;9,310611046;14,16666667;10,49103579;19,17980576;1,092390239;1,516592383;0
19001;15;10,04614126;20;12,77380236;19,18520737;1,197686822;1,882342339;0
19002;15;4,800324925;6;10,72733267;19,186306;1,017321932;0,369533777;0
19003;10;5,184537304;5,5;12,83509268;19,19058037;0,95415527;0,103749275;0
19004;15;11,14577647;21,16666667;11,51501312;19,1914711;1,129801807;2,255163908;0
19005;15;4,60798689;6,166666667;11,33094675;19,19360352;1,043294009;0,278829336;0
19006;15;14,24555196;46,80327869;10,90792205;19,19418335;1,107180703;5,171057224;0
19007;15;6,619546376;8,666666667;11,74040747;19,19460678;1,098512899;0,916460037;0
19008;15;6,587407466;8,666666667;12,42779246;19,20227623;1,084955716;0,970789194;0
19009;15;10,08241954;21,5;11,89114994;19,20403862;1,235723766;2,43193686;0
19010;10;7,445988943;9,166666667;12,09143905;19,20471954;1,006376047;1,041769028;0
19011;15;7,219888975;7,5;12,67721267;19,2066555;1,09448646;1,141179085;0
19012;15;9,116765028;23,83333333;11,80012048;19,20682144;1,100829861;2,412184119;0
19013;15;3,463799061;5,5;10,47932475;19,20848656;0,949919193;0,111709356;0
19014;15;4,328433986;10,83333333;9,389182398;19,20918083;1,004183296;0,729980707;0
19015;15;8,532022781;14,66666667;11,51841553;19,21375847;1,183498827;1,805595994;0
19016;15;7,767023713;11,66666667;11,75205237;19,21553802;1,103143575;1,0755409;0
19017;15;7,157607994;21,83333333;11,78096872;19,21797943;1,229899784;2,467452765;0
19018;15;8,890663612;17;12,67539492;19,22665405;1,169867501;2,491731763;0
19019;15;33,84364008;55,83333333;11,35390362;19,23237038;1,652666233;9,887708902;0
19020;15;8,712853987;14;9,798080141;19,23270798;1,11448828;1,438739777;0
19021;10;6,955924373;10,66666667;11,35618243;19,23576164;1,023402476;0,827591419;0
19022;10;5,883941347;6,666666667;13,64755319;19,2370739;1,056905789;0,44108367;0
19023;15;4,384300833;6;11,55866391;19,23769188;1,001944884;0,146499038;0
19024;10;6,556994218;7,166666667;12,67248008;19,24093246;1,042821617;0,552097678;0
19025;10;5,206775126;6,333333333;12,72961499;19,24451637;0,992180611;0,234913826;0
19026;15;7,971806476;11,83333333;11,29112082;19,24785805;1,113698486;1,31257987;0
19027;15;4,113603421;5,333333333;11,45258437;19,24872971;0,967603847;0,042012334;0
19028;15;9,346066813;22,5;12,29754346;19,25016594;1,266047509;3,221789241;0
19029;15;11,08562224;23,66666667;9,884082053;19,25055695;1,132971387;2,343215942;0
19030;15;15,27261135;27;9,127994967;19,2508831;1,089733293;2,793013811;0
19031;15;9,951167979;17,16666667;10,59943061;19,2510376;1,131909854;1,884209037;0
19032;10;7,27060284;9,333333333;9,925909361;19,25137901;1,041677919;0,557698727;0
19033;15;6,638084104;14,83333333;9,851606704;19,25812912;0,990364462;1,120586634;0
19034;15;5,430073969;8,333333333;13,47235083;19,26052094;1,101726121;0,952123523;0
19035;15;4,04440857;5,166666667;14,60514987;19,2610302;1,011768236;0,069684148;0
19036;15;5,093918471;6;11,65711931;19,26257896;1,012792484;0,314874887;0
19037;10;11,91234329;22,83333333;9,914863513;19,26471138;1,011202203;1,79587245;0
19038;15;11,60335114;20,66666667;10,86401606;19,26777267;1,160990028;2,956532001;0
19039;15;7,368169436;9,333333333;11,96295357;19,27136803;1,104367096;1,083076715;0
19040;15;9,054589951;11,5;11,81663066;19,27197456;1,125648399;1,499132872;0
19041;15;12,91440329;31,66666667;11,51177778;19,27447319;1,339155384;4,234015584;0
19042;10;5,334122568;25,66666667;14,01092049;19,27508163;1,047841307;2,187200189;0
19043;15;9,069808448;12,66666667;10,65874517;19,27685547;1,108198933;1,529257536;0
19044;15;4,143422584;5,166666667;12,03681126;19,27872849;1,003180723;0,047839403;0
19045;15;11,09089606;19,5;11,76600144;19,28006554;1,268003764;2,685117722;0
19046;15;3,752620921;7,166666667;12,0400382;19,29088211;1,049984548;0,507850647;0
19047;15;5,944831801;9,666666667;9,632622165;19,29275322;0,958759308;0,666897178;0
19048;10;11,96932124;17,5;9,875494187;19,29359818;1,096451729;1,578216076;0
19049;15;9,294496622;16;9,544618969;19,29371262;1,150278963;1,781059265;0
19050;15;25,68217514;64,83333333;9,864182352;19,29568291;1,128484971;6,634814262;0
19051;15;4,380702089;6,833333333;7,246659098;19,29769135;0,903994478;0,156556964;0
19052;10;8,630240729;9,666666667;11,70215735;19,30154228;1,099126201;1,030647874;0
19053;15;12,41663018;26;8,058913902;19,30818748;1,069848597;2,584094286;0
19054;15;14,09200074;24,16666667;12,12062331;19,30954361;1,361954781;3,892584324;0
19055;20;19,80550548;46,83333333;11,22435099;19,31007195;1,404810425;6,277567744;0
19056;15;7,705313845;12,33333333;11,86432412;19,31117249;1,213009258;1,649797678;0
19057;15;7,38436539;10;13,16257598;19,31257248;1,023715631;0,950858831;0
19058;15;6,721042991;8,166666667;12,01005706;19,31413269;1,114878475;1,195328712;0
19059;10;3,636466101;6,333333333;12,87515063;19,31950378;1,034474332;0,516722441;0
19060;10;7,170005822;7;13,44151692;19,32124138;0,999844136;0,561454654;0
19061;15;9,893084341;20,16666667;10,30821442;19,32461166;1,181964617;2,224560499;0
19062;15;11,52442598;22;11,29176787;19,3269577;1,246370917;2,71820581;0
19063;15;4,925894145;6,333333333;13,03290625;19,32842064;1,033920823;0,701113701;0
19064;10;4,857639936;5,333333333;13,53314216;19,3285675;1;0,067034483;0
19065;15;4,237186884;5,666666667;14,75384986;19,33304405;1,013483003;0,18311131;0
19066;10;5,03397544;5,5;10,82228256;19,33715057;1;0,015698195;0
19067;10;4,715192405;5,333333333;13,95085448;19,34012413;0,909547267;0,044697165;0
19068;15;6,679512202;8,166666667;10,76498984;19,34085274;1,058622394;0,7652179;0
19069;15;5,942695654;10;11,52732035;19,34365082;1,007412959;0,313061714;0
19070;15;14,0130086;26,66666667;10,27929438;19,34514999;1,094535823;2,979110003;0
19071;15;8,716438185;11,5;12,55091858;19,34692574;1,197873116;1,764999866;0
19072;10;6,567977924;8,833333333;11,51917742;19,36001396;0,980851076;0,406897783;0
19073;15;5,370619444;8,333333333;12,58050757;19,36232567;1,009279339;0,796297193;0
19074;15;14,50108532;26,16666667;11,95784305;19,36361122;1,184331451;3,997398138;0
19075;15;3,742283353;7;12,8313348;19,36512566;1,060423665;0,661711574;0
19076;15;5,504747915;7,666666667;12,31592851;19,36717224;1,038147274;0,566838145;0
19077;15;29,58140134;86;9,067042254;19,37273598;1,838585485;13,9053694;0
19078;10;7,524670137;15,83333333;11,40609268;19,37466431;1,004623771;1,312771678;0
19079;15;4,830684988;6;13,06256503;19,37799835;1,008674658;0,17691803;0
19080;15;7,689642979;9,833333333;11,8032789;19,37836838;1,120074431;1,009519458;0
19081;15;3,482850152;7;10,35625232;19,38566399;1,061311589;0,501115918;0
19082;15;15,54518211;30;11,75514855;19,38639069;1,486973096;4,956207752;0
19083;15;10,53988663;27,33333333;10,83667434;19,38819122;1,114475907;2,844095707;0
19084;15;8,866702231;11,55737705;11,11601235;19,39212418;1,126472167;1,271384358;0
19085;15;7,619578787;11,16666667;11,60127519;19,39821243;1,152505354;1,131154299;0
19086;10;3,665418327;5,333333333;12,24478474;19,40292549;0,985762107;0,051085114;0
19087;15;7,887148156;15,16666667;10,92431961;19,40860939;1,052626979;1,421091676;0
19088;10;4,5017206;9,833333333;11,93181493;19,40997887;1,03522454;0,496961713;0
19089;15;24,48803442;77,5;10,98956563;19,41173744;1,569882494;10,79268205;0
19090;10;7,138633118;8,333333333;13,28710201;19,41669083;1,053707076;0,717923403;0
19091;15;4,139454125;12,83333333;14,08269842;19,42105293;1,116777658;1,571630001;0
19092;10;9,659121876;13,83333333;12,19562554;19,43071365;1,141149703;1,468473792;0
19093;10;7,026324196;26,33333333;12,46083782;19,43471336;1,003222632;2,27909255;0
19094;10;9,896182792;12,66666667;11,07720369;19,43524361;1,062878036;0,997730613;0
19095;15;15,15698731;35,83333333;10,58942103;19,43756104;1,201560593;3,923134446;0
19096;15;4,03425403;5,166666667;12,41180031;19,43770599;0,984815774;0,031710267;0
19097;15;3,310821472;5,166666667;10,69122751;19,43857002;1,000055197;0,041984081;0
19098;15;7,641492649;15;11,54246722;19,43968391;1,054805427;1,2710495;0
19099;15;8,996471768;8,555555556;12,09770152;19,4432106;1,051675466;0,845352173;0
19100;15;7,12123506;13,16666667;11,5046176;19,4448185;1,058811793;1,180888057;0
19101;15;6,87665;11,83333333;11,19807772;19,44743729;1,02681815;0,940987945;0
19102;15;22,88962496;74;11,48291301;19,44921112;1,162352411;7,383591294;0
19103;15;4,017563063;16,83333333;12,36211459;19,44921875;1,133416602;2,198597074;0
19104;15;3,510535029;14,83333333;12,34312383;19,45452881;1,128515034;1,77413702;0
19105;15;13,86317713;34;12,27733342;19,45615959;1,51567464;5,623403788;0
19106;10;7,085066494;6,833333333;9,530892064;19,46040916;1,01555882;0,41383779;0
19107;15;6,613056306;10,55555556;14,20098952;19,46452522;1,126258303;1,163118958;0
19108;15;3,917268403;24,16666667;9,925879401;19,46626663;1,183647873;2,687140942;0
19109;15;7,989332523;12,33333333;11,54686563;19,46859932;1,169467209;1,466161489;0
19110;15;3,951222839;6,833333333;8,45648564;19,47186852;1,009485729;0,530370355;0
19111;15;4,318799131;5,333333333;12,12869777;19,47206688;0,977943283;0,08717227;0
19112;15;6,589433164;8,333333333;12,6039737;19,47524834;1,086028388;1,059587479;0
19113;15;12,8218527;34,16666667;9,015208999;19,47691536;1,08369843;3,219035149;0
19114;15;10,21717819;17,16666667;12,12572663;19,47933578;1,234814995;2,433203459;0
19115;10;5,486488048;7,5;9,846334413;19,4806633;0,942684151;0,327215672;0
19116;15;8,311425914;10,66666667;11,78292138;19,49042892;1,064229919;1,213971972;0
19117;15;8,169656573;15,16666667;12,30632863;19,49056244;1,15429772;1,599483371;0
19118;15;6,116799786;10,33333333;10,98992411;19,4940834;1,021031169;0,754093051;0
19119;15;7,77777963;14,83333333;12,41344011;19,49494743;1,116576215;1,38038528;0
19120;15;8,452505296;16,66666667;11,57410313;19,49521446;1,132297428;1,774119616;0
19121;10;10,06086815;15,83333333;11,89513952;19,49870682;1,064661803;1,500984788;0
19122;15;4,351311974;7;12,8592549;19,50340462;0,981622412;0,452537775;0
19123;15;3,893892481;9,666666667;13,30027578;19,50935555;1,143212866;1,54823935;0
19124;15;3,434189488;8,333333333;12,29062731;19,51501465;1,03155474;0,57707727;0
19125;15;4,937189419;7,833333333;12,46144848;19,5172348;1,0687967;1,08393538;0
19126;15;6,412370842;8;10,27095343;19,52120399;1,031997983;0,685992122;0
19127;15;5,839393369;9,222222222;11,77231333;19,52365112;1,077224842;0,553422213;0
19128;15;7,15195;7,666666667;12,09462144;19,52983093;1,073772687;0,952038169;0
19129;10;4,761683461;5,5;14,28980096;19,52985001;0,983469883;0,247580409;0
19130;15;3,33968962;7;13,03953814;19,52994537;1,076125952;0,75142467;0
19131;15;3,366765375;14,33333333;10,47896745;19,53264046;1,042618374;1,561892509;0
19132;15;23,00809904;51,16666667;11,2859229;19,5334301;1,286946382;6,324491143;0
19133;15;5,303033291;8,833333333;11,81203103;19,54394341;1,065470274;0,681800723;0
19134;15;8,959083828;16,5;11,71729878;19,54513931;1,21612157;2,176569104;0
19135;15;4,396544205;5,5;11,10712074;19,54537582;1,000661126;0,098744988;0
19136;15;3,851421024;7,5;13,72889397;19,54567337;1,024230512;0,852339745;0
19137;15;5,080325123;6;13,61144128;19,54837608;1,014930782;0,358950496;0
19138;15;3,603728583;7,833333333;11,29455692;19,55122185;1,051818141;0,606547356;0
19139;15;9,63092784;16,33333333;11,48652909;19,55185127;1,164627318;1,73324573;0
19140;10;10,6078846;18,16666667;11,98733238;19,5730648;1,222201747;2,414165258;0
19141;10;7,758720573;10,83333333;11,93807831;19,57858276;1,072494491;1,079231977;0
19142;15;11,72257094;19;11,72095644;19,57919884;1,202600796;2,360957026;0
19143;15;9,077348329;15,66666667;11,8351619;19,58396912;1,261351428;2,488835096;0
19144;15;6,083992622;9,833333333;9,503788212;19,5860424;1,075468842;0,729868054;0
19145;15;4,660797983;6,166666667;11,19038149;19,58675385;1,02208917;0,316879392;0
19146;15;5,485476855;7,333333333;10,38392745;19,58806419;1,005928657;0,494455338;0
19147;15;8,469240372;14,16666667;12,30420285;19,5918541;1,146537228;1,51598382;0
19148;15;9,441461642;14,83333333;11,6865196;19,59275055;1,148349473;1,903622031;0
19149;15;11,36194805;24;12,27491341;19,595438;1,353306953;4,624818802;0
19150;15;10,3142919;22,83333333;10,43475596;19,60049057;1,079002172;2,094383121;0
19151;15;3,226090242;5,666666667;13,14189398;19,6023674;0,977241577;0,071643472;0
19152;15;4,378836921;5,833333333;14,64995843;19,60318565;1,026866753;0,377544284;0
19153;15;6,038833157;8,5;12,09919954;19,6072197;1,048969425;0,681130886;0
19154;15;11,19280192;16,83333333;11,42720877;19,61233139;1,235312102;2,238813996;0
19155;15;9,102230011;13;11,47390619;19,61280251;1,106141538;1,681023598;0
19156;10;10,04432787;10,66666667;10,8952515;19,61983871;1,025289853;0,953902245;0
19157;15;5,225281984;7,5;14,87616978;19,62664986;1,084283506;1,320938349;0
19158;10;25,31523706;48,5;9,742015378;19,63109207;1,032186703;4,862253547;0
19159;15;6,601419701;11;11,33558095;19,6320076;1,050963307;1,282126665;0
19160;10;3,90061891;7;13,2421101;19,63598251;1,006871876;0,389961839;0
19161;15;9,124648393;20,83333333;11,43400421;19,6393261;1,272796314;3,240956306;0
19162;10;7,380087237;16,66666667;13,06798973;19,64175415;1,006335394;1,325181365;0
19163;15;7,820387441;11,5;12,37062174;19,64366531;1,11814728;1,709195852;0
19164;15;8,153284813;13,33333333;11,48892115;19,65159416;1,105909975;1,34728992;0
19165;10;15,49481318;23,16666667;9,574500344;19,65205574;1,153983441;2,203984261;0
19166;10;6,486385752;9,166666667;13,41161154;19,66297722;0,941403186;0,458603144;0
19167;15;5,601573075;23,66666667;12,93592746;19,66406441;1,04305626;2,792197824;0
19168;15;10,8472787;17;12,21587479;19,67778397;1,247190592;2,430292964;0
19169;10;13,28807751;24,5;11,4853615;19,6788826;1,217574057;2,775234461;0
19170;10;7,194009755;9,5;12,77904179;19,68434906;1,109453703;0,937571645;0
19171;10;5,74202992;6,153846154;11,53218687;19,68546486;1,006434885;0,100198984;0
19172;15;15,53709175;30,83333333;11,29831488;19,69438934;1,221009538;3,779832602;0
19173;15;5,891102929;8,166666667;12,43126826;19,70907402;1,096632328;0,793848276;0
19174;15;5,264045749;6,833333333;12,77232062;19,71363068;1,025300461;0,405213714;0
19175;15;8,186011269;13,16666667;11,53863578;19,71390915;1,11209836;1,456295967;0
19176;15;8,942443273;32,5;12,85111463;19,72111702;1,123977918;4,462900519;0
19177;15;4,3628649;5,666666667;14,12667325;19,72159004;0,990329112;0,10809648;0
19178;15;8,271517573;15,66666667;9,946143009;19,72167587;1,058699808;1,41772306;0
19179;15;3,383860284;6,5;12,16966517;19,72228622;1,028551061;0,457959771;0
19180;10;3,782159583;8;12,09041196;19,72563171;0,984912177;0,34599185;0
19181;15;4,38602393;5,666666667;12,12046421;19,72696114;1,022255689;0,158027649;0
19182;15;8,940002967;13,33333333;10,26814785;19,72758484;1,072396732;1,416511059;0
19183;15;8,164439562;13,33333333;12,49098524;19,73112869;1,159335842;1,869132638;0
19184;10;5,701680432;6,333333333;11,80076184;19,73255539;1,043213118;0,397170067;0
19185;15;4,266702215;21,5;11,25835236;19,73578644;1,282158049;3,784139037;0
19186;15;5,411420342;6,333333333;13,38665236;19,73911667;1,038069564;0,685006857;0
19187;10;5,415979377;6,333333333;13,48133638;19,74427986;0,9881036;0,261573911;0
19188;15;6,662076003;13,16666667;12,72453953;19,74507141;1,118258928;1,707064629;0
19189;15;6,493171454;7,666666667;11,97391877;19,74520683;1,019443416;0,453544259;0
19190;15;10,99212004;24,16666667;12,21538446;19,7478466;1,394173607;3,594588995;0
19191;15;9,013806194;15,33333333;9,776161361;19,74843407;1,056407537;1,552618623;0
19192;15;5,862983684;8,333333333;11,43581324;19,74938011;1,080180149;1,109557867;0
19193;15;4,624795203;9,666666667;10,94238482;19,75136375;0,995263089;0,732664108;0
19194;15;6,339804804;8;10,62051113;19,75200653;1,027534665;0,588549733;0
19195;15;8,161744444;12,83333333;10,50593164;19,75356674;1,105842644;1,377916336;0
19196;15;5,256908668;6,833333333;11,74238906;19,75738144;1,01305705;0,179631233;0
19197;15;8,306839887;14,5;12,64897883;19,76033401;1,136866783;1,546682954;0
19198;15;6,677971133;7,833333333;12,42034777;19,76134491;1,097574105;0,802144527;0
19199;15;4,661241414;5,166666667;13,1327737;19,76282692;1,003486026;0,159370422;0
19200;15;8,208584085;13;11,53548697;19,7654686;1,138596874;1,437030196;0
19201;10;8,820465269;13,5;10,14527863;19,76729202;0,982261231;0,965458989;0
19202;10;4,24330177;5,196078431;12,90863381;19,7680378;1,032199562;0,087391734;0
19203;15;10,20038426;34,5;10,89210454;19,76995087;1,052955566;3,180287361;0
19204;15;5,710340652;7;11,89746971;19,77366447;1,027283818;0,430717826;0
19205;10;8,946947432;11,5;11,37305881;19,77514839;1,075190347;0,97006011;0
19206;10;9,91049932;14,66666667;9,863797053;19,78464127;1,052654394;0,652897716;0
19207;15;3,816178736;28,66666667;10,99517268;19,78494072;1,02046821;2,350944757;0
19208;10;6,970739105;5,833333333;12,80352981;19,78778076;0,997582171;0,232609868;0
19209;15;6,738366859;15,5;10,68439253;19,78802681;1,044785662;1,243679762;0
19210;15;7,74468401;12,5;10,58028527;19,79165077;1,034075771;1,153160214;0
19211;15;9,863639394;18;11,04673717;19,79811668;1,238089798;2,430023909;0
19212;15;8,064747567;13,5;12,09904667;19,79912376;1,118039287;1,31231916;0
19213;10;7,835044444;8,666666667;11,9794237;19,80680656;1,070447644;0,784033418;0
19214;10;6,142813967;6,833333333;11,25357361;19,80795097;1,004574037;0,275376201;0
19215;10;5,213464297;10,83333333;11,74115832;19,80804825;1,028520247;0,703637719;0
19216;15;7,521219364;13;10,34224326;19,81049156;1,052141838;0,9962883;0
19217;10;25,84244556;66;10,39682603;19,8191433;1,217184398;7,489632726;0
19218;10;6,203091539;6,833333333;12,31825229;19,82234573;1,000475499;0,477244854;0
19219;15;11,03213451;23;11,75965908;19,82404709;1,179132714;2,670404196;0
19220;10;5,226936984;5,333333333;11,74247475;19,82433128;1,00222347;0,105457425;0
19221;15;8,13682413;13,66666667;11,12820683;19,82750893;1,388997489;1,830638051;0
19222;15;10,76324832;14;11,15481975;19,8292923;1,165536008;1,901479006;0
19223;15;6,901233651;7,833333333;11,78007381;19,83008385;1,066074292;0,829867125;0
19224;15;5,157819254;7,666666667;11,12038818;19,83605003;0,990236128;0,406971335;0
19225;10;8,297322411;10,5;11,57337731;19,83679962;1,042661966;0,758144498;0
19226;15;9,702474176;16,33333333;11,24531534;19,84036446;1,178632987;1,935920238;0
19227;15;8,741813026;13,33333333;11,60973526;19,84358406;1,099527629;1,254315495;0
19228;15;8,452855976;9,333333333;10,85696056;19,84740448;1,065502446;1,175076127;0
19229;10;12,04705611;16,83333333;12,64329439;19,85221863;1,140631687;2,182456851;0
19230;15;4,717005884;10,16666667;14,53938193;19,85234833;1,154542583;1,366827846;0
19231;15;4,074138145;26,66666667;12,2720675;19,854002;1,492027998;4,525977492;0
19232;15;5,665672756;11,66666667;12,0279392;19,85885811;1,045286489;0,925644994;0
19233;10;7,420708333;15,33333333;14,50353834;19,86029816;1,191420702;1,832109928;0
19234;10;8,082109549;8,333333333;12,25992877;19,86137009;1,08190661;0,892479897;0
19235;15;9,647725199;27,16666667;11,84157568;19,86626816;1,166175546;3,343135953;0
19236;15;11,84252341;19,33333333;10,65082982;19,87328911;1,24143704;2,556055665;0
19237;15;11,72091842;25,83333333;11,48472701;19,87918663;1,35116854;3,569320679;0
19238;10;4,873450273;5,166666667;13,18642323;19,8810215;0,99903537;0,044181585;0
19239;15;10,10789829;20;12,83092198;19,88130951;1,245313409;3,089456677;0
19240;10;5,329018569;7;13,43633641;19,88249969;0,973831521;0,355019569;0
19241;10;5,85863283;6,5;10,55233163;19,88923645;1,039494066;0,230710745;0
19242;10;5,337086111;6,166666667;12,51037693;19,89046669;0,623720363;0,111528397;0
19243;15;5,640629388;7,5;11,60395555;19,89344597;1,102321696;0,67276144;0
19244;15;4,066952026;5,333333333;10,16899586;19,89959335;0,985643381;0,100812078;0
19245;15;9,064550082;9,833333333;10,35847986;19,90306854;1,120285349;1,210575461;0
19246;15;4,975203547;9,5;14,52358652;19,90310669;1,070606764;0,95156908;0
19247;15;6,174406234;10,5;9,591712517;19,90419769;1,006047213;0,758307338;0
19248;15;5,608946437;9,166666667;12,7856304;19,9060936;1,062893295;1,117882967;0
19249;15;9,944115309;36,33333333;13,1031562;19,90775871;1,178445329;4,040403008;0
19250;10;6,203550562;7,166666667;11,66977792;19,91629982;0,998371508;0,269275546;0
19251;10;5,964777883;6,166666667;12,53192025;19,91983604;1,001560289;0,376499891;0
19252;15;3,79391975;19,83333333;11,13077027;19,92199707;1,122859278;1,784131646;0
19253;10;9,610309016;10,16666667;11,33787438;19,93079758;1,115485239;1,090029597;0
19254;15;7,493277617;13,33333333;11,34650364;19,9335537;1,070269041;1,241743326;0
19255;15;12,15899097;31,5;11,74439914;19,93710709;1,04365105;2,879165411;0
19256;15;8,524363997;19,33333333;11,6859994;19,94017982;1,12628571;1,742630601;0
19257;15;6,064937235;10;11,44526845;19,94034195;1,005047178;0,750729918;0
19258;15;6,699907663;10,16666667;12,2655223;19,94141006;1,064196761;1,062219143;0
19259;10;3,649342047;7;13,26644844;19,94804192;0,577070511;0,140689135;0
19260;15;9,260571049;13;9,0094269;19,95439911;1,105529502;1,446222782;0
19261;15;5,809812791;9,166666667;10,16515719;19,95455551;1,018077352;0,748406887;0
19262;15;3,418183974;6,333333333;12,43245115;19,96613312;1,032627782;0,568279505;0
19263;15;6,375414455;13,16666667;14,47054685;19,96675491;1,087950342;1,618684649;0
19264;10;5,983365033;6;11,20272056;19,97411919;1,020591502;0,325960755;0
19265;15;3,937715873;5,166666667;14,80711619;19,98049736;1,002398516;0,105516434;0
19266;15;4,328339137;5,833333333;10,97205358;19,98556137;1,144360488;0,177818418;0
19267;15;7,236416655;8,833333333;11,20859136;20,00115967;1,10880015;1,041675448;0
19268;15;7,976101189;11;10,63494867;20,00953674;1,121753898;1,260449767;0
19269;15;4,476630776;25,83333333;11,86728265;20,01357269;1,101252636;2,683509231;0
19270;15;5,288131295;34,33333333;11,6290546;20,01538849;1,54075062;6,237822652;0
19271;10;7,800092225;8,666666667;11,46889198;20,01778603;1,021351784;0,343338966;0
19272;15;4,828203667;6,833333333;12,83504016;20,02321243;1,036649187;0,468093395;0
19273;15;13,70876679;23,5;11,42719771;20,02600861;1,203636904;3,239112258;0
19274;15;5,629409369;25,33333333;11,22459302;20,02780914;1,096151907;2,621012688;0
19275;10;4,159815533;10;12,60170748;20,03900719;1,043552353;1,047408938;0
19276;10;6,413658473;7,166666667;12,81793425;20,03940201;1,054455143;0,493939757;0
19277;15;5,842324334;10,33333333;11,61725243;20,03996849;1,05279871;1,197552204;0
19278;10;6,509652784;7;11,9441178;20,04297256;1,011400175;0,421617389;0
19279;#N/A;7,355636293;8,333333333;11,76631981;20,04389381;1,093694408;0,869662285;0
19280;15;4,144716885;5,166666667;12,82691518;20,04879189;1,049195326;0,060299754;0
19281;15;5,668038234;7,333333333;11,99410698;20,04905891;1,038946839;0,651783824;0
19282;10;27,6990178;44;9,313738912;20,05125999;1,030206177;5,525710225;0
19283;15;13,34477697;30,16666667;12,40746949;20,05556297;1,123518667;3,260207176;0
19284;15;10,89053601;26,33333333;11,47165264;20,05935478;1,108236515;2,815167427;0
19285;15;14,35172268;24,33333333;10,61463205;20,06024742;1,40372301;3,817366838;0
19286;10;5,275098537;7,833333333;14,89457423;20,06033325;1,037266267;0,662485838;0
19287;10;9,005261316;14,16666667;10,75458063;20,06287956;1,019610383;0,809529185;0
19288;15;8,787296305;16,16666667;11,50687687;20,06503677;1,201377732;1,988983274;0
19289;15;3,620366582;9;12,39975599;20,06540298;0,959890592;0,457497716;0
19290;15;6,286393635;7,666666667;11,77093073;20,06999969;1,063243421;0,703822613;0
19291;15;9,970347128;14,16666667;13,17700509;20,07042503;1,355511592;2,53275156;0
19292;10;9,268355015;9,833333333;13,07020236;20,07122421;1,216142922;1,345528722;0
19293;10;5,083927779;5,666666667;11,67288899;20,08294868;0,997491826;0,159955263;0
19294;15;8,871642808;14,5;10,77519593;20,08512115;1,178938151;1,814911604;0
19295;15;6,699684381;8,333333333;11,73299442;20,08645248;1,051900578;0,873017311;0
19296;15;4,840224462;5,5;11,31319295;20,08693886;1,008988627;0,198637486;0
19297;15;10,51730644;22,33333333;13,0812789;20,09249878;1,303832845;3,392533541;0
19298;15;8,198797801;22,33333333;12,2535138;20,10212898;1,22434035;2,673988461;0
19299;15;14,889302;29,16666667;11,59096916;20,11088943;1,434925338;4,839315295;0
19300;15;5,704828658;8,166666667;13,75908328;20,11477852;1,068682119;1,143378019;0
19301;15;10,28706305;17;10,34205614;20,11512947;1,002891066;1,986383319;0
19302;15;4,325601563;5,833333333;14,71633276;20,12710762;1,025570664;0,360481381;0
19303;15;4,170119124;7,333333333;10,02657024;20,12789917;1,052863328;0,616762161;0
19304;15;5,923106582;7;10,09743869;20,13162994;1,06280695;0,515709639;0
19305;15;6,21490597;7,166666667;12,1824798;20,13441086;1,035615116;0,664221764;0
19306;15;4,174333169;5,333333333;12,21110226;20,1350193;1,000982716;0,083126545;0
19307;15;5,2502773;6,666666667;12,43605222;20,13690376;1,022915577;0,41972363;0
19308;15;8,028610339;13,66666667;11,83619091;20,13877106;1,15450322;1,80409956;0
19309;15;3,247306968;9,833333333;10,99509573;20,13949013;0,973622667;0,720635653;0
19310;15;5,696808654;12,33333333;12,10949672;20,14886093;1,156084734;1,971639872;0
19311;15;5,04863863;9,333333333;13,20583708;20,14977264;1,025733903;0,768628836;0
19312;15;11,69330635;25,33333333;11,4983193;20,15489578;1,287304219;3,325677276;0
19313;15;13,47852096;20,33333333;10,32257937;20,15773392;1,20217519;2,927076221;0
19314;15;8,164821437;13,16666667;12,29692557;20,15990639;1,05810661;1,502455473;0
19315;15;6,329393844;9,666666667;12,35643418;20,16037941;1,038798315;0,852788568;0
19316;15;4,40284048;5,833333333;10,75122597;20,16483307;1,002455952;0,174650669;0
19317;15;19,92471671;37;11,96087335;20,17050552;1,582777396;6,697427988;0
19318;15;23,45927983;46,66666667;11,99705049;20,17344666;1,259547998;6,956434488;0
19319;10;6,723480429;6,833333333;12,06062937;20,17409515;1,024029982;0,547376275;0
19320;10;7,680854306;11,66666667;11,62189631;20,18217278;1,027466177;0,294227839;0
19321;15;3,926049516;5,166666667;14,6168707;20,18282318;1,011314476;0,036558867;0
19322;10;7,960165919;10,5;11,20312629;20,18325806;1,0600552;0,947201848;0
19323;15;8,957444601;14,66666667;11,66482485;20,18413162;1,279587333;2,274077535;0
19324;15;5,02627361;7,333333333;8,11199395;20,18449211;1,004478834;0,295182824;0
19325;10;10,46969335;12,16666667;9,806727115;20,18612671;1,043695585;0,831070065;0
19326;15;12,25241039;23,5;11,15274493;20,18646431;1,263504642;3,010426283;0
19327;15;13,50038529;23,83333333;10,50454191;20,18939209;1,087224296;2,409865499;0
19328;15;3,305648544;10;10,75441834;20,1905632;1,03556933;0,867736578;0
19329;15;6,344940673;5,166666667;10,98099959;20,19259644;0,996071117;0,241667747;0
19330;10;6,652449502;13;13,18274129;20,19320869;1,004888032;0,958580732;0
19331;10;14,68748559;22,33333333;12,78427867;20,1995163;1,131114407;2,552342176;0
19332;15;10,90641758;23,66666667;12,19213438;20,20721245;1,314274291;3,586970568;0
19333;15;8,41068112;14,66666667;11,8377892;20,20785141;1,078927146;1,508504987;0
19334;10;3,942870234;14,83333333;10,96303572;20,21019363;0,905151484;1,003312349;0
19335;10;6,623453916;8,333333333;13,10190373;20,21119308;1,025231673;0,592288613;0
19336;15;6,234123943;10,33333333;11,19805976;20,21363068;1,196956014;0,954913974;0
19337;15;6,799375646;10,33333333;12,05749063;20,21750641;1,116330648;1,15486908;0
19338;10;6,966488885;7,833333333;11,241152;20,22112465;1,000697769;0,618813634;0
19339;15;3,538253658;6,333333333;13,21992992;20,2228756;1,01245173;0,216796756;0
19340;15;4,889439014;6,666666667;13,16574829;20,22369957;1,049983938;0,433406234;0
19341;15;4,308345421;14,33333333;11,93693882;20,22666359;1,196870938;2,146906734;0
19342;15;12,7022527;24,66666667;11,98250173;20,23275757;1,219275966;3,516378403;0
19343;10;5,385760153;7;12,77939404;20,23396683;1,01057054;0,272108793;0
19344;15;4,026340366;12,33333333;11,73815827;20,23517227;1,115324763;1,390010715;0
19345;10;9,069141681;17,66666667;13,03567819;20,23886299;1,131329125;1,958308339;0
19346;15;8,413563254;12,33333333;11,5498656;20,24147987;1,181292304;1,642358303;0
19347;15;10,88276114;19,5;11,32121087;20,24508858;1,128172197;2,052116275;0
19348;10;4,650534946;6,666666667;11,30293223;20,2480011;0,928369283;0,305638671;0
19349;15;5,378680342;6,833333333;11,41976176;20,24900818;1,027101906;0,451912642;0
19350;15;13,70803558;28,5;11,59610331;20,25143051;1,272458909;3,730625868;0
19351;15;11,21578437;19,33333333;11,99971971;20,25904083;1,229258043;2,745323658;0
19352;15;7,08086023;10,83333333;11,47539099;20,26300049;1,087068047;1,089209557;0
19353;10;8,947384504;13;9,51852936;20,26642609;1,086494693;0,902479172;0
19354;10;10,87008567;38,83333333;10,58693149;20,26719666;1,36255499;5,095265031;0
19355;10;5,117731375;5,5;12,72016916;20,26876068;0,9851857;0,136903286;0
19356;15;15,13946085;23,83333333;10,83606016;20,27219009;1,321866652;3,840784311;0
19357;15;7,000182921;10,83333333;10,69981426;20,27871704;1,041272478;0,839458227;0
19358;15;8,03694507;8,833333333;10,35824893;20,28043365;1,065448969;0,760959148;0
19359;15;11,55201019;18,83333333;11,52141166;20,28172493;1,239967462;2,498760462;0
19360;10;4,226753191;11,33333333;10,33977485;20,28350258;1,031355785;0,661550164;0
19361;15;6,367533684;9,333333333;11,66237558;20,28539848;1,04848815;0,889092803;0
19362;10;4,727626867;5,333333333;13,09780968;20,2911911;0,973534651;0,055523396;0
19363;15;14,70499453;24,66666667;11,94072997;20,29168129;1,323397145;3,730092168;0
19364;10;10,68492081;25;12,88827406;20,29637718;1,308842727;3,40340364;0
19365;15;6,846394026;11,83333333;11,10514875;20,30212975;1,041047998;1,204960704;0
19366;10;9,413979707;13;10,74449268;20,31613922;1,021875127;1,157940865;0
19367;10;8,064585284;10;12,07131069;20,32106781;1,024253637;0,985686898;0
19368;15;7,247919422;10,33333333;10,80073042;20,32371902;1,092960879;1,09288764;0
19369;15;7,304459473;20,66666667;10,34405249;20,32941246;1,209082465;2,391172051;0
19370;10;5,224000139;6,333333333;11,56654576;20,33728409;1,000460466;0,147490382;0
19371;15;7,377897929;18,33333333;11,20870224;20,3379631;1,118572409;2,138570428;0
19372;15;5,996187748;9,166666667;12,00877287;20,33823013;1,073043292;0,751844168;0
19373;15;3,420137461;10,66666667;11,98958597;20,33880043;1,122368806;1,394404054;0
19374;15;8,635825683;36,83333333;10,73696074;20,3406105;1,19973022;4,503067136;0
19375;15;3,429180022;6,777777778;12,06599068;20,3464756;0,999232535;0,280636668;0
19376;15;11,16768449;21,33333333;11,00495513;20,34756088;1,141251734;3,616640449;0
19377;15;9,455886381;14,33333333;10,67068538;20,35498047;1,154824594;1,753386021;0
19378;15;11,83579711;23,66666667;12,90370931;20,35580635;1,355586563;4,222177029;0
19379;10;5,888414956;7;11,33567997;20,35754776;0,999854945;0,301101446;0
19380;10;7,254268106;11,16666667;13,37415395;20,35914612;1,111757598;1,375463009;0
19381;15;9,652301371;20,66666667;11,70560248;20,36497307;1,220085285;2,569354773;0
19382;15;12,29041794;30;12,97856344;20,36655617;1,464642551;5,204013586;0
19383;15;7,009634608;10,66666667;10,25873119;20,36706352;1,002182538;1,0401721;0
19384;15;9,207983563;15;9,789759547;20,37140846;1,032671639;1,347713351;0
19385;15;12,05261735;35;9,909842007;20,37173653;1,063994436;3,674600244;0
19386;15;9,636990643;14,33333333;11,09095219;20,37288094;1,115255926;1,674867988;0
19387;15;3,95760998;13,83333333;10,97128756;20,37770462;1,10661715;1,471215487;0
19388;15;15,04303354;37,66666667;11,8436543;20,37893486;1,089152987;3,697607398;0
19389;15;3,840829657;16,16666667;12,42436035;20,38068581;1,185320867;1,984130263;0
19390;15;10,3872426;24,83333333;12,5613335;20,38129425;1,346536288;3,4079777;0
19391;15;6,25753462;7,833333333;10,33463944;20,38872719;1,064918416;0,75713551;0
19392;15;15,77207094;25,83333333;9,67746475;20,38963127;1,052404834;3,245493531;0
19393;10;7,765371629;9,333333333;13,16403612;20,3897438;1,016652568;0,893918991;0
19394;15;9,648831362;10,16666667;10,81015433;20,39087486;1,129223136;1,298996806;0
19395;15;7,520281468;8;11,61575426;20,39141083;1,114211259;1,166142225;0
19396;15;8,514123198;29,16666667;12,7637525;20,39466858;1,041646057;2,626554489;0
19397;15;8,9517509;22,5;8,977620114;20,39739799;1,034286316;0,310347199;0
19398;15;4,747582728;6;12,80218004;20,39830971;1,008531674;0,262440205;0
19399;15;10,27873184;16;10,98613436;20,40262985;1,167331542;2,132263184;0
19400;10;6,251904272;9;11,54326634;20,4043026;1,022025206;0,661184788;0
19401;15;7,493940059;9;12,02148761;20,41963768;1,111444292;1,776513577;0
19402;15;7,70662585;14,5;11,37318656;20,42257309;1,016331973;1,31185317;0
19403;10;6,72278452;7,333333333;11,64661882;20,42470169;0,996584584;0,531420112;0
19404;15;10,86568022;17,5;11,24217994;20,43305588;1,168543711;2,246041059;0
19405;10;9,903413954;13,83333333;11,30561088;20,43966293;1,136197861;1,469602227;0
19406;10;5,075896173;5,166666667;12,27509771;20,43972778;0,95687259;0,025231719;0
19407;15;16,16150916;34,5;10,90992857;20,4464035;1,390453482;5,553323865;0
19408;15;9,696754664;33,83333333;11,72252403;20,44685364;1,135032684;3,401058793;0
19409;10;5,983691339;7,166666667;11,16402355;20,45189476;1,105442471;0,280829906;0
19410;15;18,07592384;28,5;10,76408517;20,45755577;1,601310396;5,316569448;0
19411;15;5,111012266;8,5;13,67324672;20,46242905;1,096624741;0,787541509;0
19412;10;10,72476637;16;11,65873544;20,46410942;1,150601741;1,715606689;0
19413;15;11,36281177;24,83333333;11,55274145;20,46862411;1,10753611;2,991291642;0
19414;15;8,420843594;15,5;11,77705251;20,47027016;1,094978515;2,379786849;0
19415;15;6,110383376;9;11,13093928;20,47623253;1,05744072;0,782878399;0
19416;15;7,088171306;11,33333333;11,35915789;20,48286819;1,041619087;1,026781917;0
19417;15;7,434117669;10,5;12,13619111;20,48572159;1,11173128;1,05017364;0
19418;15;8,341413417;17,66666667;12,71922755;20,48890686;1,212582648;1,834310532;0
19419;15;8,419209091;14,16666667;12,04027124;20,49043846;1,121152151;1,689617991;0
19420;15;3,457032378;6,833333333;12,94543477;20,50167465;1,031864935;0,443039179;0
19421;15;3,225498192;5,166666667;12,6801745;20,5068779;0,994293445;0,181451201;0
19422;15;16,98800602;27,33333333;9,308276197;20,50830078;1,226337044;3,535406232;0
19423;10;8,152191184;8,833333333;11,37445401;20,51832962;1,023526887;0,723382592;0
19424;15;4,269011489;5,833333333;11,03105936;20,51901245;0,99164897;0,169046998;0
19425;15;8,976323178;17,16666667;10,26927071;20,51979065;1,159743197;1,809942842;0
19426;15;26,53274737;85,5;10,70994318;20,52170563;2,777068912;21,9473381;0
19427;15;9,558576466;16,33333333;10,2911647;20,52209282;1,064771662;1,516471744;0
19428;15;8,405072219;7,666666667;12,04161544;20,53154755;1,055448045;1,10261941;0
19429;15;7,383442819;11,16666667;13,15002873;20,53634644;1,121110934;1,380048752;0
19430;15;3,877380551;10,16666667;11,1267806;20,53651047;1,069851975;0,917257905;0
19431;10;5,174481882;5,666666667;11,6542492;20,54323769;1,00037543;0,117203951;0
19432;15;6,914243171;12,33333333;11,24746671;20,54442215;1,045075148;0,741465688;0
19433;15;5,388601256;7,333333333;9,758141054;20,54846382;1,14827062;0,444023371;0
19434;15;8,297210088;13,5;9,55638235;20,5532341;1,146149782;1,658362627;0
19435;15;5,204935861;7;12,06712235;20,55582428;1,066004961;0,672943711;0
19436;15;8,411153683;13,83333333;10,67151472;20,55764961;1,202934841;1,725896478;0
19437;15;4,985279293;29,83333333;11,71606704;20,5661869;1,3666386;4,452825665;0
19438;10;5,641660241;6,5;12,667774;20,56709671;0,999645302;0,414592624;0
19439;15;21,28009365;53,66666667;10,69674269;20,56766701;1,632092849;8,648699522;0
19440;15;8,22881049;10,83333333;12,101541;20,57039833;1,117431641;1,42390883;0
19441;15;9,071591235;10,5;11,38067969;20,57139206;1,158992034;1,443139911;0
19442;15;5,350316441;7,333333333;11,40296517;20,57169724;1,016589099;0,548524141;0
19443;15;12,53875673;21,66666667;9,696073585;20,58037758;1,276877259;2,950538278;0
19444;10;5,138618934;7,5;13,47907596;20,58940887;0,654981301;0,273820758;0
19445;15;9,911945823;17,66666667;11,11786419;20,59283638;1,245971548;2,300967216;0
19446;10;4,59004394;5,166666667;13,21704198;20,60073471;0,877980132;0,013005853;0
19447;15;8,341966749;13,66666667;11,2993486;20,60464668;1,181771201;1,645739555;0
19448;10;6,530374127;8,166666667;11,99033856;20,60956192;1,041144985;0,600240707;0
19449;15;5,769793552;11,16666667;12,98021926;20,61250687;1,093668873;1,37884438;0
19450;15;6,388274828;9,5;13,35463804;20,61386299;1,095816526;1,405926704;0
19451;15;6,374930276;10;11,94789491;20,6140728;1,050575477;0,822758436;0
19452;15;7,355399771;18,5;11,68785773;20,61966324;1,340326947;2,394062281;0
19453;15;3,882143474;5,666666667;10,54732126;20,62217712;0,979598767;0,191464067;0
19454;15;6,027440136;7,833333333;13,32132609;20,63027382;1,103121811;1,355678201;0
19455;15;12,26043739;29,33333333;11,4000724;20,63152885;1,453000005;4,953669906;0
19456;15;6,587730073;14,16666667;13,20150944;20,63412285;1,090478425;1,880395293;0
19457;15;5,321795215;9,5;14,53521127;20,63558769;1,11228551;1,441658378;0
19458;15;7,480997782;12,66666667;11,61104545;20,63923454;1,059120198;0,98635745;0
19459;15;7,844467136;13,33333333;12,06891072;20,65104675;1,142608288;2,378531337;0
19460;10;6,810970799;9,5;11,71330709;20,65281105;1,100424199;0,832192779;0
19461;15;11,92332501;28,16666667;11,82161961;20,65363312;1,345070978;4,030803084;0
19462;10;6,215720837;14;14,66088797;20,65486717;1,173118727;1,623766541;0
19463;15;6,469507115;6,833333333;10,78654862;20,6641922;1,11606203;0,605960369;0
19464;15;4,172611799;9,833333333;11,37121554;20,66760635;1,027772962;0,686546922;0
19465;15;3,203837668;6,666666667;9,524102975;20,66827393;0,986103933;0,205938816;0
19466;15;9,293447191;29,66666667;12,59777332;20,6727066;1,326159706;3,478655338;0
19467;10;6,977753092;10,5;11,87410841;20,68144035;1,007403566;0,172431469;0
19468;10;7,523203412;9,333333333;12,97163368;20,68559456;1,063044058;0,894678354;0
19469;10;5,617432952;5,833333333;10,01402612;20,68824577;1;0,20876646;0
19470;15;8,131862332;27,83333333;11,31449655;20,69285011;1,406186944;4,070818305;0
19471;15;7,896022758;13,83333333;11,16983828;20,69610405;1,196065943;1,649447203;0
19472;15;13,05220668;19,16666667;10,2920606;20,69729424;1,191963913;2,504808068;0
19473;10;7,227897317;15;11,14095453;20,7005043;1,00444309;1,260223389;0
19474;15;7,9791854;17,5;12,76843001;20,70131493;1,105135037;1,776862383;0
19475;10;4,977375773;5,166666667;12,33359636;20,70532417;0,966553091;0,03430891;0
19476;15;6,831643363;9,166666667;11,54078681;20,70803261;1,104129511;1,325030446;0
19477;10;5,615548317;6;9,735207189;20,71037865;1,054128976;0,164712667;0
19478;15;10,00545024;21,66666667;11,51364982;20,72131538;1,226393409;2,862468958;0
19479;15;3,40653082;6,666666667;11,94120996;20,7256012;1,029809659;0,593371868;0
19480;15;7,735649129;14;10,36161644;20,72883034;1,098843436;1,485653758;0
19481;15;7,128048299;24,66666667;12,29730775;20,73277283;1,105931556;2,739041209;0
19482;15;9,88635928;15,83333333;11,70431371;20,73286057;1,16054418;2,057777643;0
19483;15;8,845711366;15;11,47341515;20,7360611;1,213967185;2,16344893;0
19484;15;4,655227947;5,666666667;12,92462055;20,7383976;1,037391639;0,260632515;0
19485;15;5,207526899;11,16666667;14,67509824;20,74934006;1,131076759;1,796822429;0
19486;15;8,965935695;17,33333333;12,472118;20,74948311;1,196809284;2,301499605;0
19487;10;11,72315277;26,66666667;12,20680242;20,75831032;1,226285535;3,375856519;0
19488;10;6,819421118;22,83333333;10,96698407;20,76275826;1,235988881;2,839316726;0
19489;15;9,103129307;20,66666667;12,10189056;20,76432037;1,118653838;2,594074726;0
19490;15;4,625510127;15,16666667;11,58210309;20,7706089;1,198397585;2,328036189;0
19491;15;6,203640533;9;11,37480308;20,7719574;1,010665749;0,690548182;0
19492;15;13,57615648;24,16666667;11,17934564;20,77534866;1,315977852;3,790773273;0
19493;15;4,760313148;6,166666667;11,27589789;20,77828979;1,003381609;0,324851513;0
19494;15;15,26485368;43;11,38409762;20,77837563;1,698245957;7,843010545;0
19495;15;3,383595785;9,333333333;10,14678876;20,78318977;1,019913357;0,627617717;0
19496;15;3,633804032;5,166666667;13,14267543;20,78580284;0,987039652;0,244190693;0
19497;10;5,444276152;6,833333333;13,09805321;20,7868309;0,983305133;0,324008703;0
19498;10;5,76541015;6,833333333;12,62680186;20,78854179;1,020578972;0,234495997;0
19499;15;10,27258829;14,66666667;11,35076373;20,79231071;1,108164244;1,752220035;0
19500;15;5,089741132;17;13,4846546;20,79563332;1,051627684;1,918565512;0
19501;15;10,28348146;17,33333333;10,8353652;20,79898643;1,054555408;1,412039399;0
19502;15;7,268140629;11,66666667;10,92165695;20,80871964;1,102695331;1,101556182;0
19503;15;9,998213814;19,16666667;10,74428225;20,80947495;1,175527378;2,806887627;0
19504;15;10,91902361;21,16666667;11,38201809;20,81433487;1,169968804;1,63503015;0
19505;10;5,617567514;6,833333333;10,71311643;20,8200016;1,017928153;0,301145911;0
19506;15;11,89574947;21,16666667;12,38856578;20,82056999;1,284176804;3,019600272;0
19507;10;8,488031125;13,16666667;12,53056646;20,82251167;1,082584695;1,191712022;0
19508;15;13,73148499;26,66666667;11,2420003;20,82610703;1,277641767;3,394545913;0
19509;10;5,049856857;9;10,9038428;20,82791519;1,038578361;0,656257749;0
19510;10;8,233053319;20,5;10,14797658;20,83713913;1,025388392;1,898516297;0
19511;10;4,794038889;5,166666667;12,7288456;20,84177589;0,998541451;0,052729249;0
19512;10;7,495638763;11;11,92081549;20,84229469;1,085194111;1,145676613;0
19513;15;6,618155817;14,33333333;11,8196852;20,86862183;1,061484904;0,410374045;0
19514;15;4,921023435;5,333333333;12,01793664;20,86958694;1,002465314;0,042891502;0
19515;15;11,35299632;22,66666667;11,29732198;20,87425804;1,092705667;2,449235559;0
19516;15;4,616832503;6,166666667;12,36544452;20,87551689;1,013098723;0,334133387;0
19517;15;10,5616766;22;11,22302459;20,8771553;1,124231536;2,33065784;0
19518;15;10,24031548;24,16666667;12,83818001;20,88106918;1,340339005;4,288242102;0
19519;10;9,549920833;10,83333333;11,93954937;20,88126183;1,0757551;1,278441548;0
19520;15;4,094334625;5,333333333;13,10882428;20,88485146;0,955470627;0,082161546;0
19521;15;5,833318518;8,333333333;12,70756307;20,88490677;1,02899151;0,520648241;0
19522;15;6,362215301;6,5;10,33712549;20,88762093;1,021384178;0,507003546;0
19523;15;4,644895688;5,5;12,46155916;20,88915825;1,00742705;0,223269701;0
19524;15;5,325139745;5,196078431;12,774088;20,88923264;1,000879527;0,113350987;0
19525;15;8,675206647;12,83333333;12,59387944;20,8954792;1,195611561;2,139359713;0
19526;15;4,524585337;5,666666667;10,8900424;20,9017067;1,002846998;0,156228185;0
19527;15;10,31099517;17,5;12,49289265;20,90332222;1,198603618;2,701468825;0
19528;15;8,761871474;14,5;12,349581;20,90871811;1,16058737;2,115564942;0
19529;10;5,473483949;5,666666667;12,76211683;20,90905571;0,989280798;0,143314362;0
19530;10;5,752304796;6,833333333;10,75568669;20,90947151;0,989897832;0,262082219;0
19531;15;5,060855011;6,777777778;11,7297108;20,91096687;1,026291503;0,402730823;0
19532;10;6,537190922;14,83333333;13,35628457;20,91114998;1,026119043;1,220047712;0
19533;15;18,02170735;41,83333333;11,66964937;20,91130066;1,482773161;6,408003926;0
19534;15;4,947493558;6,166666667;13,11799598;20,92162895;1,042625991;0,56923008;0
19535;10;6,849804049;8,333333333;9,825103087;20,92724991;0,990832093;0,509851456;0
19536;15;6,957295401;12,33333333;12,27157601;20,93985176;1,063146631;1,383859634;0
19537;15;5,429888258;7,666666667;11,31007206;20,94205093;1,018205922;0,279941082;0
19538;15;5,003054996;6,5;11,97440567;20,9437542;1,055510022;0,67199409;0
19539;15;6,258685682;8,833333333;11,85812084;20,9476223;1,092981446;0,886596084;0
19540;15;6,465270202;9,333333333;12,46207914;20,94831085;1,052739272;0,946908355;0
19541;15;3,644281938;6,5;13,74063318;20,95051003;1,051466676;0,631676555;0
19542;15;7,229431674;9,333333333;10,958976;20,95866585;1,056481009;1,003659487;0
19543;15;4,738159461;6,666666667;13,14573648;20,95871544;1,009268119;0,31887269;0
19544;15;13,54738915;39,66666667;12,92709958;20,96103287;1,474794605;5,867407084;0
19545;15;7,81244123;13,16666667;11,7807907;20,9651413;1,078888874;1,393815875;0
19546;10;8,260968271;11,16666667;10,54141799;20,96787453;1,003985537;0,671845675;0
19547;15;3,362186737;7;12,00808234;20,97112083;1,042716142;0,834574103;0
19548;15;5,584357367;7,666666667;11,82267303;20,98645401;1,049396044;0,797662616;0
19549;15;4,731491922;8,333333333;13,53829297;20,98783302;1,041862712;0,982268453;0
19550;15;8,069065818;14,33333333;11,66283607;20,99797249;1,179036268;1,865047097;0
19551;10;10,95025416;12,66666667;10,5975187;20,99918556;1,097130171;1,35090971;0
19552;15;12,25483073;20,5;9,664037849;21,0063839;1,176762071;2,774216771;0
19553;10;7,963333527;13,16666667;13,04829744;21,01095581;1,075100272;1,358194232;0
19554;15;3,376782688;7,333333333;13,16881557;21,01544762;1,005437898;0,615135789;0
19555;15;6,566168932;23,16666667;11,35670623;21,0185318;1,158230624;2,481502771;0
19556;15;7,233955597;9,666666667;11,5213425;21,03466225;1,115702615;1,192421913;0
19557;15;6,874316116;11;11,13636047;21,0349617;1,076125524;1,15218246;0
19558;15;9,645692378;20,83333333;11,73050734;21,0446949;1,24681557;3,062172413;0
19559;15;11,74340668;22,66666667;11,19899349;21,04878235;1,305119676;3,193918705;0
19560;15;9,249563255;18,33333333;11,41899751;21,04889297;1,208875143;2,366546512;0
19561;15;10,15737057;18,83333333;12,25260541;21,0585556;1,264527124;2,885202169;0
19562;15;11,15661057;22,83333333;10,93502316;21,06270409;1,127054426;2,776956916;0
19563;15;10,99831896;30,33333333;12,61355359;21,06567001;1,296103664;3,891813755;0
19564;15;12,6916254;27;10,87169916;21,06856728;1,076986759;2,666145921;0
19565;15;8,717961574;21,33333333;10,51098372;21,07181168;1,152154609;2,721475363;0
19566;15;5,160180188;7,666666667;10,05491027;21,07699394;1,004843813;0,168357491;0
19567;15;5,933611074;9,666666667;12,74171666;21,08026695;1,042287555;1,034064412;0
19568;15;4,772830558;5,833333333;13,35678885;21,08761597;0,969810667;0,23911643;0
19569;15;5,85782468;12,83333333;12,20412501;21,08935356;1,061836108;1,444792509;0
19570;15;11,45142578;20,66666667;10,98886175;21,09668732;1,070644273;2,292828321;0
19571;15;6,512903923;11,16666667;12,84775669;21,097229;1,089211168;1,463311672;0
19572;15;5,422809861;10,16666667;12,11698085;21,09975052;1,073030183;0,881942391;0
19573;10;7,329768977;9,5;12,22421255;21,10199547;1,028053891;0,919445038;0
19574;15;4,173016451;8;14,09454789;21,10506439;1,087341497;1,082595229;0
19575;10;10,73548065;15,66666667;13,06866748;21,1060791;1,127439222;1,937031865;0
19576;15;9,078739244;15,5;12,17070894;21,10705566;1,16594077;2,355081439;0
19577;10;9,65298509;18,66666667;11,44416763;21,10845375;1,110861027;1,79255259;0
19578;15;6,283027571;20;12,85597219;21,1256485;1,093071951;2,696362138;0
19579;15;7,498993025;10,83333333;9,755141366;21,13020706;1,007862212;0,968704939;0
19580;15;7,919438506;11,66666667;10,54117011;21,13131905;1,094090405;1,287838936;0
19581;10;11,55096951;18,83333333;12,23903886;21,13319778;1,139469891;2,744632483;0
19582;10;10,7148399;34,66666667;12,83475227;21,13633347;1,046922044;3,642941475;0
19583;15;10,00048195;19,83333333;11,88316187;21,14066887;1,357107528;3,13243556;0
19584;10;5,68328085;6,666666667;9,010528817;21,14505768;0,999279904;0,223869801;0
19585;15;4,42050171;5,166666667;12,8349527;21,15079308;1,006048523;0,113232255;0
19586;10;9,8405834;18;12,19536967;21,1570816;1,117284915;1,676630139;0
19587;10;11,49953582;13,83333333;11,41196704;21,16275597;1,151625645;1,76010251;0
19588;15;7,475134018;13,5;10,52491447;21,16653252;1,150178163;1,615912795;0
19589;#N/A;4,965534201;5,166666667;12,7514126;21,17592239;1,001488445;0,032271504;0
19590;15;7,259414923;15,16666667;11,03934333;21,17648125;1,021442821;1,279612541;0
19591;15;4,684079827;6,333333333;13,54806525;21,17902565;1,04039207;0,319169641;0
19592;15;5,834115299;10,66666667;11,83639218;21,18142128;1,059953952;1,170577526;0
19593;10;4,76895139;6,5;14,63903851;21,18151283;1,004978463;0,27983427;0
19594;15;7,884843063;8,333333333;9,616242321;21,18530464;1,007263499;0,784844995;0
19595;10;12,64143097;34,83333333;10,57791966;21,20018005;1,130934264;3,50824666;0
19596;15;7,058954619;11,83333333;13,87593295;21,20234871;1,115067944;1,561939716;0
19597;15;10,66797464;37,16666667;13,21995623;21,20628548;1,001789391;3,402361035;0
19598;15;3,980516685;5,833333333;14,01215375;21,2093277;0,997905719;0,196371794;0
19599;15;8,388992997;13,66666667;12,02752802;21,21226501;1,161999513;1,91885519;0
19600;15;6,292494713;10,5;11,99159475;21,21300316;1,065850173;1,05810523;0
19601;15;4,337002789;33,16666667;11,14345586;21,21524048;1,395921082;5,261284113;0
19602;15;11,0246145;17,33333333;9,829012106;21,23169136;1,190038578;2,288374066;0
19603;15;8,421966528;20,66666667;12,38661394;21,23563194;1,191239289;2,127755761;0
19604;10;5,662686121;5,333333333;12,88159298;21,23823166;1,001577365;0,358497024;0
19605;15;4,284118612;24,16666667;10,85722552;21,24155998;1,323993724;3,517271996;0
19606;15;6,664070463;10,16666667;11,42352456;21,2434845;1,05984559;1,035278916;0
19607;15;3,388064635;6,833333333;12,26056345;21,24671555;1,008550264;0,38898325;0
19608;15;5,765661997;7,333333333;10,64151162;21,2492733;1,0322291;0,54746604;0
19609;15;4,272246451;5,166666667;12,66378375;21,25487137;1,003631774;0,114833355;0
19610;15;3,676465441;7;12,7433077;21,25684738;1,070211989;0,995788813;0
19611;15;6,06386225;9,333333333;11,83376248;21,25720024;1,085785668;1,110093832;0
19612;15;5,72865528;8,833333333;11,91107389;21,26235199;1,046476999;0,77131021;0
19613;15;11,77992089;19,33333333;11,20268586;21,26301193;1,244822525;2,964728117;0
19614;15;9,835759144;15,5;11,99028847;21,26588821;1,199437511;2,741802812;0
19615;15;6,435380445;9,166666667;11,23866509;21,26915169;1,033935524;1,020705819;0
19616;15;7,383509038;11,33333333;11,65552034;21,27105904;1,072650907;1,176013112;0
19617;15;6,369991225;14;12,04722272;21,27427483;1,003478362;1,270860672;0
19618;15;4,581123785;30;11,21156168;21,28203201;1,199177756;3,316712022;0
19619;15;8,707700361;13,66666667;11,88322472;21,28429985;1,130790241;1,725933194;0
19620;10;6,211458827;6,833333333;12,13253004;21,28812027;0,963405645;0,537354112;0
19621;15;6,831728274;9,5;9,962999281;21,29480553;1,03930976;0,821913004;0
19622;15;5,348275833;6,666666667;12,23100659;21,2961216;1,032679678;0,562844038;0
19623;15;10,4607425;24,77777778;12,12716341;21,30692673;1,090112489;1,877591491;0
19624;15;4,345109454;9,666666667;14,68937136;21,3168087;1,029813974;0,787079096;0
19625;10;6,580763068;5,833333333;11,1705354;21,32086563;0,93448192;0,312523246;0
19626;10;6,926318173;9,5;11,29561497;21,33757782;1,026136929;0,477346659;0
19627;15;3,340366636;8,333333333;12,85732367;21,33854485;1,098423501;0,921270967;0
19628;15;3,853928408;17,5;14,6621159;21,34064865;1,192543995;3,078348517;0
19629;10;8,292254224;8,166666667;12,18336487;21,34075546;1,059078675;1,072140098;0
19630;10;7,522843352;15,16666667;12,01825727;21,34170151;1,099083622;1,564133048;0
19631;15;4,02495286;5,5;14,31576096;21,34185219;0,998479087;0,090192556;0
19632;15;6,573188659;11;10,7934019;21,34490585;1,03208998;1,017076731;0
19633;15;5,948893648;8;13,08237524;21,34615898;1,08346398;1,07977581;0
19634;15;24,70090458;75,83333333;11,12586723;21,34883499;1,123890249;8,128491402;0
19635;15;4,701094331;5,588235294;12,82517718;21,35117531;1,013282278;0,172425985;0
19636;15;10,67823791;13,66666667;12,36750017;21,35263443;1,196140267;2,423302531;0
19637;10;4,748148604;5,166666667;11,2253303;21,3527813;0,971685972;0,038436294;0
19638;15;6,892031123;12,16666667;12,0336679;21,35474396;1,07527573;1,260296822;0
19639;15;7,825250781;10,83333333;11,62236681;21,35986137;1,1381769;1,416526198;0
19640;15;3,962669116;5,166666667;11,4173614;21,36051369;0,997682695;0,030696511;0
19641;15;7,537362149;13;10,94925488;21,36492538;1,132192987;1,556997418;0
19642;10;5,948768356;17,83333333;13,00529624;21,36517525;0,97956516;1,315026999;0
19643;15;7,964916145;11,66666667;9,833652023;21,37279129;1,052136877;1,335582852;0
19644;10;7,356946142;10;10,41202908;21,37880898;1,007900892;0,863176942;0
19645;15;3,58198898;5,833333333;10,9571651;21,38268852;0,984180162;0,301775336;0
19646;15;13,99649878;29,16666667;9,758431471;21,39011955;1,144505122;3,37049222;0
19647;15;4,101352889;5,5;11,48057111;21,39182091;0,964496556;0,089990616;0
19648;15;7,071769975;9,333333333;11,77597484;21,39432907;1,13964205;1,178857327;0
19649;15;5,223173015;6,666666667;11,61152534;21,39553642;1,003074266;0,491827011;0
19650;15;6,835572191;9,5;11,73340828;21,39711761;1,175094319;1,25230372;0
19651;15;4,077614129;5,166666667;13,58720233;21,40058899;1,001200924;0,05501008;0
19652;15;7,366478681;7,833333333;14,33457914;21,40718269;1,074911408;1,049654245;0
19653;15;11,47539003;22,33333333;10,94864598;21,41301346;1,135127342;2,823681235;0
19654;15;9,775839051;13,66666667;10,58389392;21,41382599;1,112996184;1,654399395;0
19655;15;4,973382897;6,666666667;13,35877724;21,41527748;1,019570094;0,498890281;0
19656;10;9,709383293;16,77777778;12,52746432;21,42099762;1,015689598;1,101625443;0
19657;15;7,565263105;13,83333333;12,48295238;21,42259216;1,07820274;1,707311511;0
19658;10;6,688690944;9;12,37942069;21,42873192;1,042151794;1,054532409;0
19659;15;6,787697493;9,666666667;11,87135584;21,43064117;1,146616428;1,267228603;0
19660;15;5,37543727;7;12,49674049;21,43200874;1,042077992;0,688536406;0
19661;15;10,9391733;19,16666667;12,02515965;21,43225098;1,139415322;2,448975921;0
19662;10;5,127170717;6,833333333;11,72352002;21,4361763;0,925605591;0,226435781;0
19663;15;6,362641517;12;12,72708816;21,4395237;1,125581841;1,171781301;0
19664;15;10,17743519;20,16666667;11,55694487;21,44586563;1,134451331;2,426760674;0
19665;15;7,972862065;13,5;12,8155118;21,44872284;1,202941311;2,021375179;0
19666;15;7,18397774;10,66666667;11,84859744;21,44979286;1,129307007;1,722650528;0
19667;15;7,356201063;11,66666667;12,07904441;21,46652412;1,116642805;1,373154044;0
19668;10;6,745916134;11,16666667;11,08420539;21,46805763;0,952724695;0,808277249;0
19669;10;4,747334992;6,666666667;13,06856273;21,47276878;0,822966181;0,246852398;0
19670;15;9,455657942;24,66666667;11,3380595;21,47787476;1,208217477;3,158496022;0
19671;15;5,990545885;9,5;12,35273321;21,48015785;1,091415956;0,893725395;0
19672;15;6,194156181;10;12,62207027;21,48066902;1,075869307;1,210064292;0
19673;15;5,171861145;7,5;13,20743418;21,48306274;1,047473529;0,562690973;0
19674;15;7,398650694;13,16666667;11,82300003;21,4838295;1,134067346;1,821764827;0
19675;10;13,0276132;19,09836066;9,82939926;21,48795319;1,071966783;2,06664145;0
19676;10;8,210647504;11;13,26912805;21,49178505;1,112499746;1,682637691;0
19677;10;6,134687966;7,5;10,71690028;21,49229431;1,00159962;0,39945662;0
19678;15;6,31245;9,333333333;11,81599996;21,49401093;1,040341259;0,905791044;0
19679;15;8,018749905;12,83333333;10,0167314;21,49432373;1,071659571;1,41118145;0
19680;10;5,064610272;6,166666667;13,26412063;21,49447441;1,004112693;0,275887251;0
19681;10;7,781968056;7,333333333;11,80265174;21,49639893;1,027317878;0,765934348;0
19682;15;5,242885199;7;12,6248665;21,50111771;1,028160731;0,354017377;0
19683;15;8,707737151;15,83333333;11,72828537;21,50475883;1,116120281;2,054614425;0
19684;15;3,341572703;6;12,67031854;21,50481033;1,006854201;0,231595755;0
19685;15;10,25144711;19,33333333;12,09232118;21,50632858;1,177686676;2,527633429;0
19686;15;16,21536035;30,16666667;12,39590593;21,51733017;1,382328062;5,675400019;0
19687;10;6,335838156;8,5;12,0641233;21,51897049;1,001033395;0,432377338;0
19688;15;11,14470868;26,83333333;12,25636998;21,52173805;1,402769325;4,062457085;0
19689;10;8,760543045;11,66666667;11,44210376;21,52372169;1,04407064;1,015744448;0
19690;15;5,618876748;6,666666667;12,3387999;21,52402496;1,046825027;0,542536497;0
19691;10;9,3636213;18,66666667;12,94615076;21,52811623;1,207878608;2,657757163;0
19692;15;5,807347686;10;12,86646038;21,52865982;1,086989181;1,362969756;0
19693;15;10,54612845;24;12,42637166;21,53006363;1,264623717;3,558722258;0
19694;15;6,834781528;12,33333333;12,44045512;21,53572464;1,126210684;1,785428047;0
19695;15;8,800786641;16,66666667;12,34671909;21,54125977;1,182926829;2,333706141;0
19696;10;12,84132325;18,83333333;10,52954225;21,54726028;1,256655555;2,13311398;0
19697;15;5,032178212;5,833333333;12,40871299;21,54803658;1,018272273;0,429018378;0
19698;15;8,903939293;14,5;10,84459958;21,55133438;1,090535527;1,620674968;0
19699;15;7,399862606;14,66666667;12,51386025;21,55361176;1,200537574;2,097845793;0
19700;10;10,50185228;22;11,23555997;21,56496811;1,011779314;1,987979889;0
19701;10;14,664871;30,33333333;10,88633911;21,57636452;1,349754184;3,738410473;0
19702;15;4,296418064;5,333333333;11,51677353;21,57678032;1,011261775;0,13696456;0
19703;10;3,894159493;12,16666667;12,13087882;21,5837307;1,028801853;0,978440404;0
19704;15;4,340771226;5,5;14,50858862;21,58794594;1,012714603;0,149223447;0
19705;15;7,841665831;13,83333333;12,45185852;21,5880146;1,070531784;1,561715841;0
19706;15;9,918704274;21,83333333;12,18728871;21,5945549;1,326555891;3,697024703;0
19707;15;4,99395674;8,333333333;13,13656952;21,59703064;1,064979011;1,071189642;0
19708;#N/A;6,506369728;7,166666667;11,57500707;21,59793663;1,091878353;0,869851232;0
19709;15;4,859550765;7,5;14,02159449;21,5993309;1,084182545;0,700464845;0
19710;10;8,297367521;17,16666667;12,57226107;21,60083961;1,106430063;1,51017499;0
19711;15;5,317382041;7,166666667;11,40552589;21,60157967;1,028997955;0,388723016;0
19712;15;4,808131636;6,666666667;13,64869159;21,60425377;1,012049032;0,590031981;0
19713;15;6,455535462;7;11,45352186;21,60464859;1,076917037;0,812379479;0
19714;15;4,700740411;6,333333333;12,75840394;21,60757828;1,029493881;0,17054224;0
19715;15;4,472483066;6,666666667;12,02027946;21,60918236;0,990883253;0,30266118;0
19716;15;5,213514586;9,333333333;11,70127107;21,61077118;1,001442637;0,704604864;0
19717;10;6,098065496;9,5;11,38777917;21,62341309;1,000112514;0,801946759;0
19718;15;6,115988786;6,5;12,82171954;21,62964439;1,061246413;0,565491199;0
19719;15;7,983269073;11,66666667;10,7291166;21,63428879;1,17943719;1,466599464;0
19720;10;5,582654332;7;12,55019894;21,64403915;1,016388312;0,435734034;0
19721;15;3,261686023;5,166666667;13,75022923;21,64756203;0,639751553;0,024719477;0
19722;15;4,032044305;5,333333333;9,735620155;21,65499115;0,875685786;0,036259413;0
19723;10;33,77262209;95;12,38079322;21,65791321;1,444336151;13,42181075;0
19724;15;5,177194959;6,5;11,62568772;21,65930557;1,011916411;0,451231241;0
19725;15;6,721857363;10,5;12,52147519;21,66399574;1,108728296;1,536929488;0
19726;10;7,624422175;8,5;12,66771988;21,67169952;1,028266651;0,915090442;0
19727;10;8,011052974;12;11,61542039;21,67894554;1,081014596;1,106140494;0
19728;10;4,36394535;15,83333333;13,75471282;21,68507957;1,026162295;1,353911161;0
19729;15;6,118318454;7,5;12,00092561;21,69037247;1,036713275;0,796375632;0
19730;15;4,504984558;5,833333333;10,85342894;21,70170212;1,000845682;0,205134511;0
19731;15;7,427167624;13;10,42207568;21,70589828;1,096291744;1,292416453;0
19732;10;8,516893383;12,66666667;12,64908423;21,71677589;1,097404636;1,402352095;0
19733;15;4,413136623;5,833333333;14,89277661;21,71858025;1,054296887;0,640118361;0
19734;15;3,952537315;6;11,84254638;21,71907616;0,999933907;0,274197698;0
19735;10;12,15358361;18,33333333;11,08214294;21,72848701;1,175657527;2,315092087;0
19736;10;4,9220576;5,333333333;9,3296767;21,73218536;1;0,079254031;0
19737;10;9,366293175;12,16666667;12,35185933;21,7327404;1,043486108;1,213315606;0
19738;15;3,389500704;18,16666667;12,40225706;21,73542404;1,042549079;2,194299936;0
19739;15;10,44078439;16,66666667;12,19887784;21,7407093;1,218185151;3,014254689;0
19740;10;6,830903558;7,5;12,83021222;21,74161339;1,061207038;0,672207236;0
19741;10;6,326221829;7;11,01679127;21,74340057;1,006994376;0,400046468;0
19742;15;4,886895972;7;12,6374435;21,7441082;1,007576659;0,373319387;0
19743;15;7,262137638;11,33333333;12,53924047;21,74987411;1,10612722;1,388803005;0
19744;10;3,665285252;5,666666667;11,92501946;21,75469971;0,981708757;0,291042686;0
19745;15;4,360217464;5,5;13,40433588;21,7603054;1,016233106;0,207538009;0
19746;15;3,579350581;7,222222222;13,05572702;21,76045418;1,004558912;0,483939528;0
19747;15;4,875230866;6,166666667;11,91783806;21,76425934;1,028424042;0,613459587;0
19748;15;10,48115573;21,16666667;10,3310568;21,766222;1,172801366;2,741330743;0
19749;15;18,96339062;42,5;9,651342773;21,77289772;1,29701677;5,839993119;0
19750;15;4,553045937;5,833333333;12,21086723;21,77578545;1,024413947;0,27089262;0
19751;15;13,80926038;31,83333333;10,67550073;21,78088188;1,377553195;4,816500306;0
19752;15;8,199091088;15;12,53159165;21,78788567;1,167329094;2,273240566;0
19753;10;6,147119169;8,166666667;12,37206307;21,79020691;1,055844978;0,520145059;0
19754;15;5,391412798;6;10,4947563;21,79146576;1,022294585;0,441208839;0
19755;15;4,283254012;6,333333333;13,24766111;21,79335022;0,997623288;0,387126088;0
19756;10;3,55242112;6,5;14,74484143;21,79471016;0,627674005;0,16230011;0
19757;15;8,862790745;14,16666667;11,88574026;21,79641342;1,147865251;1,729028225;0
19758;20;5,845513335;9,5;11,52749422;21,79798317;1,106506452;0,905699253;0
19759;15;6,376405041;11,33333333;12,99535887;21,7998085;1,101797086;1,642047524;0
19760;15;3,42996139;11,5;12,09404744;21,80113411;1,040726822;1,331490636;0
19761;15;6,135352495;7,333333333;12,20230809;21,81139946;1,082971199;0,912433267;0
19762;15;4,78063813;6,5;13,28157977;21,8169651;1,014135391;0,33437252;0
19763;15;4,08067475;5,166666667;12,1412607;21,81982803;1,008464633;0,062598705;0
19764;15;8,659031727;10;11,24229721;21,83959579;1,005951531;1,082525492;0
19765;15;4,136008777;5,166666667;12,3311853;21,84329987;1,000332605;0,054820418;0
19766;15;6,908980943;11,16666667;12,20590151;21,84634209;1,032833877;1,061291218;0
19767;10;10,90389588;17,83333333;11,07504065;21,85004425;1,065024337;1,603767633;0
19768;15;4,133559885;5,666666667;12,81776545;21,86029434;1,012127361;0,452374697;0
19769;15;4,420851317;6,666666667;14,50607781;21,86273003;1,030403793;0,652560949;0
19770;15;5,739555754;8;13,05376514;21,86392403;1,059760001;1,071715951;0
19771;10;5,407844604;5,5;13,40229371;21,87810707;1,015529709;0,369579673;0
19772;10;14,3161613;9,333333333;12,49684621;21,8828392;1,055599502;0,88420558;0
19773;10;5,627614993;10,83333333;10,88278474;21,8880806;0,988499253;0,958747387;0
19774;10;5,178756603;6,5;13,54151047;21,89008522;0,895796636;0,193752885;0
19775;10;3,540389545;5,666666667;11,36442724;21,89073753;0,952079311;0,123550534;0
19776;15;5,334472852;9,333333333;11,83019613;21,89259911;1,074147502;1,300871015;0
19777;15;4,72556415;7;13,61441989;21,89432907;1,056703588;1,056243896;0
19778;15;7,982007784;14,33333333;12,29380919;21,89697647;1,138231282;2,478694797;0
19779;10;11,39055823;18,16666667;8,987587145;21,9120121;1,021093241;1,573527813;0
19780;15;4,236763666;5,666666667;13,38609991;21,91838646;1,000646857;0,129342556;0
19781;15;3,444912206;5,166666667;12,99743811;21,91898155;0,994747899;0,143518686;0
19782;15;6,37841591;10,66666667;12,25642217;21,92144966;1,034169892;1,08987546;0
19783;15;10,73828446;22,5;11,56181013;21,92185593;1,298202484;3,412743688;0
19784;15;6,086283241;8,833333333;12,34270629;21,92227173;1,056402866;1,193420172;0
19785;15;7,278116651;21,33333333;13,83565676;21,92968559;1,272794099;3,485406637;0
19786;15;15,61181042;29,66666667;11,63430426;21,94573212;1,24167893;5,630974412;0
19787;15;6,997019616;23,83333333;12,56413377;21,94640541;1,325732515;4,056528211;0
19788;10;4,61786726;5,166666667;13,17050952;21,9493351;0,995623891;0,044052482;0
19789;10;8,128799727;11,83333333;10,3271011;21,96074486;1,076321238;1,03289175;0
19790;15;11,77494737;18,5;11,12327127;21,96524429;1,161887345;2,844816566;0
19791;15;10,78867345;18,16666667;10,93659404;21,97924232;1,258239729;2,866047382;0
19792;15;9,347325316;18,83333333;8,953922822;21,97935104;1,104957395;2,014819145;0
19793;15;8,202147696;12,33333333;11,13598075;21,98024368;1,079889181;1,481957912;0
19794;10;9,093237755;19,83333333;10,57315242;21,98788071;1,065940745;1,921627164;0
19795;15;6,131114885;8,5;12,40677458;21,99420166;1,090005324;0,950100064;0
19796;10;5,377561208;7;11,60078847;22,00108719;1,005526992;0,287247062;0
19797;10;5,262875432;7;14,57142523;22,00620651;1,043791242;0,858148336;0
19798;15;6,491680443;10,16666667;11,73414271;22,01375961;1,044154972;0,938175321;0
19799;10;5,556387559;5,166666667;12,65336306;22,0222702;1,000055889;0,093950152;0
19800;15;5,213655056;6,833333333;13,49447727;22,0252552;1,015407181;0,439869285;0
19801;15;4,632153141;5,833333333;12,43473531;22,02625656;0,986088515;0,297605991;0
19802;15;10,65782829;23,16666667;11,77601459;22,03022194;1,267807315;3,559398174;0
19803;15;5,424233716;9;12,0083832;22,03083801;1,037891795;0,793816924;0
19804;10;4,027612418;8,5;10,60915707;22,03710556;1,075191585;0,681500912;0
19805;15;8,860657259;14,5;10,69567925;22,03780174;1,17849297;1,916666389;0
19806;15;11,26544506;17;11,54734102;22,0390377;1,145803643;2,56641078;0
19807;15;4,742270862;12,16666667;11,95668742;22,03904343;1,089247763;1,35037291;0
19808;15;8,689979871;24,16666667;12,2452574;22,03940582;1,237112335;3,767550945;0
19809;15;10,51638527;17,33333333;10,34873174;22,04164696;1,148171119;2,149990082;0
19810;10;6,145308867;8;12,76096169;22,04249954;1,003976241;0,481016159;0
19811;15;10,39375018;19,83333333;11,62624206;22,04343987;1,111473059;2,444137573;0
19812;15;6,686922051;10;14,03159098;22,05075073;1,103364796;1,432858467;0
19813;15;8,702281075;17,33333333;11,1899869;22,05558395;1,176963935;2,168434262;0
19814;15;3,533905829;12,5;11,27818189;22,06030464;1,186764175;1,908903718;0
19815;10;9,665421546;16,5;11,21931341;22,06136703;1,10753626;1,733317018;0
19816;15;4,267972637;5,833333333;11,16851581;22,06298065;0,94865902;0,121545315;0
19817;15;4,95723982;7,833333333;12,53057302;22,0652523;1,066996603;0,547819376;0
19818;15;14,86411966;34,16666667;12,26541813;22,0685997;1,337075761;5,196149707;0
19819;10;6,139521686;8;11,88283959;22,06872749;0,988136205;0,670066714;0
19820;15;12,50991424;33,83333333;11,94399009;22,07337379;1,420651788;5,744760871;0
19821;15;4,846013008;6,166666667;11,84334078;22,07723618;1,00313841;0,354991913;0
19822;15;5,74606719;6,666666667;12,89737561;22,07954597;1,028449362;0,549969316;0
19823;15;9,266145252;26,33333333;13,44972732;22,0868187;1,296257725;5,518837452;0
19824;15;12,34561218;18,66666667;10,25166298;22,09054947;1,185587038;2,75782156;0
19825;15;6,585197385;9,833333333;12,71776737;22,09915924;1,022263009;0,667613387;0
19826;15;6,446395371;9,5;11,34844465;22,09923744;1,058625398;0,896716714;0
19827;15;5,098668896;6,833333333;12,94758457;22,10227966;1,033423003;0,503056526;0
19828;15;4,348889581;22,83333333;11,73851373;22,10795212;1,269641963;3,453139424;0
19829;15;5,431725061;7,5;11,72473381;22,10840988;1,033593168;0,333035827;0
19830;15;5,58640264;8,333333333;11,8756537;22,11025047;1,029668908;0,620837092;0
19831;15;4,549618796;5,833333333;11,9294357;22,1107254;1,014521487;0,253569603;0
19832;15;20,75684019;55,33333333;11,50602458;22,11337662;1,333246225;8,378799081;0
19833;15;6,44312307;10;12,30798668;22,1267643;1,077162232;0,998863459;0
19834;15;5,08190774;6;12,53206034;22,12841034;1,010784628;0,456894279;0
19835;15;3,354231768;5,666666667;11,64041873;22,13614464;1,019450192;0,273024321;0
19836;15;4,191264912;5,833333333;12,80036725;22,14881516;1,011326047;0,175171018;0
19837;15;11,61728439;24,16666667;10,13632517;22,14956856;1,08769476;2,671467304;0
19838;10;5,451853717;6,666666667;12,13522938;22,14962959;1,014648019;0,26282692;0
19839;15;4,998495067;7,166666667;10,32646509;22,15263557;0,999724029;0,440057635;0
19840;10;6,799423411;10,5;11,4483477;22,15330124;1,115273;0,875876665;0
19841;15;22,82908029;76,5;9,506360559;22,15593529;1,585401856;12,04774213;0
19842;15;3,183823448;6;10,61114376;22,1570797;0,971714199;0,186649561;0
19843;15;5,542992006;7;11,48517591;22,16130257;1,02944778;0,415317297;0
19844;15;5,694559722;6,5;12,68811132;22,16636086;1,053738101;0,688827634;0
19845;15;4,708617034;7,833333333;13,42568346;22,16780472;1,013058984;0,550225377;0
19846;15;3,446381428;14,83333333;12,2503323;22,16831398;1,079124865;1,677690506;0
19847;10;6,504628755;9,333333333;13,7670867;22,19039154;1,007890809;0,741316438;0
19848;10;8,033411095;15,5;12,70473877;22,19510841;1,040415662;1,571960211;0
19849;10;6,454863404;10,16666667;9,906249299;22,19708633;1,004323111;0,445063233;0
19850;15;27,99172798;63,66666667;10,5853694;22,19770241;1,279565936;9,091734886;0
19851;10;7,548155556;10,16666667;12,64153545;22,1992569;1,061104835;0,91477704;0
19852;15;8,234613771;19,66666667;12,07865248;22,19994164;1,214697848;2,823028326;0
19853;15;11,51454775;30;11,52038216;22,20255852;1,222001565;3,985268831;0
19854;15;4,31523603;5,5;11,63763791;22,20431328;0,97174666;0,103967309;0
19855;15;11,82076129;21,33333333;14,47873968;22,20490646;1,423033409;6,419087768;0
19856;15;4,314159685;5,333333333;12,82761961;22,21303177;0,996526162;0,170155168;0
19857;10;5,647339689;8;13,12972054;22,2255249;0,95144072;0,583963275;0
19858;15;11,33108218;18;12,05798427;22,23122025;1,265149672;3,044915915;0
19859;15;4,183883721;5,333333333;13,14167373;22,24059486;1,003057466;0,114813924;0
19860;15;3,253591464;7;11,715992;22,24339294;1,020900055;0,506305456;0
19861;15;5,141746341;6,666666667;13,05307855;22,2650795;1,046690174;0,5737921;0
19862;10;6,88074944;7,833333333;12,47497336;22,27144623;0,992692593;0,685633659;0
19863;15;5,052382807;7,5;12,92662762;22,27366066;1,033360888;0,648655415;0
19864;15;4,217396528;5,166666667;12,48847459;22,27925873;1,000601659;0,061837196;0
19865;10;5,461109114;7;8,462471559;22,28821564;1;0,017902613;0
19866;15;5,493104946;10,16666667;12,52848659;22,28840446;1,13842353;1,370029092;0
19867;15;4,897998768;7,833333333;14,46023915;22,29618835;1,081092448;1,680646062;0
19868;15;6,19945485;8,166666667;11,67887693;22,29836464;1,01307009;0,688403249;0
19869;10;5,145956259;5,666666667;12,26471273;22,31070328;1,008208054;0,15321672;0
19870;10;4,674672222;10,5;13,25690105;22,31300354;1,055556596;1,498892665;0
19871;10;14,75278836;22,67857143;8,966422423;22,32214355;1,096151374;1,996454954;0
19872;15;4,526304824;13,16666667;11,36286096;22,32423973;1,168600072;2,02943182;0
19873;15;4,300274396;5,666666667;14,49332755;22,33673859;1,02272217;0,230471373;0
19874;15;6,041507577;8,166666667;11,8451922;22,33714867;1,070773055;0,931440592;0
19875;15;4,338689417;5,333333333;14,14632103;22,33974075;1,024812482;0,464053869;0
19876;10;7,181165221;13,66666667;10,92653712;22,34467316;0,984671199;1,02087009;0
19877;15;5,735419368;8;12,01552293;22,34540176;1,026436638;0,680534363;0
19878;15;5,096910971;6,5;12,38537037;22,3485775;1,024361982;0,383897185;0
19879;15;8,391615293;14,16666667;11,07940237;22,35543442;1,109165935;1,707023382;0
19880;15;4,162010002;5,5;13,4436599;22,36286926;1,159936932;0,125516772;0
19881;10;5,391103012;5,5;13,62788797;22,36706352;1,015945653;0,362867832;0
19882;15;3,516052986;5,5;11,71665959;22,36870575;0,975614869;0,148932576;0
19883;15;22,21594992;54;10,72185853;22,38197517;1,70848128;10,11520433;0
19884;15;7,200690913;23,83333333;10,62735813;22,38861084;1,093147205;2,577153802;0
19885;15;7,133109306;20,93220339;13,52898803;22,39878082;1,126895425;2,427870035;0
19886;15;4,800774197;5,333333333;14,53036474;22,39999199;1,026355179;0,195916295;0
19887;15;4,465949196;5,833333333;12,87321581;22,40889549;1,043503536;0,287704229;0
19888;15;6,402363445;14,33333333;13,9305184;22,41649628;1,218624429;2,171912313;0
19889;15;13,96891981;35;11,81279918;22,41793633;1,333754919;5,391253948;0
19890;15;6,696128134;8,166666667;10,95638494;22,42162704;1,038138799;0,898457289;0
19891;15;7,594227248;12,66666667;11,84475879;22,42264175;1,12650482;1,823153615;0
19892;15;4,02542081;5,166666667;14,43317369;22,42600822;1,000398819;0,100588918;0
19893;15;4,700635738;8;12,88623096;22,4291935;1,02114819;0,965438843;0
19894;15;4,662281199;5,833333333;13,22613621;22,43669701;1,042677698;0,500876069;0
19895;15;9,880624657;28,83333333;10,36131466;22,43790627;0,99897925;0,350779533;0
19896;15;6,839790728;11,66666667;12,13603064;22,43899345;1,075128997;1,59683013;0
19897;10;6,375234832;8,5;12,83176162;22,44139099;1,000881602;0,792703152;0
19898;15;6,034449616;11,16666667;11,5685712;22,44346619;1,086065511;1,698358774;0
19899;15;8,898240758;11,83333333;12,8480336;22,45282364;1,137021714;1,460947037;0
19900;15;7,13844891;13,5;12,01465119;22,45447159;1,040863689;0,750342011;0
19901;15;4,680859132;5,833333333;11,33244362;22,45786476;1,002391814;0,338840723;0
19902;15;4,669032309;29,83333333;11,62799142;22,45981216;1,207978403;3,948699117;0
19903;15;3,41414266;7,333333333;12,42830184;22,46692276;1,060739614;0,956590891;0
19904;10;5,825334037;8;12,19339516;22,4805088;1,019619297;0,65486753;0
19905;15;6,591598;10;11,38844998;22,48379707;1,095631274;1,125306487;0
19906;10;27,62133535;84,5;10,06317304;22,48634911;1,277188503;10,9618454;0
19907;10;20,01110653;48,5;9,359034743;22,49318504;1,106992056;5,26462996;0
19908;15;4,598154536;6,333333333;13,34300121;22,50084496;1,017502799;0,377824783;0
19909;15;13,38616605;21,66666667;10,32056409;22,50646591;1,264606417;3,079052091;0
19910;15;9,582112581;18;11,18913962;22,50976181;1,213025793;2,450260162;0
19911;15;12,81422812;24,83333333;11,64986664;22,51168442;1,198244513;3,618437171;0
19912;15;7,323113044;13,33333333;11,62792168;22,52559662;1,1318802;1,729764104;0
19913;15;7,412668165;16;12,74976605;22,53506279;1,087154645;1,422182322;0
19914;15;4,441415416;6,666666667;13,43437579;22,54636002;1,008960859;0,340458155;0
19915;15;4,816722919;12,5;12,77712414;22,54946518;1,121444222;1,784496307;0
19916;10;13,1700157;21,5;10,78303852;22,55097389;1,142131297;2,535018444;0
19917;15;7,672185914;9,5;11,60957301;22,55329704;1,068207652;1,02578342;0
19918;15;4,60985143;30,33333333;10,77524191;22,55626106;1,155593767;4,664024115;0
19919;10;6,066634416;6,833333333;11,77587571;22,56451797;1,005606278;0,324716687;0
19920;15;9,841902764;16,33333333;11,82397024;22,56507492;1,179647786;2,204761147;0
19921;15;5,503630082;5,833333333;11,49872413;22,56530571;1,002743711;0,322905421;0
19922;10;5,535874559;6,166666667;12,54210373;22,56790352;1,015330673;0,372386456;0
19923;15;3,273217885;5,333333333;11,25025674;22,56869125;0,984175981;0,156118393;0
19924;15;5,389340289;7,833333333;10,16913531;22,57008553;1,081710768;0,568755627;0
19925;15;5,221176467;16,33333333;11,61962843;22,57473755;0,961980388;1,300474882;0
19926;15;6,017677135;14,33333333;12,46537411;22,58004761;1,065375836;1,368069172;0
19927;15;10,61554151;18,83333333;12,55321924;22,58010483;1,267270298;3,342439532;0
19928;15;3,286503604;10,33333333;11,70874866;22,58223152;1,145215425;1,137146115;0
19929;10;18,15259778;52,16666667;11,48486549;22,58320618;0,996077535;5,862927198;0
19930;10;11,98459538;24,16666667;10,34168856;22,59106827;1,08950162;2,621364951;0
19931;10;6,313632111;7,166666667;11,45145555;22,59589767;1,004044221;0,489518046;0
19932;10;5,608783764;6,5;12,58555632;22,60588837;0,984875515;0,438880324;0
19933;15;10,4560871;40,83333333;12,15536795;22,61557961;1,174221443;2,998236895;0
19934;10;10,00477522;17;10,01110228;22,6174469;1,026821004;1,14803803;0
19935;15;3,233034789;5,5;12,46330213;22,62740326;0,97972141;0,206035256;0
19936;10;13,13320968;94,5;13,75021372;22,6287384;0,944258479;8,919857025;0
19937;15;8,880949669;28,66666667;12,82680135;22,63227844;1,142728354;4,209814072;0
19938;15;5,382362827;7,833333333;12,62432558;22,64666939;1,063576784;0,644478917;0
19939;15;11,00141698;50,66666667;12,5484488;22,64836121;1,05716905;5,296043873;0
19940;15;10,28115026;18;11,83551326;22,66869926;1,233906966;2,704113841;0
19941;10;6,401973699;8,833333333;10,42552336;22,67201996;0,954416549;0,506640196;0
19942;15;10,13893114;16,33333333;8,110688985;22,68082047;1,098532896;1,753837347;0
19943;15;8,815498532;12,33333333;11,36619317;22,68362999;1,073882458;1,716410875;0
19944;15;3,41470998;10,33333333;11,58316087;22,69289017;1,006272738;1,079714298;0
19945;15;5,253894373;8,666666667;13,20087255;22,71353912;1,056175534;0,750074625;0
19946;15;5,859617873;9,333333333;12,71622196;22,71747017;1,075892963;1,104414701;0
19947;15;10,10249256;21,83333333;11,88740952;22,73052025;1,278815881;3,307406068;0
19948;15;7,505430709;25,5;12,36998697;22,73602486;1,112776959;3,558629155;0
19949;15;6,966147685;18;11,66948604;22,74512672;1,088135057;2,087223887;0
19950;15;17,43780779;69,33333333;12,09568925;22,74879265;1,770176722;12,95585942;0
19951;15;3,449138827;10,5;11,60478398;22,74928665;1,07418057;1,403169632;0
19952;15;5,131730121;8,166666667;12,38853222;22,75246239;0,993006664;0,68629992;0
19953;15;4,325941397;7,166666667;13,39463223;22,76214027;0,961799417;0,419270039;0
19954;15;8,097805495;10,5;13,24082145;22,76633644;1,088268887;1,331725955;0
19955;15;7,470891996;19,5;11,74047874;22,76693535;1,159678853;2,691218853;0
19956;10;6,314384363;5,222222222;11,59964216;22,76703072;0,962145793;0,096576452;0
19957;15;10,23747145;20,83333333;11,3535792;22,76749802;1,081270197;2,559192777;0
19958;10;8,73407941;12,33333333;11,66921516;22,76794434;1,051882784;0,981081247;0
19959;15;6,776662;12,33333333;12,57114442;22,76870918;1,071680904;1,268039465;0
19960;15;5,457443753;13,83333333;11,9868606;22,76955605;1,095784305;1,565942287;0
19961;10;7,395085557;12,66666667;12,55929956;22,77902031;1,140761374;1,768200517;0
19962;15;13,58759815;30,5;10,68989492;22,79327774;1,455471988;4,372728944;0
19963;10;7,191848462;13;10,70133789;22,79598045;1,004094996;1,146754742;0
19964;10;10,60063738;14,5;11,3036531;22,79989815;1,036568487;1,392323732;0
19965;15;8,300472567;19,16666667;9,607866185;22,80230141;1,002206313;1,684198141;0
19966;15;3,404341137;7;13,64790443;22,80322456;1,038383425;0,386376262;0
19967;15;3,575164959;10;11,13084498;22,80514145;1,096202372;1,13378036;0
19968;10;4,763500713;8,833333333;14,86782282;22,80735588;1,008783908;0,538310289;0
19969;15;5,151855208;7,166666667;11,38206432;22,80798531;1,027770616;0,650342107;0
19970;10;5,13580344;9,333333333;14,90791015;22,8088932;1,005851938;0,818809271;0
19971;15;4,213943046;6,166666667;13,76627586;22,81884766;0,991863912;0,299452543;0
19972;10;6,79264863;12,5;10,27971747;22,81962395;0,943621302;0,813400269;0
19973;15;14,44137528;35;11,10501934;22,82287025;1,494844689;5,866254926;0
19974;15;12,47138524;30,33333333;11,89851974;22,82883072;1,338435373;4,71803546;0
19975;15;8,427371482;13,83333333;11,40985935;22,83563232;1,201389413;2,037948847;0
19976;15;4,403051516;5,833333333;8,824100287;22,84319496;0,97284263;0,144469738;0
19977;15;7,061090756;11,66666667;12,13536402;22,85728836;1,105664914;1,671458364;0
19978;15;22,04114301;58,5;11,33211408;22,86816216;1,646404359;10,85284698;0
19979;15;5,160975973;6,5;11,73224046;22,86986351;1,005942127;0,361382008;0
19980;15;20,80560578;95;10,96451936;22,87067223;1,70296248;16,68401778;0
19981;15;6,78487874;8,666666667;12,3859819;22,8713665;1,053346417;0,957032442;0
19982;15;4,040457416;5,166666667;12,29110204;22,87315559;0,993237532;0,035353541;0
19983;15;4,231961535;20,16666667;10,84161231;22,89406013;1,189304764;2,368934989;0
19984;15;8,206642773;13,33333333;11,86909985;22,89669991;1,158499119;1,91132915;0
19985;15;4,322008709;5,5;14,51946029;22,89839745;1,016546276;0,20090878;0
19986;15;6,315766374;6,333333333;12,07507785;22,9052887;1,004533383;0,366657376;0
19987;15;4,597339398;5,833333333;12,48033132;22,90610123;1,012936749;0,1815207;0
19988;10;5,378371453;6,333333333;12,33839697;22,91638947;0,944673762;0,346993685;0
19989;15;5,392095994;8,333333333;12,86243095;22,92996025;1,082112079;1,054390073;0
19990;15;4,52138378;18,16666667;12,36510339;22,93212509;1,151723961;1,715730667;0
19991;15;10,04935028;15,16666667;12,09920353;22,9498024;1,158858139;2,439924955;0
19992;15;4,85589692;6,833333333;11,73740081;22,95074654;1,030685802;0,473722935;0
19993;15;3,633342982;19,16666667;11,43413522;22,97623825;1,285321612;3,063602328;0
19994;15;5,29955337;8,833333333;10,62755368;22,98407936;1,072924081;1,069761753;0
19995;15;8,260560712;60,33333333;10,76955221;22,98879242;1,13219325;6,970700622;0
19996;15;3,378918718;6,333333333;11,92364906;22,9889164;1,031748941;0,555366278;0
19997;15;8,828122895;14;12,15425025;22,99313545;1,208161292;2,451792836;0
19998;15;3,82165341;11,16666667;12,48001261;22,99633217;1,106074414;1,733468294;0
19999;10;5,58770424;12,83333333;12,02487269;22,998106;1,055874491;1,348955393;0
20000;15;4,629716979;5,666666667;12,40058319;22,99839592;1,028737344;0,435662985;0
20001;10;6,000405291;7,333333333;13,2062847;23,00022697;1,007132106;0,554051995;0
20002;15;8,311675378;16,33333333;11,58755523;23,026968;1,16501822;2,689828634;0
20003;10;5,208617833;5,666666667;12,62203216;23,03099823;0,962913345;0,161814809;0
20004;15;6,893105535;11,22222222;11,29795724;23,0336113;1,049476524;1,099050283;0
20005;15;4,928057014;6,333333333;11,4028051;23,03700638;1,009905238;0,433153868;0
20006;10;17,19276626;35,66666667;10,43627955;23,04591179;1,125220875;3,936287642;0
20007;15;5,572654346;7,333333333;12,35501062;23,05429649;1,089246096;0,759642839;0
20008;15;5,365914162;6,833333333;12,48547775;23,05603027;1,047576561;0,887441635;0
20009;15;6,58921821;15,5;10,44725567;23,06596375;1,047313128;1,795737147;0
20010;10;8,087355844;13,83333333;10,96351317;23,07120132;1,004571049;1,199186444;0
20011;15;7,590779163;17,33333333;12,23650593;23,07468796;1,090506408;1,355756998;0
20012;15;8,668282634;15,16666667;11,35692032;23,07563591;1,126176621;1,79135716;0
20013;15;7,038701567;11,33333333;12,45857442;23,08301544;1,109527051;1,663763642;0
20014;15;6,104588564;23,5;11,70844586;23,09562111;1,31728633;4,512121558;0
20015;15;11,07503128;30,83333333;11,03680093;23,10077477;1,083777816;3,412713051;0
20016;15;4,607981198;41,5;12,14798813;23,10186386;1,396571378;7,645479798;0
20017;10;9,975825083;18;11,21603544;23,10564613;1,025817346;1,711792707;0
20018;15;4,737445339;5,5;10,5132265;23,10669136;0,963784714;0,214418292;0
20019;10;7,041760628;8,666666667;12,26979473;23,11598015;1,038523847;0,883265138;0
20020;15;10,34801408;16,33333333;11,68597744;23,11601448;1,174819988;2,365835786;0
20021;10;12,96847182;22;11,49692523;23,11748314;1,091114373;1,448971391;0
20022;15;4,460145215;5,666666667;13,4426866;23,12317848;1,035295803;0,557727695;0
20023;15;15,99378935;36,33333333;11,89694707;23,13033485;1,467815026;7,024367929;0
20024;15;8,94637599;15,66666667;11,3405014;23,13589287;1,19414294;2,357638001;0
20025;15;4,127810785;5,166666667;11,51558054;23,14009666;1,001083835;0,050958037;0
20026;15;3,753648312;13,33333333;11,58766181;23,14455986;1,110927391;1,868558764;0
20027;10;4,810475552;10,83333333;10,98886066;23,15273666;0,97330812;0,81540966;0
20028;15;4,789453493;7,333333333;12,980117;23,15674019;1,031718493;0,512171865;0
20029;15;8,18007367;17;11,98763141;23,16020393;1,129321608;1,133536339;0
20030;15;6,892641788;10,66666667;11,48579312;23,16629028;1,066263479;1,032211542;0
20031;10;11,47711034;25,83333333;10,83585362;23,17858315;1,194494757;1,829499841;0
20032;15;5,131632532;8;11,96092555;23,1851902;1,100522182;0,723467588;0
20033;15;6,762028773;12,33333333;8,050061305;23,19875526;1,033144719;0,819013238;0
20034;10;9,598344362;12,66666667;12,86653003;23,20052719;1,051393774;1,661754251;0
20035;15;6,769021906;15;10,67145984;23,2006588;1,059922678;1,581706762;0
20036;15;5,679908252;7,333333333;11,96540178;23,20254517;1,055851791;0,82209003;0
20037;10;9,067891423;29,16666667;12,21336471;23,20526695;1,128821195;3,515445471;0
20038;15;5,434852056;7;11,71179211;23,21675682;1,031753854;0,620048404;0
20039;10;4,226746397;5,833333333;12,36869025;23,23322487;1,025000217;0,32703352;0
20040;10;3,729798347;11,66666667;13,1164434;23,23685455;1,076582874;1,277798653;0
20041;10;6,010166654;8,5;13,68672235;23,23776817;0,984484532;0,951978564;0
20042;15;7,730452836;9,833333333;12,70709537;23,24699783;1,071122399;1,373235941;0
20043;15;7,084654313;18;12,6296037;23,25512886;1,026371521;0,677144289;0
20044;15;4,271947111;5,333333333;11,34734135;23,25888443;0,99082132;0,144265056;0
20045;15;3,908282038;5,166666667;13,71502095;23,26772308;1,001125926;0,046265125;0
20046;15;12,60680095;23,83333333;12,13658687;23,27249527;1,338069734;4,878125191;0
20047;10;5,775724805;7,333333333;9,63978281;23,28858948;1,000197994;0,490848899;0
20048;10;4,685247512;5,5;10,93117867;23,30422974;0,992942475;0,069949389;0
20049;15;6,112378526;9,166666667;11,70212384;23,30954933;1,095080163;1,222092628;0
20050;20;6,445318577;10,5;12,24567738;23,31079292;1,068291182;1,138225079;0
20051;15;4,780658063;6,333333333;11,83505101;23,31377411;1,008249932;0,435100555;0
20052;15;4,905123332;13,33333333;14,81675301;23,32072258;1,168296236;1,953252554;0
20053;15;10,23389874;16,83333333;12,02702604;23,32290459;1,210596397;2,245671391;0
20054;10;4,976234168;6,166666667;12,88211386;23,32888603;0,985123131;0,2815727;0
20055;15;3,394346388;7,666666667;12,23268127;23,33165169;1,070213989;0,849360228;0
20056;10;9,567119905;18,33333333;12,26174265;23,3399353;1,11744611;2,612058163;0
20057;15;6,003457362;14,5;11,80655667;23,34134102;1,034875185;1,435677767;0
20058;10;5,80874146;7,666666667;12,25955833;23,34353256;1,008897904;0,451203227;0
20059;15;3,185854837;5;12,13402689;23,37661552;0,985865952;0,170273542;0
20060;15;4,266148818;5,5;13,78619076;23,3821373;1,021221931;0,413257957;0
20061;15;3,369537318;6,833333333;13,00316421;23,41032028;1,072848802;0,672794223;0
20062;15;3,305513093;5,5;13,78497532;23,41080856;1,00319377;0,248081326;0
20063;15;7,850597044;11,33333333;10,79458442;23,41244316;1,105317748;1,543635607;0
20064;15;4,065877532;5,333333333;11,84921704;23,41637802;0,993434946;0,060404181;0
20065;10;5,236723534;5,833333333;12,80509452;23,42137527;1,00240025;0,241366744;0
20066;15;7,52929002;18,66666667;12,0102489;23,429039;1,009826864;0,326617002;0
20067;15;4,392975708;7,5;14,91940788;23,43449593;1,021992588;0,706473112;0
20068;10;5,232699035;6;12,3712936;23,44148254;1,00279346;0,238748789;0
20069;10;16,11047999;95;9,850487445;23,44311714;1,242623812;12,45586073;0
20070;15;11,54265195;49,16666667;10,54578631;23,45332527;1,036951593;5,511864424;0
20071;15;6,200942666;12,83333333;11,41112774;23,46088791;1,042616182;0,771199822;0
20072;15;4,794101895;10,33333333;11,81476531;23,46372986;1,138042524;1,414778829;0
20073;15;7,588092364;12,5;12,01743533;23,46458817;1,148601363;2,218347669;0
20074;15;4,198721092;5,333333333;14,5621626;23,47200966;1,040732288;0,176086068;0
20075;15;5,567303445;8,5;11,31072099;23,48089409;1,067425872;1,003035665;0
20076;15;4,198353811;5,666666667;13,57012225;23,48482513;0,999328176;0,145753264;0
20077;15;7,360071113;11,5;11,04319806;23,49933815;1,101315072;1,550235987;0
20078;15;6,477731171;16,33333333;12,23584353;23,50617027;1,064623633;1,821649432;0
20079;10;8,631606141;13,33333333;10,79186846;23,51072121;1,084062525;1,080901861;0
20080;10;21,60810757;48,16666667;9,253945156;23,524086;1,021809335;5,576694489;0
20081;15;5,799695296;7,5;11,68423121;23,52781296;1,111708366;0,957115412;0
20082;15;3,547149347;18,33333333;11,81094587;23,53640747;1,113663302;2,649404645;0
20083;15;4,059446158;5,666666667;10,96059476;23,54280472;1,000251437;0,156306386;0
20084;15;3,367426109;11,83333333;11,67887649;23,5581131;1,107714261;1,563071966;0
20085;15;5,758582685;7,666666667;10,62883717;23,56435776;1,034862213;0,620808959;0
20086;20;7,384001009;15,33333333;11,40938388;23,56565285;1,181214522;2,196801305;0
20087;15;10,97721983;21,83333333;11,5022542;23,56716347;1,160661329;2,994094014;0
20088;10;15,92630369;22,5;9,13743078;23,56787109;1,288586646;3,223178506;0
20089;15;3,34782593;9;11,1248562;23,57354927;0,972205082;0,478200912;0
20090;10;5,370252388;5,666666667;10,29735813;23,57636452;1,005731457;0,192832708;0
20091;15;5,275215029;9,166666667;10,19785851;23,57715225;1,00193659;0,164317012;0
20092;15;4,295103639;6,166666667;13,53460431;23,57823372;0,97971821;0,171210885;0
20093;10;7,547358641;12,16666667;11,89487354;23,58794785;1,02715406;1,056316495;0
20094;15;7,294756762;15,5;12,27189405;23,60315704;1,078817222;1,72226119;0
20095;15;4,170777901;14,16666667;13,88777837;23,61054802;1,033729147;1,689692378;0
20096;15;5,794804657;7,166666667;11,41476961;23,62405014;1,050852422;0,747646451;0
20097;15;6,76381227;11,5;12,82681248;23,62602806;1,128669175;1,845349669;0
20098;10;7,214758585;6,666666667;12,48572804;23,63095284;0,989121931;0,961575985;0
20099;10;7,679558755;10,16666667;8,934163735;23,63224602;1,038166195;0,819259405;0
20100;15;4,483190796;20,66666667;14,24177141;23,63472939;1,213893761;2,817820191;0
20101;15;8,422911274;13,16666667;10,93645585;23,64785767;1,090089349;1,756461978;0
20102;15;6,693549507;13,66666667;12,90633456;23,65196419;1,096660005;1,562701225;0
20103;15;3,322806523;5,333333333;11,06694971;23,65225983;0,959201579;0,073979855;0
20104;10;7,043437667;14,66666667;12,72860748;23,65588379;1,031381798;1,456482649;0
20105;15;5,668377958;6,666666667;12,15661263;23,66513634;1,042841682;0,714929819;0
20106;15;12,59844473;36,5;11,30849329;23,66846275;1,308297433;5,624351144;0
20107;10;6,359943893;6,333333333;12,26500245;23,67015839;1,003294376;0,478653908;0
20108;15;8,347305951;15,33333333;11,31858203;23,67201424;1,117899005;1,641730428;0
20109;10;7,270087228;8,833333333;11,80235965;23,67508888;1,067404616;0,962333322;0
20110;15;7,67632761;12,5;11,10877919;23,67598724;1,064398584;1,310848475;0
20111;15;24,61921325;45,66666667;10,07234392;23,67728233;1,32452871;7,463976264;0
20112;15;5,975733654;8,166666667;12,63383477;23,67878532;1,080478603;1,286225438;0
20113;15;6,599001097;8,333333333;11,85742888;23,68738747;1,098620271;0,961432695;0
20114;15;7,378896824;8;11,94124291;23,70467949;1,067208488;1,082387209;0
20115;15;7,648502544;13;10,92448886;23,70641136;1,091219329;1,412404656;0
20116;15;16,33323259;45,5;11,07978562;23,70964813;1,171040034;5,866720676;0
20117;15;7,412115883;7,333333333;11,70406129;23,71204948;1,044366765;0,966142297;0
20118;15;5,358828634;6,833333333;10,17294187;23,71480751;1,016925624;0,412495613;0
20119;10;5,156554615;6;13,25619856;23,72131157;1,008499603;0,229835153;0
20120;10;3,641139715;9;13,01540301;23,73074722;0,927539249;0,567258954;0
20121;15;6,464016005;8;12,27556841;23,73228073;1,078830705;1,117387414;0
20122;10;7,19749779;9,666666667;11,47933246;23,74592781;1,022078167;0,507012963;0
20123;15;3,953170969;5,333333333;10,90657758;23,74779701;0,980336903;0,044271469;0
20124;15;10,56628029;20,66666667;11,27226424;23,75159073;1,117258701;2,861513734;0
20125;15;6,839177342;17,33333333;10,71102512;23,75264168;1,039958892;1,699133754;0
20126;15;5,125483108;6,666666667;12,37937299;23,75340271;1,046051282;0,750873685;0
20127;15;5,314537462;7,833333333;11,96297612;23,75650597;1,03115311;0,630105019;0
20128;15;7,81108232;10,83333333;12,37219864;23,76434898;1,13417786;1,652190924;0
20129;15;12,32365149;23;11,28553085;23,76641655;1,244607966;3,615111947;0
20130;15;3,390413984;6,833333333;11,79517233;23,77109718;1,024784658;0,571779847;0
20131;10;7,803556919;10,66666667;11,19772653;23,77226448;1,023001456;0,861974001;0
20132;15;5,502479787;10;13,62329963;23,77561188;1,056565753;1,254256845;0
20133;10;4,8015791;5,166666667;10,46562651;23,77939606;0,990922164;0,031148911;0
20134;15;9,786694644;15;11,8593823;23,78007698;1,242148824;2,874323249;0
20135;15;5,665493486;7,833333333;10,52708672;23,78511238;1,005524684;0,61927259;0
20136;15;3,511782122;10;11,25827105;23,81323433;1,121925067;1,40467298;0
20137;20;8,072571969;15;10,61471398;23,82026291;1,162348405;2,270331383;0
20138;15;6,716702404;13;11,03804746;23,82717705;1,088603827;1,890527248;0
20139;15;4,467492568;6,666666667;12,9735189;23,82776833;1,017869086;0,536049008;0
20140;15;4,9227057;6;12,68035756;23,82792854;1,007861607;0,475950241;0
20141;15;7,871870936;14,66666667;11,84756553;23,82915115;1,104118599;1,882721543;0
20142;10;4,713163754;5,166666667;12,27250133;23,84887886;0,944780384;0,080824971;0
20143;15;4,528549849;6;13,9962098;23,86881828;0,952789143;0,606286049;0
20144;15;3,953296458;5,166666667;12,43424218;23,87281609;0,978596908;0,034424782;0
20145;15;7,298902245;8,166666667;9,159639914;23,88425636;1,045507932;0,740079284;0
20146;15;5,422380112;11,33333333;12,95424023;23,89256859;1,127928312;1,55126667;0
20147;15;6,241006305;11,33333333;8,820522549;23,89588356;0,99943222;0,737095237;0
20148;10;5,113280639;5,833333333;11,60632096;23,90447426;1,000084048;0,101723433;0
20149;15;4,056948755;13,16666667;12,06722825;23,91168785;1,08723852;1,506589413;0
20150;15;3,653278617;8,5;12,04523141;23,91353416;1,013624409;0,529580235;0
20151;15;5,945759792;14,16666667;9,460347468;23,92613411;0,952926158;1,087039709;0
20152;15;4,370649714;5,833333333;13,95100847;23,92935562;1,011461026;0,283468723;0
20153;15;10,49833331;12,5;11,85154055;23,95022392;1,130661554;1,939701915;0
20154;10;5,28455245;6,166666667;10,68404113;23,95394135;1;0,168450713;0
20155;15;7,360980629;11,83333333;11,97830514;23,95619774;1,130690244;1,772341728;0
20156;15;12,81719296;41,33333333;12,51526318;23,95667267;1,577065834;7,050025344;0
20157;15;6,53502244;10;11,51744407;23,95705795;1,058915356;1,069370389;0
20158;15;8,186148715;23,16666667;12,8583934;23,95768738;1,104865557;3,164904475;0
20159;15;27,6149393;92,83333333;10,69788558;23,96655464;1,118158175;11,13394094;0
20160;10;5,302055916;6,166666667;11,98140372;23,96802711;1,001012028;0,293915629;0
20161;10;8,551709478;22,33333333;12,28722933;23,97045326;1,085571565;2,486465693;0
20162;10;5,75458789;7,666666667;13,0695127;23,97487259;1,033539188;0,470659971;0
20163;15;8,690254094;16,16666667;11,93338544;23,97563553;1,111738042;1,804318786;0
20164;10;5,869851366;8,166666667;11,64346181;23,97798347;1,005042712;0,36118722;0
20165;15;6,335327448;27,33333333;12,68842898;23,98200989;1,02979717;2,80167222;0
20166;15;4,679945997;6,333333333;12,55726022;23,98290443;1,013100529;0,412560105;0
20167;15;7,92929483;14,33333333;11,39798565;23,99939919;1,034291646;0,966372132;0
20168;15;5,278733526;8,5;11,77578523;24,00614929;1,008869157;0,557950854;0
20169;15;9,298828578;18,7254902;11,78896502;24,01485634;1,178557896;2,341908693;0
20170;15;7,318608598;15,83333333;11,06987462;24,03857422;1,039221796;1,596073747;0
20171;15;10,48433283;24,16666667;12,27245671;24,04764748;1,371250567;4,620503068;0
20172;15;26,78869909;79,66666667;10,46958668;24,04972267;1,474495015;10,32507133;0
20173;15;5,644936172;10;12,09500739;24,05239868;1,024211389;0,788530588;0
20174;10;4,793083831;5,166666667;11,5550671;24,05638695;0,998965582;0,030464053;0
20175;15;8,804132121;18,33333333;11,86217573;24,0573349;1,192127144;2,534503818;0
20176;15;3,341583086;6,5;14,3558157;24,05891418;1,023885671;0,523208261;0
20177;15;6,270218001;9,833333333;12,39432758;24,10235023;1,081544599;1,290649414;0
20178;15;4,77311655;6,833333333;13,38255456;24,1087513;1,027307161;0,707000852;0
20179;10;7,871511098;15,5;12,22872748;24,11532784;0,996158524;1,622155666;0
20180;15;13,25840395;34,5;11,5245549;24,12727547;1,443135389;5,985747814;0
20181;15;4,030043609;28,83333333;11,38529637;24,14342499;1,137315462;3,779306173;0
20182;15;8,924569933;22;12,41665866;24,15353394;1,062622744;1,638949633;0
20183;15;3,549028644;11,5;12,12411026;24,16202927;1,103661277;1,633966923;0
20184;10;5,965435783;6,833333333;12,88221946;24,17507935;1,047089839;0,573468089;0
20185;15;7,05289877;9,666666667;8,845683656;24,17698288;1,037478307;1,023458481;0
20186;10;5,091611111;5,666666667;11,08768961;24,1825676;0,988382619;0,018885136;0
20187;15;3,236395283;5,833333333;12,40525501;24,18527412;0,969919384;0,185925961;0
20188;15;10,47469444;18,83333333;12,92894184;24,2012558;1,32894106;4,254513741;0
20189;15;7,349889704;30,16666667;11,96083734;24,20176506;1,058391546;3,205425382;0
20190;15;5,901041089;10,33333333;12,02113969;24,20433426;1,086098068;1,302761316;0
20191;10;7,748600989;9,333333333;10,56897534;24,20814896;1,012114732;0,644687176;0
20192;10;4,891633342;5,333333333;13,25583588;24,22430992;0,988486;0,078093767;0
20193;15;5,314454476;7,333333333;12,5173262;24,22799301;1,039182103;0,739500999;0
20194;15;9,866301225;28,66666667;11,21528144;24,23244286;1,070817269;3,2020123;0
20195;15;7,365982114;12,16666667;11,48617162;24,23311806;1,073242836;1,433645606;0
20196;15;4,200085447;22,16666667;14,46529963;24,23827362;1,2775962;3,686545134;0
20197;15;7,896217017;12;12,08769308;24,24112701;1,137956399;1,604950905;0
20198;15;4,563957841;5,666666667;12,91211689;24,25999069;1,011453718;0,294462204;0
20199;15;15,31238394;33,5;12,14988377;24,26519966;1,337180266;5,93261075;0
20200;15;5,896492986;8,833333333;13,03478004;24,27558517;1,126669753;1,042226315;0
20201;15;4,523946434;6,333333333;13,2841732;24,28103256;1,022635321;0,436775088;0
20202;15;8,531284611;18,83333333;11,81109709;24,28738785;1,190874527;2,705143213;0
20203;15;4,768683148;6,166666667;11,74474963;24,28745842;1,017631465;0,525718212;0
20204;15;12,78930537;14,83333333;10,75311957;24,28756714;1,097745272;2,020264745;0
20205;15;8,02251304;14,16666667;12,4863841;24,30309296;1,180226306;2,464305043;0
20206;15;5,255304686;9,666666667;12,5621801;24,3037262;1,073993137;1,308551311;0
20207;15;6,900962809;23,5;13,93916157;24,30619621;1,220945614;5,239083171;0
20208;15;5,434189864;9,5;12,16585177;24,31054306;1,061407846;1,238008976;0
20209;15;5,51497319;8;12,122897;24,34319687;1,051710857;0,24564302;0
20210;15;6,850496821;11,83333333;11,38327065;24,34813309;1,030907588;1,086330414;0
20211;15;4,483714033;5,5;14,04243209;24,34907532;1,016445754;0,252416134;0
20212;15;9,960367109;20,66666667;11,65908669;24,35645103;1,146122491;3,615840435;0
20213;15;5,487852543;10,33333333;12,23241534;24,36663246;1,080109192;0,776942372;0
20214;10;8,054660923;10,5;11,78221543;24,3694458;1,112896453;1,485925913;0
20215;15;9,329263245;13,66666667;11,38276606;24,39936256;1,154238633;2,386557698;0
20216;15;8,934174526;15,5;11,78223278;24,41347504;1,21122916;2,398159027;0
20217;15;4,609543583;6,666666667;11,70900348;24,42396164;1,005688886;0,16007483;0
20218;15;10,75895155;15,66666667;10,26571133;24,42936897;1,175790503;2,447247624;0
20219;10;7,400221532;8,5;10,27007251;24,43012238;1,030168828;0,692340493;0
20220;15;14,02497216;24;10,11862904;24,43777847;1,25092387;3,695995569;0
20221;15;4,571841084;8,5;14,199406;24,44681549;1,043355912;0,581324577;0
20222;15;6,516739127;7,333333333;12,13324662;24,46208191;1,035919418;0,816787124;0
20223;15;8,249702978;16,33333333;12,561785;24,47120476;1,212008383;2,79369843;0
20224;15;5,789071517;13,66666667;12,83281491;24,47653389;1,062973678;1,814983726;0
20225;15;6,177176402;16,83333333;12,58981904;24,47764778;0,983604961;1,324690819;0
20226;10;5,101161143;6,833333333;11,09147915;24,48112488;0,9230326;0,242777586;0
20227;10;7,347638175;5,769230769;12,81267713;24,49230957;0,918182292;0,051442385;0
20228;15;4,214982119;6,833333333;14,42938561;24,51278496;1,007939041;0,359865904;0
20229;15;8,888549992;20,83333333;12,42846196;24,51579285;1,195161875;3,420587778;0
20230;15;3,79491025;8,5;10,72307279;24,53501129;1,085248086;1,167177081;0
20231;10;9,017424116;14,16666667;12,18700005;24,54693794;1,071548378;1,744181037;0
20232;15;7,648509791;8,666666667;10,75305554;24,55536461;1,060177638;1,155485034;0
20233;15;4,116675306;5,166666667;13,70726842;24,55883598;0,995586449;0,189535499;0
20234;15;6,314488017;10,33333333;11,21267577;24,58102608;1,100050018;1,385589004;0
20235;15;7,585687007;39;11,75811059;24,58374977;1,09236364;6,282358766;0
20236;15;8,826706468;17,66666667;11,43447034;24,58456802;1,101769711;2,348772764;0
20237;10;7,657874458;14,5;11,13804826;24,59050941;1,02271684;1,476372838;0
20238;10;5,973640584;7,333333333;9,545448209;24,59244156;0,991044334;0,117636442;0
20239;15;3,976827984;5,333333333;14,5960963;24,59289551;0,996728199;0,084846377;0
20240;15;3,476582542;8,333333333;12,22523779;24,59712219;1,095761636;1,078291893;0
20241;15;5,398560246;7;11,55065921;24,61881828;1,052597117;0,759585738;0
20242;15;4,683998598;6,666666667;12,94572386;24,61933327;1,025824596;0,457112193;0
20243;15;5,073080692;8,333333333;12,16226314;24,61981392;1,03757921;0,765530348;0
20244;15;6,148102385;11,33333333;12,72341928;24,62111282;1,080618325;1,730890274;0
20245;15;5,345469917;9;10,7276272;24,62622452;1,008571858;0,64972353;0
20246;15;6,347403251;13,5;11,49413509;24,63121033;1,078201223;1,634779572;0
20247;15;4,088545566;5,333333333;10,69687036;24,6492672;0,995021364;0,078693867;0
20248;15;3,468502992;9,166666667;12,46015193;24,64950562;1,020444135;0,818267226;0
20249;15;13,16012253;33,66666667;11,69319678;24,6653595;1,320936392;5,514137149;0
20250;15;6,911591088;11,5;11,79493417;24,66598511;1,120081302;1,455099463;0
20251;15;5,389934837;8,5;13,03651422;24,66650581;1,067415463;1,320935607;0
20252;15;3,536117121;15,66666667;11,94757396;24,67884636;1,140452239;1,897773981;0
20253;15;8,137963138;17,83333333;11,96215961;24,68364525;1,149203567;2,747719169;0
20254;15;6,607943536;10,83333333;10,70551591;24,69694519;1,085735672;1,289671183;0
20255;15;4,261799931;16,66666667;12,12410533;24,70739365;1,036984444;0,66892159;0
20256;10;5,255367667;14,33333333;14,77533546;24,72663307;0,949432382;1,023799419;0
20257;15;21,18691496;63,83333333;11,43181324;24,73379707;1,331131021;9,870700121;0
20258;15;8,370652861;13,5;10,48776537;24,75645828;1,108076456;1,591620445;0
20259;10;5,759921164;7,833333333;10,90070438;24,77774048;1,001337672;0,393570662;0
20260;15;6,817610015;14;11,20539588;24,77901649;1,089898796;1,290586591;0
20261;15;4,902974185;13,5;10,76167043;24,78272438;0,982921933;1,43628931;0
20262;10;5,630565331;6,333333333;11,55926478;24,79795647;1,007113718;0,205070853;0
20263;15;4,075905556;5,5;14,66116368;24,79926872;1,004848447;0,192387342;0
20264;10;5,800504188;12,83333333;12,84398976;24,80607796;1,034509984;1,224375725;0
20265;15;4,6281189;8,666666667;12,70922546;24,81040955;1,043421944;1,024493933;0
20266;15;6,875536646;11,66666667;12,25368048;24,81128311;1,108191654;1,705039859;0
20267;15;5,123402014;58,83333333;10,24360369;24,81403351;1,429746598;9,614119649;0
20268;10;6,406333813;5,833333333;12,31663377;24,81541634;0,980656805;0,443627715;0
20269;10;8,40085155;14;11,12616842;24,82181168;1,041304742;1,478139997;0
20270;15;8,847841136;16,83333333;12,70130742;24,82219124;1,155218067;2,664534688;0
20271;15;4,271907202;7,166666667;13,22008794;24,82246399;1,043066435;1,032312393;0
20272;15;6,75191661;7,666666667;11,97506663;24,82405663;1,076491204;1,292550683;0
20273;10;11,31939725;18,16666667;11,70236218;24,83239365;1,214067829;2,205921292;0
20274;15;5,62268085;11,5;12,82879529;24,8600502;1,016664342;0,30859077;0
20275;15;6,539533835;11,33333333;11,30898511;24,8617382;1,06694525;1,411287427;0
20276;10;14,28676977;20,16666667;11,41294967;24,86436462;1,234041331;2,998861074;0
20277;15;7,843818413;13,33333333;10,71561678;24,86478996;1,168469346;1,974129558;0
20278;10;4,046104862;26,5;12,21482216;24,86621857;1,031828034;3,10888803;0
20279;15;9,03552262;18,66666667;11,62802603;24,86634827;1,021056929;1,987058997;0
20280;15;4,373987821;5,666666667;12,01503373;24,86673927;1,006220794;0,200425386;0
20281;10;6,259844751;5,5;12,99830018;24,86785507;0,987720854;0,128768086;0
20282;15;5,353358045;9,888888889;12,04347771;24,86998749;1,01744485;0,929185152;0
20283;15;9,639876702;16,5;12,29283711;24,87229156;1,253428916;3,107936382;0
20284;10;3,788520787;11,83333333;13,41713837;24,88362122;0,931564838;0,800961375;0
20285;15;5,796831826;7,666666667;11,56769114;24,88612747;1,067643016;1,002412796;0
20286;15;4,367021455;7,166666667;12,86329976;24,88972092;1,009411765;0,54606545;0
20287;15;11,47414387;20;10,86419375;24,91080856;1,156770429;3,41024375;0
20288;15;10,03599628;17,5;10,84650833;24,9180603;1,114913004;2,499945641;0
20289;15;7,718276775;13,16666667;10,90130705;24,92951393;1,080716901;1,811707616;0
20290;15;4,461836281;5,833333333;13,00775569;24,93379402;0,992892072;0,214243293;0
20291;15;9,056811499;18,33333333;11,84749504;24,93725395;1,09864075;2,248527408;0
20292;15;7,054518085;13,83333333;12,25073416;24,9384079;1,106432389;1,648693442;0
20293;15;8,997669393;29,5;10,47742247;24,94557571;1,252054756;5,024774551;0
20294;15;6,722516588;12,66666667;12,17734271;24,94813538;1,03638781;1,662187338;0
20295;10;5,646662578;6,5;13,5679425;24,97862053;0,998557706;0,321604729;0
20296;15;4,604863585;8,166666667;12,32534652;24,97938538;1,010558892;0,684554696;0
20297;15;3,390496313;13,33333333;11,87722019;24,9804287;1,111213093;1,813472033;0
20298;15;5,419119308;8,166666667;12,89529664;24,99397278;1,037200824;1,122305393;0
20299;10;5,693061771;15,66666667;14,17983215;24,99494362;0,990320734;1,499894857;0
20300;15;9,690100919;15,83333333;11,36104896;24,99724197;1,077043971;2,040110469;0
20301;15;8,926260265;13,66666667;10,29096958;25,00516319;1,125291761;1,881168365;0
20302;15;6,489915741;11,33333333;11,7711446;25,00665474;1,075860558;1,14144063;0
20303;15;4,442037118;6,666666667;9,833775483;25,01562119;0,90321754;0,302515507;0
20304;15;5,306294477;10,5;12,52775739;25,01997566;1,023435721;0,951740026;0
20305;15;8,710696995;15,33333333;13,50714787;25,02210808;1,113703567;2,486244082;0
20306;15;12,11933611;34;12,4545715;25,03562546;1,010404694;3,741339922;0
20307;15;7,281938625;12,33333333;12,49099463;25,04805183;1,077603525;1,449549437;0
20308;10;4,753976389;7,333333333;14,54201501;25,05145645;0,912920083;0,544668436;0
20309;15;8,623484329;16,16666667;12,53367701;25,06381035;1,234618221;3,406566739;0
20310;15;3,986018449;10,5;12,50243107;25,0723877;1,055954158;1,240912557;0
20311;15;8,789978622;25,66666667;12,34184779;25,07721901;1,391151563;5,525595546;0
20312;15;4,077318368;5,333333333;12,85303888;25,07747841;0,964793726;0,138286829;0
20313;15;7,212423126;27,66666667;11,82191274;25,08330917;1,054937143;3,895073652;0
20314;10;6,889278392;12;12,01987892;25,10742569;1,004593568;1,120614529;0
20315;15;7,096744667;12,5;12,32802462;25,11107254;1,113831544;1,787094474;0
20316;15;5,417282663;7,833333333;10,17219673;25,11164284;1,002018384;0,686592579;0
20317;15;9,808248304;30,83333333;11,76437754;25,123909;1,016034237;0,521903276;0
20318;15;7,64414757;22,33333333;11,46797937;25,12667847;1,104503479;2,58660531;0
20319;15;3,329544785;6,166666667;12,97467142;25,1518631;1,036880376;0,327073455;0
20320;15;6,362746218;10,83333333;12,41149822;25,15525627;1,057872118;1,126401782;0
20321;10;5,212746749;7,333333333;14,26597209;25,16528702;1,023100734;0,494782448;0
20322;10;4,953193056;6,5;13,72576986;25,17393112;0,600858369;0,157130599;0
20323;15;7,116545462;11,66666667;11,13182117;25,17554855;1,122926661;1,643113732;0
20324;15;9,806509146;21,33333333;11,78396574;25,17601013;1,24571093;3,202508807;0
20325;15;3,37629917;5,5;14,23578837;25,17897987;0,985624335;0,230694532;0
20326;10;13,06938247;33;11,87177839;25,18449402;1,193564783;4,702355981;0
20327;15;5,974985492;10,66666667;9,144121496;25,186306;0,937904463;0,862457395;0
20328;15;4,61749668;6,5;12,50916855;25,18787956;1,016163059;0,551030517;0
20329;15;6,153805768;13;12,29858824;25,1893425;1,071440997;1,738476157;0
20330;15;5,600448041;8,833333333;11,85390329;25,19616508;1,033821498;0,78664124;0
20331;15;7,254880895;13,66666667;11,52664791;25,22515297;1,078548012;1,820747018;0
20332;15;9,111267658;15;12,10165061;25,23353958;1,409873727;2,591833234;0
20333;15;7,731730489;14,83333333;11,2298615;25,24084473;1,149291963;2,195177555;0
20334;15;16,3814072;50,83333333;11,43578745;25,26210213;1,177275242;7,452948689;0
20335;15;5,415455151;6,666666667;12,17018372;25,26775169;1,044704105;0,654151797;0
20336;10;18,16660703;47,66666667;10,74202364;25,2840786;1,01965763;5,594447374;0
20337;15;3,813510545;21,33333333;13,47089596;25,28962326;1,181725575;4,210745573;0
20338;15;12,19168556;31,16666667;11,78003263;25,29188728;1,212372444;5,136018634;0
20339;10;4,717584722;5,666666667;14,64412303;25,29564667;0,999504176;0,273542881;0
20340;10;5,932569478;5,833333333;12,22478212;25,3001442;0,941101553;0,271893501;0
20341;15;4,900083169;6;12,57565282;25,31690598;1,001193623;0,248083472;0
20342;15;3,366832374;9,166666667;11,89764199;25,32760239;1,096167322;1,331912518;0
20343;15;14,97852421;49,16666667;11,77555786;25,34185028;1,285837881;8,930343032;0
20344;15;16,0725415;36;11,70264673;25,35002708;1,589966183;7,200741172;0
20345;15;9,5233653;16,16666667;12,79825826;25,35292435;1,232656856;3,329808354;0
20346;10;20,95955978;40,83333333;10,78461376;25,35520744;1,354552782;7,019621968;0
20347;15;7,820332544;14,5;12,04523715;25,35613823;1,038963086;1,135747552;0
20348;15;4,007817986;7,666666667;12,43188979;25,37451172;1,025718945;0,669780493;0
20349;15;5,422669215;11,83333333;10,70684189;25,38313103;1,12643101;1,697078824;0
20350;10;5,235246208;5,833333333;13,1205584;25,38924217;0,981121514;0,270547748;0
20351;15;5,368800385;14,66666667;9,329474157;25,41093636;1,032089972;1,690746784;0
20352;15;7,912437244;17,83333333;12,58880961;25,4213028;1,092425038;1,1792593;0
20353;15;6,777815865;11,83333333;11,86593058;25,43045807;1,101196474;1,50751245;0
20354;15;4,701768232;7;11,42993182;25,44351196;1,000756062;0,393445015;0
20355;15;12,6662811;35,66666667;11,30882991;25,44432259;1,114277888;5,676132798;0
20356;10;7,209575318;8,333333333;10,85273136;25,44450378;0,978151381;0,744024873;0
20357;15;13,91824062;36,33333333;11,38797469;25,45815849;1,394223649;6,136856318;0
20358;15;3,377514046;5,666666667;13,71686265;25,46470261;1,004060818;0,225923657;0
20359;15;3,536647699;5,833333333;12,61264968;25,4739151;1,018731207;0,281048179;0
20360;15;7,029152298;10;12,30218821;25,492239;1,103327817;1,590405345;0
20361;10;4,770254594;5,166666667;13,5849169;25,49654198;0,991141778;0,06461513;0
20362;15;5,420275255;16;12,72135377;25,50136185;1,066103245;2,171675086;0
20363;15;11,95680874;51,66666667;12,17880338;25,51080894;1,082928697;6,243947506;0
20364;15;3,245455025;5,166666667;12,24006086;25,5168972;1,001003479;0,136545658;0
20365;15;3,852852057;5;14,82416665;25,55029297;1;0,014019966;0
20366;15;4,339930331;5,333333333;13,26124461;25,55343437;1,01934881;0,292399287;0
20367;10;5,121455963;5,833333333;10,86879634;25,55355263;1,000077843;0,117407441;0
20368;15;7,506344668;9,833333333;12,08877784;25,55904388;1,137448601;1,909878969;0
20369;15;4,327059995;8,833333333;14,16210194;25,57878494;1,025757959;1,025348902;0
20370;15;4,187403711;7,833333333;14,84113214;25,62293053;1,041610701;0,921430111;0
20371;15;9,613880741;11,33333333;11,6333469;25,63077927;1,112457222;1,796731591;0
20372;10;5,009879167;5,666666667;13,34361315;25,63458443;1,002062251;0,191548705;0
20373;15;3,28390023;8,166666667;12,87730614;25,63478279;1,036097548;0,970102906;0
20374;15;4,227625717;6,5;13,58887142;25,64060783;0,92396062;0,20031321;0
20375;15;12,95217567;24,33333333;12,49530831;25,64399719;1,3641485;5,602963328;0
20376;10;8,248467089;15;9,506462204;25,64916801;1,000921239;0,657773376;0
20377;10;11,57851987;9,333333333;12,40568471;25,6702919;1,029389388;1,051689625;0
20378;15;9,751532125;26,16666667;12,9510555;25,6789341;1,304232376;4,635461807;0
20379;15;7,591182286;19,66666667;11,94577543;25,67985725;1,135319717;2,701733589;0
20380;15;7,031284854;11;11,65247235;25,6810379;1,065718449;1,455450296;0
20381;10;8,714376849;9;9,423098063;25,68499756;1,021493152;0,756562471;0
20382;15;4,582954388;6;11,26065748;25,687994;0,990463889;0,220732927;0
20383;15;7,758195989;17;11,98877391;25,69310379;1,227208224;3,218241572;0
20384;10;6,440029395;8,666666667;11,0554079;25,69757462;0,992526334;0,671672702;0
20385;10;6,369320993;17,33333333;12,674116;25,70312881;1,114778022;2,513815403;0
20386;15;3,586743227;6,333333333;12,17020611;25,71635437;1,010161393;0,302016497;0
20387;15;3,877592334;9,166666667;12,15084292;25,72093964;1,038810654;0,726726413;0
20388;15;8,123108629;15,16666667;11,02526454;25,73639297;1,066390307;1,993615866;0
20389;15;14,14230811;35,83333333;11,54827736;25,73653221;1,191040152;5,423867941;0
20390;15;7,109742567;8,166666667;10,57263015;25,74346352;1,086368505;1,251290798;0
20391;15;11,0814197;29,66666667;11,99986838;25,74746513;1,376419056;5,37704277;0
20392;15;12,7947211;29,16666667;9,840518528;25,74861526;1,298758318;4,568961382;0
20393;15;4,852712819;11,83333333;13,76418383;25,7580719;1,061821679;1,708752871;0
20394;15;5,142043497;6,833333333;12,56363059;25,7634449;1,038268598;0,657276511;0
20395;15;6,241352236;10,83333333;10,72006076;25,76704979;1,065100405;1,087021589;0
20396;15;6,145857756;9,833333333;11,96681691;25,76911926;1,042655634;1,323812485;0
20397;15;3,69490979;6,333333333;11,49816976;25,77093697;0,934631858;0,394185662;0
20398;15;11,93513477;25,5;11,71208609;25,78075981;0,99981302;2,908721209;0
20399;15;6,53525426;19,22222222;10,86461422;25,78364944;1,056096675;1,912286997;0
20400;15;10,03670409;16,16666667;8,541612273;25,78770828;1,149745175;2,115204334;0
20401;15;7,03008066;14,33333333;11,83809244;25,8120327;1,095936015;2,144412756;0
20402;15;4,708767549;7;13,19708002;25,81943512;1,036877191;0,498573422;0
20403;10;4,819016331;5,5;13,39267101;25,83297729;0,976525344;0,118241668;0
20404;15;4,259966921;7,333333333;11,01256955;25,84197998;1,047807614;0,793135405;0
20405;10;14,35582767;17,33333333;9,172887733;25,84243011;1,093079538;2,290265679;0
20406;10;5,49654687;5,5;11,37167756;25,85130692;1,053156542;0,299357891;0
20407;15;5,546475827;7,666666667;12,84669271;25,85349464;1,049208427;1,180994987;0
20408;15;4,835882383;6,833333333;13,72106708;25,86700249;1,013537321;0,510910273;0
20409;#N/A;10,94451698;27,33333333;11,13662218;25,88854218;1,11127994;4,033459067;0
20410;15;5,600798353;8,5;12,54966947;25,89675903;1,085840598;1,24427259;0
20411;10;8,254986384;11,83333333;11,60681027;25,90407181;1,039057983;1,376342773;0
20412;10;5,090482098;6,333333333;11,98358431;25,91098022;0,996476607;0,282164574;0
20413;15;4,58967378;5,5;13,47959775;25,92146111;1,043840505;0,437474847;0
20414;15;6,69123309;19,33333333;13,26850952;25,93909454;1,170395661;3,568936586;0
20415;15;8,04179063;16,16666667;11,32715507;25,94125557;1,089704011;2,25412488;0
20416;15;6,449005528;12,83333333;12,03317549;25,94528008;1,01974708;0,978921056;0
20417;10;4,606063325;5,5;11,43734995;25,98307037;0,916688649;0,064584374;0
20418;15;3,538518251;11,83333333;9,555331466;26,01761627;0,99721009;1,058711171;0
20419;15;6,021605334;9,666666667;11,41967353;26,02385139;1,131366607;1,167485952;0
20420;10;4,81812568;5,333333333;13,85580043;26,03025627;1,00029;0,117735863;0
20421;10;5,587113894;7,166666667;11,69478076;26,03124046;1,001101672;0,507578611;0
20422;15;5,087587264;9,166666667;10,34347754;26,06575012;1,127294437;1,038508773;0
20423;10;4,81377242;5,333333333;13,72961025;26,09032631;0,965544168;0,246129513;0
20424;10;5,676150102;6,5;11,45303611;26,1144619;1,009875349;0,331403613;0
20425;15;7,729549368;13;12,66296308;26,12379074;1,116867184;2,287917614;0
20426;15;4,812674175;8,666666667;12,84716773;26,12420273;1,040988694;1,075894713;0
20427;15;5,567200466;7,5;11,75416187;26,14608383;1,13563521;1,045845509;0
20428;15;3,658657997;7;12,53503581;26,14686203;1,030120683;0,480228305;0
20429;15;4,13579922;5,166666667;13,56741023;26,14924431;0,985057248;0,042430282;0
20430;15;4,982517686;7,5;12,88994536;26,16606903;1,041854317;0,555629969;0
20431;#N/A;4,223057032;7,5;12,29059003;26,1812973;1,026379011;0,134673476;0
20432;15;4,923895066;6;11,15090874;26,18754959;0,984653988;0,40181303;0
20433;10;7,651325499;12,33333333;11,84592622;26,19104767;1,131840306;1,991511822;0
20434;10;6,681932128;9,166666667;9,740639159;26,19521523;1,00112498;0,672498107;0
20435;15;3,28014081;5,333333333;14,46026193;26,1975975;1,001194047;0,10736239;0
20436;15;6,470503592;12,5;12,47346954;26,20767975;1,107175273;2,225654364;0
20437;15;6,693309581;15,66666667;13,22110217;26,20980835;1,162242903;2,955026031;0
20438;15;5,427946672;7;12,71638659;26,21822166;1,060517525;0,965446949;0
20439;15;5,713641849;6,833333333;10,10052589;26,22167206;1,015067;0,748016834;0
20440;15;3,439734072;7,833333333;11,24880473;26,22800446;1,011797224;0,730020404;0
20441;15;5,812307356;7;11,65493561;26,23511505;1,041584264;0,920755148;0
20442;10;6,034303298;7,5;13,59366689;26,23771667;1,015698441;1,021964431;0
20443;15;5,51612086;7,5;12,07390053;26,2381134;1,061663806;0,642343044;0
20444;15;4,377274068;6;11,02431837;26,27351189;1,010464327;0,219268322;0
20445;15;12,47933124;25;9,982130895;26,27971458;1,166848085;3,882132888;0
20446;10;3,572585547;14,5;10,3177738;26,29490471;0,963586778;1,196130872;0
20447;10;3,936157949;6,833333333;12,31355624;26,29598236;0,97800504;0,457463026;0
20448;15;3,607316337;7,666666667;12,99869105;26,31659508;1,042372691;0,729689837;0
20449;15;4,027480119;5,333333333;14,77287779;26,31732941;1,014505138;0,148988962;0
20450;15;5,24412465;7,333333333;13,53911566;26,31944656;1,055472395;1,064109564;0
20451;10;14,63971816;34,5;12,32247002;26,3299408;1,157959198;6,406942964;0
20452;15;6,985722484;8,333333333;12,58554261;26,35269356;1,146106663;1,503876448;0
20453;15;18,36029388;52;11,98643248;26,35720062;1,369214195;9,056579947;0
20454;15;7,428250785;14,66666667;9,790323452;26,36636734;1,016760329;1,065689206;0
20455;15;4,296094201;5,833333333;13,12762057;26,37435722;1,025111474;0,323823333;0
20456;15;5,104655194;6,833333333;11,93210983;26,37700844;1,005919727;0,554084539;0
20457;10;5,909013823;9,166666667;11,69842442;26,3972683;1,011729002;0,744828582;0
20458;15;11,80371786;28;10,3708056;26,40456581;1,255922411;4,599431276;0
20459;15;5,157752342;6,333333333;11,36609693;26,40468025;0,980931134;0,507947922;0
20460;15;5,362663456;8,333333333;10,54043471;26,40733719;1,030586542;0,676190376;0
20461;15;4,35321356;6,333333333;13,32189686;26,42770767;1,012404266;0,339411378;0
20462;10;5,282306778;11;14,73177835;26,43099594;1,042115621;1,197922945;0
20463;15;8,086774959;12,83333333;11,73114477;26,44550896;1,162158731;2,193169355;0
20464;15;4,476669797;5,666666667;12,63211084;26,45476913;0,985414768;0,219413042;0
20465;15;6,853559176;11,33333333;12,577191;26,45755959;1,075398719;1,862549067;0
20466;15;5,490814362;7,5;11,50413208;26,47307205;1,036376191;0,895247579;0
20467;15;3,198253599;5,5;11,09563108;26,48851013;0,986088461;0,345585585;0
20468;10;5,937693056;7,166666667;13,20217995;26,54936409;0,960471894;0,497561932;0
20469;15;7,052135112;9;11,2133056;26,56479073;1,038008187;1,26553309;0
20470;15;5,403351214;9,5;9,626261687;26,58424377;1,000786725;0,608737588;0
20471;10;4,737622222;5,333333333;10,83938074;26,58468819;0,940544893;0,066270351;0
20472;15;3,367832258;9,5;10,53019529;26,59051514;0,969086511;0,699757218;0
20473;15;4,835462314;8,5;11,2244758;26,60576057;0,95699842;0,555080652;0
20474;15;4,2112649;5,666666667;13,66151892;26,63504028;1,00784146;0,426456809;0
20475;15;3,456333304;18;11,65200426;26,63558388;1,030857481;1,982317924;0
20476;10;5,676584221;6,333333333;12,63148438;26,64681244;1,005771175;0,29395771;0
20477;15;3,391078025;6,833333333;9,067304726;26,64813042;0,859917401;0,3671;0
20478;15;5,205633538;11,83333333;14,61285345;26,68333244;1,069681208;1,353476644;0
20479;15;7,610452324;16,16666667;10,25987489;26,70613289;0,972303017;1,778340936;0
20480;15;3,368233233;9,5;12,20668399;26,7238884;1,117362167;1,273717642;0
20481;15;5,127983272;7;11,02469709;26,74118423;1,054984744;0,63598156;0
20482;15;6,560113209;6,666666667;12,25441393;26,7622509;1,043782387;0,712660789;0
20483;10;6,053991976;6,5;11,35392018;26,76430702;1,001966494;0,608800769;0
20484;15;4,762797912;7,166666667;12,73712876;26,77280617;1,019707557;0,538845062;0
20485;15;3,805328577;7,666666667;13,63635407;26,77455521;1,094020194;1,27837956;0
20486;15;5,060743624;6;11,77531673;26,79707336;1,020875023;0,441640496;0
20487;15;5,300769299;7,666666667;11,74197459;26,81206322;1,029883505;0,838375568;0
20488;15;4,819271795;6,5;13,06752776;26,85836601;1,019164172;0,361828446;0
20489;15;14,46444147;21,83333333;10,45830922;26,89209557;1,40220766;4,460850358;0
20490;15;5,918936209;10,33333333;12,14744168;26,89305496;1,080512356;1,3500278;0
20491;10;6,740516034;6;13,26166494;26,9234314;0,939457021;0,484221458;0
20492;10;5,310517386;5,833333333;11,82414619;26,93403053;0,983075791;0,377485752;0
20493;15;4,240102809;5,166666667;12,229426;26,95692444;0,929901343;0,040284634;0
20494;15;11,93936848;27,19512195;11,32040516;26,96110916;1,204850889;3,227799654;0
20495;15;3,395142775;17,16666667;13,00654691;26,96600533;1,067882559;2,219049573;0
20496;15;8,32544675;15,22222222;11,83477066;26,98979187;1,167041852;2,368578315;0
20497;15;3,253932935;5,833333333;12,82719887;26,9997673;1,015271057;0,347083449;0
20498;15;14,51649661;42,16666667;11,44275119;27,01052475;1,114264429;5,716655612;0
20499;15;4,026812248;5,166666667;13,10108192;27,03021812;0,986590288;0,04883647;0
20500;10;5,839328449;12,66666667;13,67719512;27,05416107;1,02479951;1,343118548;0
20501;15;23,63944593;50,5;10,94813415;27,07271767;1,345510891;9,137376904;0
20502;15;5,178238036;9;12,03887772;27,07365227;1,037219224;1,107899547;0
20503;15;6,937843539;20,5;10,93093102;27,08625221;1,102966063;2,971535325;0
20504;15;3,17709893;5,166666667;14,89573986;27,09441185;1,000079239;0,081458211;0
20505;15;4,731235531;7;9,7710483;27,09684944;0,99431652;0,351503491;0
20506;15;4,61247427;7,166666667;12,82086812;27,10263062;1,002887659;0,759655476;0
20507;15;8,864924668;17,33333333;11,56423575;27,12981987;1,117861546;2,333997965;0
20508;15;5,138106564;6,166666667;11,45424608;27,13091278;1,035567307;0,616892457;0
20509;15;5,273884282;8,166666667;12,20013106;27,13266754;1,058804719;1,381521344;0
20510;15;5,345728575;6,833333333;12,00529136;27,1380024;1,042869181;0,852789044;0
20511;15;10,21134716;18,5;12,09735829;27,13895798;1,195553751;3,411299109;0
20512;15;5,510410949;21,16666667;11,84779018;27,15673637;0,999510908;2,533862352;0
20513;15;3,518226249;9,5;11,68606224;27,16319275;1,090242253;1,466469765;0
20514;15;4,708853476;6,333333333;10,52046998;27,16858292;0,978675472;0,410841584;0
20515;15;3,678928356;6,666666667;12,38124323;27,17292976;1,006579551;0,639275551;0
20516;15;9,632961619;23,83333333;12,29292196;27,17432213;1,127950304;4,324492097;0
20517;15;5,399113421;7,833333333;11,94044106;27,1856823;1,092102144;0,910735369;0
20518;15;6,364373507;12,5;12,61911429;27,21081543;1,086094065;1,780839562;0
20519;15;3,3955392;6,5;14,59768942;27,22116852;1,045420411;0,569205046;0
20520;15;6,543273203;10,33333333;11,75331403;27,22180557;1,11028042;1,464081764;0
20521;15;4,542322969;6,166666667;13,36808248;27,22732735;1,008001507;0,364728212;0
20522;15;4,283686974;5,666666667;13,0894972;27,23541641;1,020705956;0,212844491;0
20523;15;4,043139333;5,333333333;13,65962021;27,25610352;0,996581027;0,13066268;0
20524;15;5,446527063;9;12,93036352;27,25802994;1,036728319;0,666444302;0
20525;15;3,936826087;5,166666667;13,38340548;27,267519;0,995445319;0,065358639;0
20526;15;6,881582522;14,16666667;12,23641237;27,2933712;1,067468787;1,968972445;0
20527;15;8,709705332;16,83333333;11,70610212;27,31098557;1,081684028;2,58666563;0
20528;15;4,517032031;13;12,84662885;27,32394218;1,096239994;1,987174392;0
20529;15;3,904331456;16;12,14722252;27,32427597;1,178134945;3,317394972;0
20530;15;3,242395403;6,5;11,38942607;27,33833122;0,9673283;0,258883834;0
20531;15;5,643564631;15,83333333;12,02504634;27,36926079;1,101152763;2,295996428;0
20532;10;4,426346841;5,666666667;13,35801357;27,38237;0,980885431;0,593479991;0
20533;15;7,228923586;13;12,3438321;27,38712883;1,118987792;2,361145973;0
20534;15;6,361127014;9,5;11,95726104;27,38801003;1,104559476;1,522089005;0
20535;15;5,649177555;9,666666667;10,32617502;27,40387154;1,026482698;0,907251358;0
20536;15;4,708787097;5,833333333;12,71524537;27,42180443;1,010684012;0,365205288;0
20537;15;5,374326175;8,333333333;12,85788599;27,42367554;1,074852792;1,620776057;0
20538;15;3,353902415;9,5;12,89568912;27,42467499;1,026950388;1,12716794;0
20539;15;4,200132337;5,833333333;12,82809636;27,4450779;1,003336169;0,19678998;0
20540;15;3,272855647;6,5;13,60608267;27,45671082;0,980521631;0,445687532;0
20541;15;5,409877613;6,666666667;11,81193548;27,45892143;1,036810913;0,731294036;0
20542;15;4,399000273;30,16666667;11,69031771;27,46507072;1,286881375;5,593670845;0
20543;10;5,834212528;8,666666667;13,3471734;27,46739578;1,022281419;0,727561474;0
20544;15;5,770971221;9;11,47722298;27,48132324;1,027291308;0,999470592;0
20545;15;12,40447721;31;10,66652171;27,50660324;1,079063856;4,532253265;0
20546;15;4,391246145;6,333333333;14,34327213;27,52767181;1,017535573;0,615051866;0
20547;10;7,538159319;8,833333333;12,55054541;27,5293293;1,045385195;1,333418369;0
20548;15;8,027765972;19,33333333;10,38624362;27,53077316;1,049607171;0,995286107;0
20549;15;5,054356326;6,333333333;11,5190467;27,53316689;1,028662942;0,597680449;0
20550;15;6,630494325;11,83333333;12,60930079;27,54420662;1,148264295;2,087189317;0
20551;15;9,301752439;17,33333333;10,80289638;27,55060387;1,092871051;1,985283017;0
20552;15;6,649832552;8,5;10,73784838;27,56414223;1,034622655;1,106133103;0
20553;10;5,979877778;20,66666667;11,2086666;27,57230186;1,03858708;2,570940137;0
20554;15;5,256638646;13;12,77835093;27,57808304;1,062732714;1,551062703;0
20555;10;8,596417116;21,5;12,61983855;27,5909481;1,194632233;3,197275519;0
20556;15;7,232259752;16,16666667;11,83045108;27,60675812;1,125351826;2,471109629;0
20557;15;4,87109251;6,833333333;12,12699042;27,60915375;1,027056174;0,567338824;0
20558;15;9,077941191;32,83333333;12,65233011;27,62299156;1,090347722;5,013170242;0
20559;15;7,554182046;14,83333333;11,27709043;27,63760948;1,080601429;2,027342558;0
20560;15;4,758101121;5,833333333;11,43621101;27,64547539;1,030847722;0,488756895;0
20561;15;7,797062418;17,33333333;10,9939112;27,64561844;1,048877992;2,224810004;0
20562;15;4,34720454;5,666666667;12,82343414;27,67267799;1,005176293;0,210756302;0
20563;15;5,588719558;10,16666667;12,5539481;27,67578888;1,04178029;1,310809612;0
20564;15;5,098467346;7,833333333;10,80124989;27,67580605;1,005389165;0,706585884;0
20565;15;8,595402778;29,83333333;12,2089322;27,68472481;1,229088648;5,232786179;0
20566;10;5,033563889;6;11,28238557;27,71168137;0,847220327;0,164120674;0
20567;10;6,076469196;8,333333333;11,23061548;27,7196846;1,041878755;0,628591895;0
20568;15;18,71932218;27;9,41661411;27,76222038;1,191596108;4,504795551;0
20569;10;5,761717833;6,333333333;11,36012393;27,79307365;1,017229012;0,258409142;0
20570;15;3,679720817;17,83333333;11,65581031;27,79594803;1,241477287;3,279276609;0
20571;10;5,798357757;7;11,20926686;27,81560326;1,03275672;0,3759377;0
20572;15;4,232068375;26,16666667;12,44103448;27,83112144;1,02645263;3,360351086;0
20573;10;5,308329303;6,666666667;13,64823351;27,83656502;1,045517932;0,415480733;0
20574;15;6,393980068;16;12,09147913;27,84357071;1,13951777;2,703445315;0
20575;15;8,765924071;19,66666667;12,36437707;27,87708282;1,248875546;3,923451543;0
20576;15;9,051993546;35,66666667;12,2422379;27,87832642;1,135270552;6,026363492;0
20577;15;4,191022483;5,333333333;12,01568896;27,89732361;0,999952555;0,070090771;0
20578;10;11,25631301;24;13,20542512;27,9166851;1,085540504;3,886204839;0
20579;15;5,328617859;9,166666667;13,45655619;27,91703224;1,091543375;1,460416198;0
20580;10;6,098531336;10,33333333;11,46254765;27,93603134;1,017461754;0,823920012;0
20581;15;7,847453752;15,66666667;11,63154992;27,9429245;1,114758622;2,50302887;0
20582;15;3,997036877;5,166666667;12,14448857;27,94460106;1,000061218;0,054419398;0
20583;15;7,15266408;12,5;10,76877984;27,94630814;1,035901468;1,527634144;0
20584;15;4,934594919;8;12,06160049;27,97394753;0,998794167;0,538626194;0
20585;15;6,749690406;17,33333333;11,86705549;27,98054886;1,058658944;1,942315698;0
20586;15;7,743544731;18,83333333;12,57816161;28,00121689;1,029443211;2,503640771;0
20587;10;5,004967517;6;11,87033314;28,01915932;0,930082989;0,505734563;0
20588;15;3,977666046;51,5;11,88051635;28,02583504;1,303279234;9,743817806;0
20589;10;6,951384134;10,83333333;11,99692651;28,05155373;1,053511327;1,432976723;0
20590;15;4,59804671;7,166666667;12,66392422;28,078722;1,001334624;0,356612086;0
20591;15;6,374083383;11,33333333;11,90347231;28,08179474;1,104720172;1,802715182;0
20592;10;5,134096748;6,333333333;13,23101804;28,08966255;1;0,206002712;0
20593;15;3,50680473;20,5;11,58037697;28,09078789;1,09249146;3,588616014;0
20594;15;3,293438969;7,666666667;12,37377539;28,10697937;1,07913196;1,204139948;0
20595;15;3,281999197;5,5;14,11431703;28,11347198;1,010085078;0,141649723;0
20596;15;4,706108015;5,666666667;14,39369918;28,12117195;1,027423623;0,300671577;0
20597;15;6,234864773;10,5;11,02317365;28,13726234;1,043454203;0,714748025;0
20598;10;5,472277417;6,333333333;12,90669351;28,13727379;0,982078574;0,391897202;0
20599;10;7,174121325;9,166666667;12,27146817;28,14745712;1,069067387;0,960480809;0
20600;15;9,495941274;25,66666667;13,10528958;28,16571426;1,058770194;4,030554533;0
20601;10;4,091789618;8,833333333;13,81196282;28,21092987;1,057254943;1,266729951;0
20602;15;5,915553249;13,83333333;12,4801274;28,22191238;1,047386119;1,929178476;0
20603;15;4,260310263;5,666666667;13,30365791;28,22882843;0,953371692;0,139397502;0
20604;15;4,755633719;6,333333333;12,0024249;28,26158142;1,051702388;0,598278046;0
20605;15;4,050196088;5,166666667;13,46799153;28,26582336;0,965351929;0,074635506;0
20606;15;4,545110785;8,833333333;14,85926489;28,28839111;1,079541853;1,585083842;0
20607;10;6,902867967;9,333333333;11,49780454;28,29351425;1,067315514;1,23020649;0
20608;15;4,177803168;5,166666667;12,74344555;28,29779625;0,998539661;0,20298183;0
20609;15;7,225700807;15,33333333;11,8178379;28,30728912;1,064939829;1,645692468;0
20610;15;7,444570836;15,83333333;12,35159678;28,34038925;1,008000429;1,589416385;0
20611;10;6,257943975;10,16666667;12,70386949;28,36376953;0,974957776;0,405976892;0
20612;15;6,245125556;9,5;12,99221795;28,36459351;1,113479403;1,813748479;0
20613;10;5,202803156;5,666666667;12,66643525;28,39586258;0,947799909;0,3389045;0
20614;15;7,331421332;15,5;12,13873079;28,41100311;1,070354097;1,145187259;0
20615;15;6,484028419;8,833333333;12,83986802;28,41194916;0,997010334;1,095619917;0
20616;15;6,870930043;18,5;12,47959517;28,41418076;1,1350278;3,030063987;0
20617;15;6,986528507;12;12,17740356;28,42176056;1,110830803;1,979712725;0
20618;15;7,431142647;15,5;12,21500709;28,42572021;1,124133676;2,704171777;0
20619;15;5,069564703;9,333333333;9,690086148;28,47476578;1,004129897;0,838522434;0
20620;15;6,645499532;12,16666667;12,59848199;28,48248863;1,081686025;1,973138571;0
20621;15;5,302517683;9,333333333;12,78080089;28,4877758;0,987034189;1,028667688;0
20622;15;4,110568056;5,333333333;13,68332537;28,49699783;0,974608377;0,155556917;0
20623;15;5,963881025;11,33333333;12,84855811;28,50800896;1,056923531;1,509475946;0
20624;15;4,511941318;35;13,72652504;28,52106476;1,021070139;5,65884161;0
20625;15;9,607891382;23,66666667;10,78731787;28,52165413;1,120892403;3,821665525;0
20626;15;4,329880777;5,333333333;12,15055114;28,53754807;0,972353068;0,231039405;0
20627;10;7,115552465;11,5;11,46175251;28,55116272;1,025573049;1,116532326;0
20628;15;3,438245174;11,33333333;13,02781082;28,55182266;1,050854317;1,666903973;0
20629;15;7,450450138;20;11,3723724;28,56201363;1,05309125;2,572048068;0
20630;15;9,935169341;24,16666667;13,84386342;28,57587814;1,080973022;4,114140987;0
20631;15;8,359703984;16,16666667;12,84807592;28,60484314;1,138710629;2,512869954;0
20632;15;7,529314557;10,16666667;12,91272657;28,60912514;1,025098695;1,710935593;0
20633;15;8,369644569;16,66666667;12,33566035;28,64388847;1,13704918;2,883501172;0
20634;15;3,218125112;5,166666667;14,6745913;28,64669991;0,982489203;0,085455775;0
20635;15;12,59354164;28;11,49576766;28,65994072;1,43016879;6,276051641;0
20636;15;4,469563675;8,333333333;13,81211108;28,67116165;0,978987478;0,63489306;0
20637;15;4,281788832;6,166666667;13,30684832;28,67484474;1,021115624;0,337715149;0
20638;10;5,161636413;10,5;14,84739616;28,68524933;1,031562233;1,064091563;0
20639;10;11,8980586;32;12,37515133;28,69780159;1,093146133;3,970631957;0
20640;15;5,032053882;7;13,04051772;28,70164299;1,024708186;0,789662242;0
20641;10;6,840194318;13;12,9984553;28,71385765;1,10865962;0,837981343;0
20642;15;8,373700699;11;12,03407413;28,72032547;1,129661017;2,245405078;0
20643;15;4,597243338;6,333333333;11,84300304;28,72090721;1,006865856;0,245524049;0
20644;15;5,988632661;12,16666667;12,43702973;28,72426414;1,059243743;1,856272101;0
20645;15;4,236544695;16;14,40603837;28,72443199;1,171737878;3,26668787;0
20646;10;5,35219899;11,66666667;13,77024263;28,73304749;1,024689987;1,232345343;0
20647;15;3,668189264;9,166666667;12,82664599;28,74865723;1,107634734;2,020567417;0
20648;15;5,448755521;9,166666667;11,47315983;28,77641296;1,047960503;1,031772971;0
20649;10;6,790468203;10;11,72068195;28,77728653;1,020999492;0,951218009;0
20650;15;4,956187819;9,333333333;11,81452627;28,78558731;1,063192178;1,051860571;0
20651;15;5,010148365;21,83333333;12,35395909;28,78948593;1,032782686;2,974722028;0
20652;15;8,13502972;15;10,76654372;28,80526924;1,074021956;2,191040277;0
20653;15;5,773144843;9,166666667;11,45340795;28,88613701;1,001780947;0,854200482;0
20654;15;6,678663276;20,5;12,10871354;28,89306831;1,237722055;4,037441254;0
20655;15;3,506619908;6,333333333;11,82773063;28,9422226;1,01621257;0,483339429;0
20656;10;12,96017145;51,5;11,22471335;28,943964;1,184895805;3,027571678;0
20657;10;5,252875969;6,166666667;11,99564356;28,95899582;0,961118488;0,240657926;0
20658;15;9,419299667;60,33333333;11,21154768;28,98068237;1,433907956;12,07685125;0
20659;15;16,6006671;52,83333333;10,81118359;28,98814964;1,16437465;9,073400378;0
20660;15;4,613482376;8;11,2461516;28,99944305;1,040585664;0,851072669;0
20661;15;11,4201034;26,83333333;11,68401801;29,00588036;1,219269278;5,268891692;0
20662;10;4,807730771;5,333333333;12,23744831;29,00829124;0,931655198;0,110330939;0
20663;10;4,739181149;5,333333333;11,58515941;29,01018143;0,948415392;0,125065446;0
20664;15;4,647355556;6;10,98568908;29,02728271;1,004889908;0,253153682;0
20665;10;6,928187444;8,166666667;11,53937793;29,03927994;1,012202275;0,848267674;0
20666;15;4,996783891;15,5;13,81791212;29,04771614;1,160578435;3,632824063;0
20667;15;8,514130123;14,5;11,75820728;29,06575012;1,051876062;1,922510862;0
20668;15;3,348180281;6;12,1103695;29,06579208;1,000811306;0,346214056;0
20669;15;6,942629431;15,33333333;11,86053497;29,09217072;1,083104975;2,448163867;0
20670;15;11,72188434;31,83333333;12,24683224;29,09683609;1,141196314;5,381307125;0
20671;10;5,62355101;6,166666667;12,0366067;29,12384415;1,00388107;0,381407619;0
20672;10;5,621700948;7,833333333;11,96318154;29,1319561;1,000765172;0,908411503;0
20673;15;4,638304847;5,666666667;11,92783931;29,1426506;1,008329138;0,382721424;0
20674;15;5,44070235;8,333333333;12,62125064;29,19216347;1,004486711;0,866357684;0
20675;15;4,824987222;7;11,41221904;29,20580292;1,044138561;0,708053589;0
20676;15;5,041282046;12,5;12,68983476;29,20837021;1,053182614;2,12291646;0
20677;15;3,362607679;5,444444444;13,43039908;29,24597359;1,004463218;0,087877989;0
20678;15;7,237032903;14;12,50300006;29,24865723;1,117257535;2,28489089;0
20679;10;5,149954082;6,333333333;13,74217885;29,25208282;0,989430189;0,49682045;0
20680;15;5,818698761;8,5;10,45564559;29,252388;1,023972419;0,645738363;0
20681;10;4,884213708;6,5;13,11825352;29,2666378;0,989654109;0,324721694;0
20682;15;28,24070329;90,33333333;10,17404549;29,29186058;1,204947098;14,49269664;0
20683;15;7,076394919;12,16666667;11,28701426;29,2930336;1,121956164;1,7778759;0
20684;15;4,616306228;7,333333333;12,89545628;29,31233597;1,038759932;0,812198281;0
20685;15;4,168722289;16;13,08288915;29,38166618;1,266943691;3,794278979;0
20686;15;5,284990159;7,5;12,74675131;29,40122032;0,992578169;0,796852708;0
20687;15;4,353477611;6,166666667;11,85055024;29,40499496;1,010810252;0,342844129;0
20688;15;3,217391014;6,166666667;12,78032751;29,40608788;1,003358517;0,558191419;0
20689;15;4,791745373;6,333333333;12,31661165;29,41356277;1,012109484;0,469485402;0
20690;15;4,625223067;6,833333333;11,86043301;29,42427063;0,99316611;0,538311481;0
20691;10;6,057380068;9,5;12,8933423;29,4396801;1,03668172;1,11875546;0
20692;15;11,06860688;24,66666667;11,0600261;29,45726776;1,239112674;5,027739644;0
20693;15;16,76449783;53,83333333;10,79467944;29,46153069;1,010355779;6,838021517;0
20694;15;5,210062855;8,333333333;12,13753769;29,52278709;1,03680109;1,35461688;0
20695;10;5,310944983;6,833333333;12,35519191;29,53514481;0,981651439;0,501997709;0
20696;10;3,745683915;5,666666667;13,50530112;29,55372238;0,939619384;0,225435019;0
20697;10;4,673716667;5,333333333;13,10683776;29,56212425;0,882753404;0,045238614;0
20698;15;4,052869637;5,666666667;13,94214255;29,56775475;0,755647823;0,125081897;0
20699;10;3,577009896;5,333333333;14,89398632;29,57232857;1;0,096311092;0
20700;15;13,58650046;39,83333333;12,07901804;29,60305405;1,231681043;6,857420325;0
20701;15;3,78419714;5;12,25479028;29,62411308;0,951274363;0,004481435;0
20702;15;5,63506773;9,166666667;12,62242065;29,63458633;1,092387972;1,353366613;0
20703;10;5,601562338;9;13,86838285;29,63788986;1,001116071;1,001467586;0
20704;10;5,872088663;7,666666667;11,36493495;29,67367554;0,996451056;0,632670641;0
20705;15;5,378686192;8,166666667;12,60138513;29,67695045;1,073143259;1,513354659;0
20706;15;4,954759905;9,333333333;13,43381754;29,69783592;1,071536016;1,404696465;0
20707;15;5,014967665;8;12,56919565;29,71713066;1,060658573;1,045121908;0
20708;15;4,654196186;6,5;12,7338225;29,72119522;1,051146851;0,718320012;0
20709;15;3,241293326;5,166666667;14,81913207;29,73478508;0,961677804;0,042340994;0
20710;10;7,862668264;14,66666667;12,39219349;29,7397747;1,070788221;2,030457616;0
20711;15;5,912454954;9,5;11,95963045;29,81514931;1,050653653;1,371962547;0
20712;15;14,64528974;33,83333333;11,54323045;29,82785225;1,259444035;6,63713336;0
20713;15;5,247968051;6,833333333;11,64586173;29,82821274;1,064881343;0,612376332;0
20714;15;8,828381713;22,33333333;11,81714064;29,88645935;1,072645024;3,505997777;0
20715;10;4,907844256;6;12,81523162;29,90155792;1,000689821;0,237861991;0
20716;15;4,896283639;6,666666667;13,05349353;29,90193176;1,016480861;0,453663349;0
20717;15;5,109294342;10;13,44122812;29,91524124;1,051033197;0,945025563;0
20718;15;6,044216049;13,83333333;12,04988241;29,92540359;0,974849864;1,522421241;0
20719;15;4,19987208;5,333333333;11,86623458;29,93730545;0,963484792;0,129101515;0
20720;15;4,982475542;8,333333333;12,78021783;29,94348145;1,052192057;0,793812394;0
20721;15;3,275828016;13,83333333;11,91997831;29,94699097;0,995742745;1,710892439;0
20722;15;12,88065938;62,5;11,46051084;29,98065567;1,044835325;9,079481006;0
20723;15;7,656962276;17,33333333;12,46444372;29,99487114;1,194768327;3,676418781;0
20724;15;3,617847294;10;12,32796449;30,01159096;1,147624036;2,183317304;0
20725;15;6,702371948;10,66666667;11,99896556;30,03254509;0,999502414;1,373570681;0
20726;15;3,37173841;5,833333333;11,08903692;30,05865288;0,942747421;0,134587646;0
20727;15;3,300347244;9,666666667;10,98969306;30,06287575;0,976835087;0,815914273;0
20728;15;5,795044871;9,166666667;11,53070269;30,06601906;1,035393098;1,19666481;0
20729;15;3,20430237;7,5;12,55626269;30,08358955;0,960203277;0,493294954;0
20730;10;5,270201968;8,833333333;14,48193198;30,10007668;0,9761341;0,615367055;0
20731;15;3,34296916;6,5;13,51226049;30,10187149;1,020428096;0,618590236;0
20732;10;7,741948186;11,66666667;10,5819053;30,10458755;1,010127252;1,287918568;0
20733;15;4,347659052;7,166666667;14,92132234;30,10705185;1,041066738;1,011291027;0
20734;15;6,057291869;31,5;13,60755018;30,10759926;1,102790616;4,969708681;0
20735;10;6,116260558;8,5;11,62752836;30,12373734;0,998407977;0,957120657;0
20736;10;8,604429435;12,33333333;10,51119355;30,15266037;1,063829595;1,694321513;0
20737;10;3,585238899;7,666666667;13,02168542;30,15349579;1,052273698;0,646384001;0
20738;15;3,272179466;6,166666667;9,371720622;30,17069054;0,924448349;0,25736022;0
20739;15;6,61013331;17,66666667;10,72833809;30,17105675;1,034572527;2,268394709;0
20740;15;4,523682635;6,5;11,65936795;30,1844902;1,01381869;0,632255912;0
20741;10;3,525673683;5,666666667;11,57323221;30,18839073;0,933043018;0,139502168;0
20742;20;6,358383129;10,33333333;12,47648233;30,22829247;1,088918217;1,938517213;0
20743;10;5,298237451;5,666666667;12,57256206;30,23364639;1,005602241;0,31521821;0
20744;15;8,694206929;30,16666667;13,034435;30,25361633;1,373620645;6,329154491;0
20745;15;5,102062203;10,33333333;12,7758655;30,28359413;1,055648347;1,544708729;0
20746;15;3,361557454;6;11,17844439;30,29437828;0,994354684;0,354943633;0
20747;15;4,435259135;8,166666667;14,38300008;30,33059311;1,012833525;0,862338066;0
20748;15;4,181191132;6,166666667;13,14238027;30,39765167;1,021861526;0,572842598;0
20749;15;6,067165568;8,833333333;11,55039727;30,4342823;1,072931751;1,42465508;0
20750;10;5,920773086;6,666666667;12,80473374;30,45207214;1,02006775;0,518148661;0
20751;15;6,189777812;12,33333333;9,766576563;30,4546299;1,049131431;1,639624119;0
20752;15;4,903967235;6,666666667;11,0130875;30,47023201;1,002105458;0,471971035;0
20753;15;7,5582157;20;12,46769155;30,47100449;1,209705636;3,765199184;0
20754;15;3,320621613;5,5;13,28157277;30,49713135;0,979825776;0,208620071;0
20755;10;4,619886651;6,833333333;14,92059074;30,52001572;0,992018688;0,482056141;0
20756;15;4,802010136;7,5;13,66671539;30,52330971;1,020624539;0,87672472;0
20757;15;4,561572155;6,5;13,0479232;30,53709793;0,972437396;0,581291318;0
20758;15;5,815910926;13,66666667;11,87742427;30,55308342;1,056658552;1,946004391;0
20759;15;5,839867482;10;11,28666429;30,56005287;1,065087455;1,286660552;0
20760;15;5,696002667;12,5;12,40257613;30,56033516;1,03521005;2,072043061;0
20761;15;5,135678973;10;14,38681409;30,5741024;1,050245144;1,538828731;0
20762;10;11,34812359;23,66666667;11,64640733;30,59141922;1,107949058;3,719228268;0
20763;15;4,732339711;6,333333333;12,46277532;30,61270332;1,028708904;0,466565371;0
20764;15;5,561413894;8,333333333;12,95017399;30,61777878;1,071124586;2,034777641;0
20765;15;4,970727423;7,5;11,77163423;30,63631248;1,018382561;0,855636358;0
20766;15;4,429230175;8,5;11,78157762;30,6383667;0,98325746;0,594800711;0
20767;15;6,736370359;16,80327869;11,74203513;30,64899254;1,058885455;2,216004848;0
20768;15;4,861400588;8,666666667;13,60591506;30,64964294;1,034214319;0,783924341;0
20769;15;4,685601596;6,666666667;9,468057941;30,67741203;1,008188503;0,50744617;0
20770;15;5,623088488;9,166666667;10,94958235;30,70241928;1,037077251;0,873960018;0
20771;10;5,646587824;7,833333333;13,00861527;30,70409393;1,010177423;0,745856285;0
20772;15;3,500235005;6,166666667;12,73677932;30,73002625;1,023953259;0,5405792;0
20773;10;4,607158086;24,66666667;11,1599959;30,75177956;1,068334798;3,35951674;0
20774;15;4,558780799;6;12,15732366;30,760149;1,003115457;0,597417951;0
20775;15;5,608385742;9,5;12,60630629;30,76146507;1,078294104;1,586025834;0
20776;15;4,576065278;6,333333333;11,52547686;30,76597977;1,024179607;0,48235786;0
20777;10;5,3305556;5,5;11,41710408;30,78434372;1,000022783;0,161081314;0
20778;15;3,584679667;11,33333333;10,23385986;30,78874207;1,04619223;1,292798519;0
20779;15;9,966804449;24;10,90265605;30,79271698;1,162079665;4,557278156;0
20780;15;4,524904067;8,5;11,33285858;30,80151367;0,963855759;0,758166075;0
20781;15;12,40044477;38,33333333;12,11704251;30,8031292;1,379576484;8,870078087;0
20782;15;5,952735491;11,5;10,91762687;30,86320496;1,018022144;1,480351448;0
20783;15;4,448028192;6,166666667;13,38271617;30,87689018;1,021499121;0,626974821;0
20784;10;5,230705457;6;12,49701027;30,9321003;1,001765836;0,213371038;0
20785;15;4,153258949;5,166666667;12,48968441;30,9782505;1,00105713;0,164359689;0
20786;15;5,394476894;8,333333333;12,64802606;31,00204277;1,073734795;1,585468769;0
20787;15;7,143321941;36,83333333;12,27857397;31,00217628;1,11996784;7,264098644;0
20788;15;4,05965692;6,333333333;10,97660251;31,00813675;1,035902479;1,12926054;0
20789;15;4,679687185;7,666666667;12,97805208;31,02205276;1,0525492;0,746058106;0
20790;15;3,429763068;8,666666667;12,20307454;31,02358818;1,102945401;1,405790329;0
20791;15;9,655593891;15,83333333;12,89609365;31,02470779;1,219269064;4,568016529;0
20792;15;13,55009722;38,66666667;12,43626813;31,02828407;1,488952569;10,29181099;0
20793;10;4,977789402;13,5;14,02107927;31,04053879;0,918940251;1,193364501;0
20794;15;3,876105592;5,166666667;14,32313477;31,04153824;0,983531565;0,047695637;0
20795;15;4,222562708;12,83333333;12,68076787;31,09218407;1,080152251;1,953280687;0
20796;10;8,983209222;17,33333333;10,49929373;31,11707878;1,056222784;2,119810462;0
20797;15;4,411596033;5,5;12,80227177;31,15949059;0,968992154;0,298203826;0
20798;15;5,708780738;14,83333333;12,37586727;31,21087646;1,015920951;1,578330636;0
20799;15;3,191727241;7;12,91769653;31,21725655;1;0,596430421;0
20800;10;4,95093818;6;12,85682784;31,24623871;0,989106251;0,271574497;0
20801;15;4,417403167;6;12,02999775;31,26148033;0,998314255;0,326630473;0
20802;15;3,507628655;8,666666667;11,85048391;31,28315163;1,072143906;1,445655704;0
20803;15;6,478115238;13,66666667;11,42431868;31,2960968;1,029463691;1,857804298;0
20804;15;8,147995751;19,83333333;12,25564681;31,31314468;1,157598246;3,746322989;0
20805;15;6,562039658;14,83333333;11,87790613;31,34686279;1,068034513;2,435371518;0
20806;15;4,702232503;5,833333333;13,1777095;31,36875534;1,005333636;0,331277609;0
20807;10;5,239521149;7,5;12,64244492;31,37084198;1,000060147;0,062179923;0
20808;15;5,399307813;7,5;12,48772258;31,37379646;1,031518917;0,566224575;0
20809;15;3,995324598;5,333333333;14,46483972;31,40661049;1,002794006;0,147811532;0
20810;15;4,199054868;7,166666667;11,79425037;31,40756989;0,947530641;0,688303113;0
20811;15;3,194121709;5,666666667;11,64445122;31,4365654;0,937233443;0,130942464;0
20812;15;8,313514005;23,83333333;11,13151649;31,44529343;1,024591601;3,878144264;0
20813;15;3,708477447;16,5;12,58755763;31,48106194;1,11553336;2,894602895;0
20814;15;4,408725369;5,666666667;11,61428572;31,49282074;0,926216893;0,302749157;0
20815;15;11,24146017;29,5;10,51056813;31,52079391;1,256641976;5,814447165;0
20816;15;3,292696409;5,333333333;11,92041969;31,52873802;0,995502815;0,099006891;0
20817;15;4,190969315;5,833333333;14,16342116;31,54771233;1,034739552;0,336118221;0
20818;15;4,734369192;7,166666667;11,52254921;31,55094528;1,00432809;0,482644081;0
20819;15;4,164669824;6;13,61516767;31,62260437;0,986667566;0,385825872;0
20820;15;5,150155629;7,5;10,92336798;31,64507103;1,00104903;0,673171043;0
20821;15;5,702313438;12,16666667;11,33363721;31,67571449;1,056998736;1,641848326;0
20822;15;4,321249073;10;14,88916706;31,69757652;1,011623619;1,036573172;0
20823;10;3,983532372;8,166666667;11,83311361;31,74018669;1,042833016;1,560703397;0
20824;10;8,05641037;12,16666667;11,40708826;31,76739883;1,027758067;1,491883993;0
20825;10;8,399930804;8,833333333;13,14423816;31,78099632;1,050270266;0,939308882;0
20826;15;8,213422394;13,66666667;11,88711297;31,79391098;1,100676838;2,576876402;0
20827;15;4,040449931;5,166666667;13,91595619;31,81757355;1,000230681;0,016446233;0
20828;10;5,774304743;12,16666667;13,30051122;31,82112503;1,000779312;1,573457241;0
20829;15;5,673773016;8,666666667;13,26481367;31,82376099;1,086818108;1,098268867;0
20830;15;4,622098385;8,5;13,18080619;31,82442474;1,043508263;1,112992644;0
20831;15;10,01608229;23,16666667;11,32774545;31,83592415;1,24209424;4,195312381;0
20832;15;4,691863225;21,16666667;12,42418127;31,87779045;1,043680511;3,053186774;0
20833;10;6,077912115;10,16666667;12,96943181;31,88429832;1,030969487;1,132836819;0
20834;15;5,720446826;12,33333333;13,3214227;31,914711;1,158129934;2,537941098;0
20835;15;4,742161672;7,666666667;12,83325822;31,9266777;1,041898373;0,715222955;0
20836;15;3,276674784;5,166666667;13,32614251;31,92940903;0,846478833;0,1121943;0
20837;15;6,417167931;8,666666667;12,40774301;31,93264771;1,085139291;1,618454456;0
20838;10;6,997820343;13,83333333;10,54570309;32,00161743;1,008093603;1,599392653;0
20839;15;4,537386688;6,833333333;13,76353206;32,02152634;0,96552469;0,460663557;0
20840;10;5,075311559;5,5;11,4990966;32,03587723;1,001169369;0,347462773;0
20841;15;6,979972188;15,83333333;12,85319031;32,04183578;1,033234991;2,502878904;0
20842;15;4,93413642;9,333333333;12,42466169;32,08862686;1,077135528;1,445616364;0
20843;10;4,857529692;5,333333333;13,83377467;32,09554291;0,917369733;0,139225125;0
20844;15;5,134631234;9;12,51514643;32,11219025;1,050887361;1,231984377;0
20845;15;5,103506319;7,166666667;12,04068039;32,1171875;1,057977659;1,35306108;0
20846;10;7,98900291;10,33333333;12,5865749;32,12435532;1,082070819;1,591315627;0
20847;15;4,052253492;5,666666667;12,74768099;32,14692688;0,988082149;0,192856073;0
20848;15;4,415001185;5,833333333;12,62829002;32,1724968;1,006811916;0,50563693;0
20849;15;6,085193797;9;10,68456206;32,18917465;1,116200552;0,99838686;0
20850;15;4,864972488;9,166666667;12,42805915;32,19508743;1,062058951;1,992344499;0
20851;15;4,088049144;9;11,12057064;32,20101547;1,007763461;1,178956151;0
20852;15;7,465042201;20,5;12,49525041;32,24462509;1,11538808;3,521674156;0
20853;15;5,827767861;35,16666667;13,49994524;32,2771759;1,102905194;5,643660188;0
20854;15;6,473596591;11,33333333;12,17670752;32,28255463;1,101373864;2,031536818;0
20855;15;9,831875991;34,16666667;12,29672278;32,28391647;1,009388652;5,364849567;0
20856;10;5,773084025;7,5;12,38220973;32,29708099;0,901704313;0,355657935;0
20857;10;5,485747787;5,666666667;10,381337;32,37311935;1,004454833;0,228849173;0
20858;15;6,102230556;24;11,81345675;32,40434647;1,034264323;3,5602988;0
20859;15;5,159561849;7,833333333;13,16119202;32,46186066;1,079190753;1,50049758;0
20860;15;4,442356951;5,833333333;12,34029174;32,47576141;1,011538035;0,423578978;0
20861;15;5,828219282;10,5;13,29922274;32,56106186;1,023994873;0,893012047;0
20862;15;5,894771631;10,66666667;11,7006229;32,62368011;1,028636238;1,638373256;0
20863;15;4,831531308;6,5;12,45458824;32,64441299;1,01519343;0,458420753;0
20864;15;10,10443464;18,16666667;11,41045182;32,65090561;1,182151106;4,279716372;0
20865;15;6,858271888;14,83333333;11,36415553;32,68562698;1,025169796;2,433698654;0
20866;15;6,581210417;10,16666667;10,35095268;32,71547699;1,049863278;1,247306108;0
20867;15;4,516695839;6,166666667;13,21070307;32,71773148;1,028986313;0,794041753;0
20868;15;6,616573504;20,33333333;12,0950836;32,73557281;1,123620788;2,868439794;0
20869;15;3,257649665;8,666666667;14,44458347;32,77150345;1,060450218;1,016616464;0
20870;15;4,645405049;6,666666667;12,92252069;32,77338791;1,077064183;0,647741795;0
20871;15;4,06329715;5,666666667;13,15572528;32,77368546;0,90952622;0,168455005;0
20872;15;3,644849403;11,83333333;12,08707608;32,80274963;1,064443828;1,981540561;0
20873;15;3,932217526;58,16666667;11,39488573;32,83930969;1,309118207;11,26428854;0
20874;15;11,1308583;46,33333333;10,02349795;32,87725067;1,188112409;8,157760501;0
20875;15;8,99337355;15,5;12,82034745;32,93707657;1,231425386;3,855580926;0
20876;15;11,30137916;35,83333333;12,93382208;32,96756363;1,46013078;10,36834872;0
20877;15;6,25713598;11,33333333;12,96474108;32,99541092;1,03956758;1,07610023;0
20878;15;5,167206407;8;10,32511814;33,00527191;1,005248818;0,711340308;0
20879;10;5,899548819;16,33333333;13,56716518;33,03125381;1,033566174;2,627668738;0
20880;15;3,933709544;12,33333333;14,67489479;33,18468475;1,008207468;1,931637406;0
20881;10;6,91775524;18;11,88222475;33,22710037;1,008276165;2,380477071;0
20882;15;3,852655334;5;14,38478516;33,2480011;0,973845298;0,006936073;0
20883;15;3,24415717;9;12,32101336;33,27563477;1,027599073;1,061926723;0
20884;15;4,776933834;7;12,5437423;33,35502243;0,982289853;0,623468637;0
20885;15;8,244085642;26,5;10,30931835;33,3575592;1,010358214;4,307382107;0
20886;15;4,667130941;6,333333333;11,56188094;33,36735916;1,000421086;0,50086391;0
20887;15;3,317500206;5,666666667;11,1222102;33,40772629;1,000277034;0,171952724;0
20888;15;5,87588607;10,33333333;12,93928029;33,43917084;1,055485758;1,691218495;0
20889;15;4,834126504;8,166666667;13,10328776;33,46680832;1,081876801;1,30461216;0
20890;15;4,488244638;7,166666667;13,03087292;33,57095337;0,970010233;0,557638407;0
20891;10;5,254475257;5,833333333;12,4022683;33,73093033;0,928478876;0,161046147;0
20892;15;4,93412308;14,33333333;13,53625342;33,75067902;1,015290372;2,610648036;0
20893;15;3,415998748;22,33333333;10,09504325;33,75717163;1,030282323;3,294526219;0
20894;15;4,228878321;6,166666667;12,73846688;33,78661728;1,036550131;0,446500421;0
20895;15;5,085525115;9;12,56352749;33,79809189;1,057821016;1,886838675;0
20896;15;3,273371059;5,666666667;14,69847298;33,83181381;1,035233153;0,589779496;0
20897;15;3,625218133;8,833333333;11,54378822;33,87241745;1,031894607;0,834655523;0
20898;15;5,443705303;10,16666667;12,62651152;33,88869858;1,035274584;1,886734128;0
20899;10;3,569390102;5,333333333;13,14506265;33,95537949;0,905828558;0,063252687;0
20900;15;3,309156853;12,5;12,84188077;33,96502686;1,055666222;2,497665644;0
20901;10;5,801309999;9;13,01187093;33,96853638;1,025262004;1,121483803;0
20902;15;4,663796363;6,5;12,68784597;33,97732162;1,01712095;0,519032001;0
20903;10;5,737944704;10,16666667;12,60130494;33,99660492;1,024799617;1,14617157;0
20904;15;8,455862132;47,66666667;10,76469472;34,06472015;1,092217921;8,056319714;0
20905;15;5,928752347;35,83333333;14,49379417;34,09605408;1,206828791;7,318930268;0
20906;15;4,988857382;6,333333333;11,7278881;34,09703827;1,0439993;0,848429561;0
20907;15;4,136740744;5,5;11,67779933;34,10664749;0,957296683;0,116392493;0
20908;15;4,84239252;9,166666667;12,19038281;34,14826584;1,019994568;1,284204125;0
20909;15;4,275369928;6;13,83007222;34,15516281;0,998629092;0,735553145;0
20910;20;9,696343553;44,5;11,67982505;34,1578331;1,172806341;8,835174203;0
20911;15;9,552056865;53,5;12,05264502;34,16101074;1,147296588;10,82907057;0
20912;15;3,580585348;15;12,53370429;34,21543503;0,95940939;1,555726886;0
20913;15;5,208334549;8,333333333;11,9724588;34,22013092;1,034513951;1,054367065;0
20914;15;13,01415116;27,5;10,90817152;34,24243927;1,153260608;5,34642148;0
20915;15;7,111859646;21,33333333;12,47649793;34,25635147;1,076927959;3,395326972;0
20916;15;5,40734381;14,66666667;12,95204698;34,30588913;1,072882354;2,802507877;0
20917;15;8,343597965;58,66666667;11,48397415;34,36928558;1,081098156;11,04935884;0
20918;15;4,115940916;8,166666667;11,89118056;34,40864944;0,992437317;0,839710355;0
20919;10;5,957382725;7,833333333;11,05846978;34,43961716;1,003717922;0,680531383;0
20920;15;4,234451608;5,833333333;12,95321674;34,45286942;0,988797435;0,225484014;0
20921;15;3,396377086;9,333333333;13,59213794;34,51966858;1,069168212;1,188591361;0
20922;15;4,18754205;11,5;12,69952727;34,57516861;0,978153403;1,106704354;0
20923;10;5,023503705;6,166666667;12,50810875;34,58001328;0,998278877;0,298871994;0
20924;15;6,078349098;13,16666667;11,06852177;34,59749222;1,005782679;1,829954267;0
20925;15;4,839884995;6,666666667;13,01785849;34,6061058;1,067422259;0,795701265;0
20926;15;4,833971224;7,5;13,42291385;34,61604309;1,072375988;1,027247787;0
20927;15;4,393080054;6,5;14,02533267;34,6635704;1,004381288;0,358073354;0
20928;10;7,716726127;11;10,79662442;34,66880417;1,086367914;1,622070789;0
20929;15;4,676333411;6;11,2963506;34,75406647;1,014290399;0,512543917;0
20930;15;4,35857459;25,66666667;14,00764233;34,81376266;1,027112865;4,117711425;0
20931;10;6,745635235;7;11,94680592;34,82775879;1,037087835;0,533696294;0
20932;15;3,914861051;5,333333333;14,84545275;34,84427261;1,030779987;0,237745166;0
20933;15;4,967101252;6,833333333;11,04569302;34,91607666;1,02673999;0,791115642;0
20934;15;6,337706761;10,16666667;12,56816962;34,95178986;1,100665305;2,354575753;0
20935;10;4,740855158;6;13,54639474;34,95707703;0,917654122;0,337564707;0
20936;15;3,322320603;8;13,04688194;35,01664352;1,01312662;1,103136301;0
20937;15;4,568015278;6,5;13,06381432;35,02542877;1,048067917;0,803601623;0
20938;15;9,973368646;87,16666667;11,89360049;35,06282043;1,175023903;16,1500361;0
20939;15;5,631093832;11,83333333;13,28664587;35,07469177;1,07035259;1,677111983;0
20940;15;5,175197568;11;13,47670255;35,1321907;1,076955674;2,256430507;0
20941;15;7,882039239;14;12,36465784;35,22169876;1,12790791;3,00821805;0
20942;15;3,393066126;16,16666667;13,26311496;35,23337936;1,122707412;3,521603942;0
20943;15;6,699181796;11,5;12,31356781;35,29056168;1,078929427;2,623079062;0
20944;15;5,294306499;7;13,1822703;35,31300354;1,036643164;1,193297744;0
20945;10;8,695245248;25,83333333;12,91801292;35,3543129;1,169754449;5,047436118;0
20946;15;3,630869261;7,166666667;12,17184182;35,40487671;1,008096519;0,692615747;0
20947;15;5,133869392;13;11,44453219;35,45569229;0,984250687;1,58539021;0
20948;15;6,819949065;20,66666667;11,68661263;35,50901413;0,994049645;3,486975312;0
20949;15;4,296302691;5,833333333;12,8875391;35,54024506;1,009446662;0,546440363;0
20950;15;5,974294905;8,333333333;11,96312504;35,54494095;1,06142079;1,358325958;0
20951;15;6,677353238;13,33333333;11,86466964;35,55907059;1,069221446;1,660426259;0
20952;10;3,842198611;11;13,09111807;35,56953812;1,015461054;1,356255412;0
20953;10;4,963157912;5,166666667;13,29730172;35,6819458;0,861784463;0,050205469;0
20954;15;5,224823874;7,5;12,2952825;35,68778992;1,027838554;0,925330758;0
20955;15;5,05235905;7,333333333;12,74333792;35,6917305;1,003257329;0,221470118;0
20956;15;3,972563783;6,166666667;13,08452393;35,69226456;1,011849575;0,529367089;0
20957;15;4,698526585;7,5;9,850246128;35,6990242;0,947817813;0,474765182;0
20958;10;5,009152482;6;11,5338277;35,70826721;0,99352671;0,326012254;0
20959;15;5,616664514;10,33333333;11,79719587;35,76995087;1,00153822;1,224379659;0
20960;15;4,622614727;8,666666667;13,52984182;35,77328491;1,032827445;1,101948857;0
20961;15;3,241880087;9,5;12,85322625;36,0629921;1,024911545;1,681162477;0
20962;15;4,290795346;5,5;11,99469602;36,06744003;0,985907753;0,478276014;0
20963;15;7,069448222;15,83333333;12,24977997;36,06993484;1,148854367;3,35858655;0
20964;15;5,633332759;9,666666667;11,5504562;36,09790421;1,007673616;1,174241543;0
20965;15;4,216014893;5,833333333;11,10933983;36,12188339;0,976650254;0,218653321;0
20966;15;4,207993056;5,5;14,65554039;36,12434769;1,003694321;0,673906207;0
20967;15;4,424397909;13,83333333;10,93689574;36,15121078;1,028248473;2,180473566;0
20968;15;5,100524907;11,66666667;11,97298837;36,3067131;1,020021924;1,627040029;0
20969;15;3,227596574;12,83333333;12,38849652;36,33384705;0,966177592;1,723307014;0
20970;15;12,70664109;75,33333333;12,22748472;36,34549713;1,49586621;19,75885427;0
20971;15;7,64100163;17,16666667;11,78605317;36,44698334;1,029119453;3,075944901;0
20972;15;4,400469766;5,333333333;11,46717427;36,49776077;0,994959708;0,282567382;0
20973;15;5,501020024;12,16666667;12,94622681;36,57093048;1,076032651;2,364269137;0
20974;15;4,384608515;6,833333333;12,51961385;36,66242218;1,003187614;0,308102846;0
20975;15;4,072852208;5,666666667;14,63883765;36,69484711;1,01180182;0,195013642;0
20976;15;4,713899675;7,166666667;12,49034111;36,78026962;1,003787023;0,876274228;0
20977;15;3,37183743;15,5;9,914166704;36,86056519;1,064505757;2,283972263;0
20978;10;9,118023581;23,16666667;11,97310363;36,86528397;1,030253509;4,745912075;0
20979;15;3,981073698;5,666666667;14,48034093;36,88921356;1,017268242;0,172273517;0
20980;15;4,361193174;5,666666667;12,69024261;36,93886948;1,003053836;0,370264649;0
20981;15;3,929854621;5,166666667;13,81101565;36,96928024;0,999056349;0,032414317;0
20982;15;5,344846696;10,5;12,88083738;37,00365829;1,108078767;2,534853578;0
20983;15;3,387557166;6,5;13,18471993;37,02133179;1,009730661;0,599924564;0
20984;15;4,309326767;6,333333333;12,59199919;37,07446289;1,008768511;0,394463539;0
20985;15;4,363621351;5,666666667;10,1728029;37,1479454;1,010264467;0,170855761;0
20986;15;4,81547379;5,333333333;12,19553539;37,25353622;1,004127858;1,057607532;0
20987;15;4,845143824;7,166666667;12,69060392;37,28156662;1,022152617;0,880350947;0
20988;15;4,03554294;5,833333333;14,31757646;37,28956223;1,014682731;0,421170831;0
20989;15;5,964952133;17,66666667;12,24839798;37,35439682;1,074038447;3,40078938;0
20990;15;4,140964335;15,66666667;12,89953043;37,3574295;1,003954257;2,000156522;0
20991;10;4,823024546;5,833333333;12,18587733;37,48725891;0,957942316;0,198889732;0
20992;10;7,571558892;14,16666667;11,72762734;37,56968307;1,026386853;0,975397348;0
20993;10;3,717513216;5,333333333;10,37745965;37,61741257;0,918625678;0,070619464;0
20994;15;3,26850447;8,666666667;13,39625783;37,61827469;1,033243598;1,189338326;0
20995;15;3,959391349;5,833333333;14,64676546;37,63180923;1,000360517;0,360988855;0
20996;15;4,490449885;8,5;12,39476678;37,86288071;1,002509151;0,852995038;0
20997;15;4,15216256;6;14,09749902;38,09253311;1,000849227;0,385325193;0
20998;15;4,967243947;7,166666667;11,83877939;38,09971619;1,005482821;0,60918057;0
20999;10;6,216297094;7,5;11,59189098;38,15560913;0,963981726;0,960730314;0
21000;15;3,194162838;5,166666667;13,63739166;38,17845535;0,978639625;0,082368016;0
21001;15;6,421142064;10,66666667;13,91360057;38,21421432;1,082325361;2,069522381;0
21002;15;5,55607609;7,166666667;11,56285824;38,21542358;1,010572617;1,330286026;0
21003;15;5,430840703;10,33333333;12,50151271;38,22544098;1,02493496;1,935239196;0
21004;15;4,37274299;5,888888889;13,45628562;38,23830795;1,01631178;0,685581803;0
21005;15;5,141807401;7;12,78582571;38,27355957;1,050110053;1,303880334;0
21006;15;5,726753973;12,5;12,27424896;38,28017044;1,025125182;1,738623381;0
21007;15;5,364532753;14,83333333;11,56085351;38,2930336;1,028514267;3,010902405;0
21008;15;4,183585455;6,166666667;13,3479897;38,34183502;1,018806908;0,499664664;0
21009;15;4,602190339;9,666666667;12,331519;38,51332474;1,086895008;1,333218336;0
21010;15;5,234923929;12,33333333;11,08936074;38,53736877;1,033823413;0,958770394;0
21011;15;4,130446287;5,5;12,65391976;38,61484528;1,000996339;0,198864937;0
21012;15;6,135538988;13,66666667;10,99345857;38,63809204;1,058205452;2,095338225;0
21013;15;3,96718698;13,5;14,79947853;38,66333771;0,69257837;1,240519285;0
21014;10;5,571749533;7,333333333;13,11429288;38,75793839;0,980206729;0,911341548;0
21015;15;3,268723164;6,666666667;13,64182999;38,77242279;1,01319427;0,74534905;0
21016;15;3,202056103;5,333333333;13,48270412;38,7834549;0,988238564;0,26176548;0
21017;15;4,054938501;8,166666667;14,74380104;38,78809357;1,011515817;0,847635031;0
21018;15;3,31372252;5,833333333;13,35775721;38,83209991;1,007388048;0,46393311;0
21019;15;3,735846486;17,83333333;12,06244853;38,90502548;1,111914536;4,234867573;0
21020;15;3,958244442;5,5;12,23020222;39,01906967;0,960628446;0,158092976;0
21021;15;4,3015091;6,166666667;12,88205855;39,04745865;0,981036867;0,422625065;0
21022;15;5,037957273;5,833333333;11,58443358;39,14010239;1,037796359;1,372477889;0
21023;15;3,94372694;5,333333333;14,98330997;39,15979767;0,985120064;0,323273659;0
21024;15;11,44511458;27,33333333;10,22518501;39,16640854;1,10242005;5,646487594;0
21025;10;36,61771994;85,83333333;10,15638901;39,18151855;1,259066437;18,39979303;0
21026;15;4,86228024;12,66666667;13,13002195;39,24938202;1,024958545;2,296329498;0
21027;10;4,568910918;5;11,76881067;39,26477051;1;0,002139091;0
21028;15;9,129770601;36,33333333;11,03369116;39,50376892;1,207001992;8,175373673;0
21029;15;3,901331894;5,333333333;12,58487659;39,62150192;0,982895733;0,220665574;0
21030;15;5,165866459;25,66666667;12,54274114;39,64547729;1,072858361;5,251293302;0
21031;15;4,874592243;8,666666667;12,85280047;39,67211151;1,073821963;1,886776328;0
21032;15;3,245136663;15,83333333;13,7533727;39,722332;1,017286996;2,237609625;0
21033;15;4,397683544;6,833333333;12,43803838;39,81785202;1,000166316;0,770710111;0
21034;15;4,300689457;7,666666667;12,46153798;39,8592186;0,964432277;0,795078635;0
21035;15;4,515029958;11,16666667;13,16432132;39,89928055;1,005312364;1,999841213;0
21036;15;4,184473558;5,444444444;13,70489984;39,9307251;0,967810432;0,203942299;0
21037;15;7,213937331;18,33333333;11,74034163;39,97155762;1,082419814;4,242009997;0
21038;15;4,051282023;5,166666667;14,17677833;40,00304031;1,001364256;0,136509776;0
21039;15;5,418803075;13,33333333;13,23942799;40,02036285;1,058248339;2,505695224;0
21040;15;5,620614384;14,66666667;12,14794986;40,13500977;1,031939758;2,818012238;0
21041;10;5,978812095;7,166666667;10,8739937;40,42261887;1,003560097;0,449618459;0
21042;15;4,06957816;17,33333333;13,83467377;40,50049973;1,016134711;3,149158835;0
21043;15;3,885786991;6;14,96200799;40,54613113;0,997348994;0,498249173;0
21044;15;4,488815302;6,5;12,98831879;40,67526627;1,006513211;0,857217073;0
21045;15;4,116629054;5,5;13,50847375;40,69772339;0,990303107;0,38200593;0
21046;15;3,238373364;5,166666667;13,70693339;40,77804184;0,963809139;0,046270967;0
21047;10;6,060362345;10,83333333;13,43964515;40,91278458;0,989342891;1,929248214;0
21048;15;4,905352664;7,5;11,53732054;41,18677139;1,006394037;1,081904173;0
21049;10;8,763401791;17,66666667;11,35290708;41,22310638;0,988243127;2,910485268;0
21050;15;4,028272892;5,166666667;13,62083746;41,22603226;0,972981027;0,144413352;0
21051;15;4,194684761;6,166666667;12,84010824;41,25672531;1,00360413;0,494321585;0
21052;15;3,908367994;5,166666667;14,64828504;41,40887451;0,998903623;0,094446659;0
21053;15;3,946767204;6,666666667;14,03394529;41,40973282;0,970109001;0,554010034;0
21054;10;3,555543935;5,5;14,59324882;41,41081619;0,999957357;0,69456327;0
21055;15;3,31217402;18,83333333;13,13049182;41,61657333;1,023031964;3,777427316;0
21056;10;5,027407691;5,166666667;13,78270397;41,67470932;0,99858134;0,223803997;0
21057;10;5,276253975;6,333333333;13,95323361;41,74453735;0,979365231;0,613612175;0
21058;15;4,02804016;15,83333333;14,48110582;41,87731171;0,994090223;2,310957909;0
21059;10;5,945704719;5,5;12,06026584;42,03560638;1,014463207;0,900137186;0
21060;15;4,222957385;5,5;13,1042768;42,47146988;0,966833833;0,378722072;0
21061;15;4,52446104;7,833333333;12,37732097;42,57695007;1,004836175;0,791986585;0
21062;15;4,031473809;6;12,39384017;42,6314888;0,999068409;0,643120646;0
21063;15;4,33603045;5,5;11,8466411;42,78499222;0,999087843;0,36870563;0
21064;15;4,376032856;7,333333333;13,30494877;42,93431473;1,043877683;0,865380049;0
21065;15;4,969238481;7,833333333;11,25149319;43,02581024;1,002977573;0,542497277;0
21066;15;4,76081925;6,666666667;12,10240977;43,03648376;1,016316361;0,835010409;0
21067;15;5,646928917;41,33333333;13,25240852;43,04654694;1,10093895;8,69254005;0
21068;15;3,203265307;5,5;13,91649026;43,12787628;0,988356915;0,625736833;0
21069;15;9,372803735;34,83333333;12,63934251;43,15159225;1,270802068;9,731290936;0
21070;15;5,800000083;15,16666667;12,57841744;43,34339142;1,064938133;3,214298606;0
21071;15;4,116772805;6;12,84699156;43,43122864;1,001372013;0,498796463;0
21072;15;4,176531309;6,666666667;13,86971209;43,44483948;0,984956795;1,004747033;0
21073;10;5,167547337;7,166666667;13,20309016;43,51716614;0,954174859;1,339311242;0
21074;10;5,448088161;7,666666667;12,79622728;43,5700531;0,985559512;1,007803917;0
21075;15;4,19607308;7;13,36591093;43,70915604;0,99042066;1,006337166;0
21076;15;7,033565982;26,83333333;12,58033076;43,73754501;1,115017545;6,290685296;0
21077;15;6,087981804;19;12,94890884;43,77118683;1,095802325;5,03556025;0
21078;15;4,120619577;5,333333333;12,84671508;43,94148636;1,000885944;0,13572228;0
21079;15;5,876631259;22,5;13,48306073;44,04806137;1,081211001;5,905869365;0
21080;15;4,357115158;6,666666667;13,96118737;44,6277504;1,016347305;1,043212414;0
21081;15;7,00471706;13;10,14160679;44,65231705;1,018307879;2,275005817;0
21082;15;4,358900566;5,666666667;14,21478158;44,87837219;1,010753992;0,44601202;0
21083;15;5,37533397;13,83333333;13,31936632;44,90586472;1,01371811;2,53765595;0
21084;15;4,411339369;8,166666667;12,75513492;45,01165009;1,002025316;0,902609229;0
21085;20;7,222601011;22,5;12,92787435;45,06214142;1,056200505;6,07688868;0
21086;15;3,857413303;6;14,92105567;45,20146179;1,00041665;0,530464411;0
21087;15;3,900814911;5;13,05215162;45,82442093;0,795258621;0,001994014;0
21088;15;3,258933755;5,166666667;13,85424024;45,82941055;0,999594119;0,153996825;0
21089;15;4,609531927;6;13,46162694;46,10530853;1,040251299;1,183074951;0
21090;10;5,586668493;8,666666667;12,4126663;46,49977493;1,000244252;1,089605689;0
21091;15;3,983320384;14,83333333;14,9784513;46,51901627;1,013069596;2,555033088;0
21092;15;4,450178866;6,166666667;13,00861729;47,00547791;1,011061963;0,803064108;0
21093;15;4,119355896;5,166666667;14,8332247;47,29071808;0,906012409;0,116893411;0
21094;15;4,274364342;5,833333333;11,64128477;47,48453903;1,000498974;0,306453466;0
21095;15;3,341493493;7,833333333;11,55576927;47,51575851;0,948904977;0,888680816;0
21096;15;3,210081346;5,833333333;12,39120339;47,79715347;0,969692871;1,348154664;0
21097;10;3,739168751;15,66666667;13,74986658;47,81656265;0,967900925;2,818669796;0
21098;15;4,18895628;5,166666667;10,95463978;47,94598389;1;0,305579185;0
21099;10;3,590487745;10,5;12,82334503;48,06617355;0,935865685;1,961723208;0
21100;15;3,178957234;5,333333333;14,94399883;48,50570297;0,999261766;0,093564153;0
21101;15;4,6886134;18,33333333;12,54676321;49,06709671;1,013560131;3,700074196;0
21102;10;4,633478337;5,5;14,27900726;49,30913162;0,854599646;0,18626368;0
21103;15;4,231468459;5,833333333;13,495848;49,38655853;1,003872112;0,273213625;0
21104;15;5,932031281;21;11,64696017;49,46170425;1,013809746;4,270621181;0
21105;15;9,069413637;19,83333333;10,13163245;49,46580887;1,056004099;5,554658294;0
21106;15;3,360821897;6,333333333;13,22332015;49,54486465;1,012904245;0,871106625;0
21107;15;3,907389618;11,5;12,6830919;49,72306442;1,070599467;2,678882003;0
21108;15;4,057417169;5,666666667;13,77490543;49,88210297;1,002284184;0,302672267;0
21109;15;4,032535046;9,833333333;13,25421128;50,01420975;0,997244406;1,674370885;0
21110;10;7,279212821;13,66666667;12,60051906;50,8261528;1,019940047;1,445144296;0
21111;15;4,299490096;8;12,59052406;51,51650238;1,000302985;0,912386417;0
21112;10;4,758134635;5,166666667;10,8935894;51,89424133;0,982689887;0,056962013;0
21113;15;4,374694263;6,5;13,18280519;52,15364838;1,002098251;0,475081086;0
21114;15;10,02496108;45,83333333;11,64624132;52,24779129;1,162983244;12,78373671;0
21115;15;3,942418727;5,5;14,1283824;52,29842758;0,944342267;0,598607779;0
21116;15;4,568221624;9,166666667;13,31712954;52,35580826;1,022434342;2,156655788;0
21117;15;6,951934261;55,83333333;12,67371753;53,11558151;1,066399784;15,07243609;0
21118;15;4,212705663;9,5;13,94414166;53,8706398;0,955851823;1,969224811;0
21119;15;4,809778039;9,5;11,6230806;53,92286682;1,015664554;1,756345153;0
21120;15;4,303178413;21,66666667;13,41711363;54,49201965;1,017287514;6,02091229;0
21121;15;3,969828657;5,166666667;14,42679358;54,65299988;0,965384169;0,216765404;0
21122;15;5,266534421;43,33333333;12,05565233;54,6578331;1,010254384;11,72795331;0
21123;15;3,259651799;5,166666667;11,65261446;54,93740845;0,898420675;0,048929691;0
21124;15;4,443969121;8,666666667;13,79279848;55,16962051;1,107793294;2,003410459;0
21125;15;5,564225258;26,5;14,02343608;55,23705292;1,044603381;8,015126824;0
21126;15;4,687700961;8,5;12,59448957;56,2105217;1,005306319;1,21491158;0
21127;15;7,049948692;15;10,57551591;56,64689255;1,005815573;2,877748013;0
21128;10;5,09135717;6,166666667;13,8015932;56,66719818;1,00524435;0,14604044;0
21129;10;7,11580172;17;11,63958951;57,52333832;1,004051081;3,592890859;0
21130;15;4,734364961;7,166666667;10,7771453;58,35784531;1,002250656;0,393441677;0
21131;15;8,232273561;28,16666667;11,44699519;59,6974411;1,069920484;6,076628208;0
21132;15;4,110439298;8,333333333;14,14559298;61,12336349;1,056971271;1,755631924;0
21133;15;3,991017467;5,166666667;14,06486539;62,02148438;1,000196788;0,37578392;0
21134;15;4,08593495;5,666666667;13,52165041;63,48764038;1,002299778;0,564036369;0
21135;15;4,294464839;8,833333333;11,73669104;64,11333466;0,959819337;1,612828851;0
21136;15;3,236016729;6;12,44353455;65,45418549;0,951887919;0,398135185;0
21137;15;4,011053658;7,166666667;13,61856661;67,00859833;0,971537547;1,188269973;0
21138;15;10,98061206;70,83333333;12,30872715;68,91994476;1,150805352;26,42224598;0
21139;15;3,853511576;6,833333333;14,83155522;90,31726074;0,999866278;0,883210659;0
